#datatype,string,long,dateTime:RFC3339,dateTime:RFC3339,dateTime:RFC3339,double,string,string,string,string,string
#group,false,false,true,true,false,false,true,true,true,true,true
#default,_result,,,,,,,,,,
,result,table,_start,_stop,_time,_value,_field,_measurement,name,pid,tid
,,0,2024-01-24T01:04:49.09644135Z,2024-02-23T01:04:49.09644135Z,2024-02-22T07:15:58.952226632Z,104.2145,docker_cpu_usage_pct,NFCORE_CHIPSEQ:CHIPSEQ:ALIGN_BWA_MEM:BWA_MEM (EZH2_IP_NTKO_REP2_T1) (43),NFCORE_CHIPSEQ:CHIPSEQ:ALIGN_BWA_MEM:BWA_MEM (EZH2_IP_NTKO_REP2_T1) (43),1478667,43
,,0,2024-01-24T01:04:49.09644135Z,2024-02-23T01:04:49.09644135Z,2024-02-22T07:16:00.952890772Z,106.2718,docker_cpu_usage_pct,NFCORE_CHIPSEQ:CHIPSEQ:ALIGN_BWA_MEM:BWA_MEM (EZH2_IP_NTKO_REP2_T1) (43),NFCORE_CHIPSEQ:CHIPSEQ:ALIGN_BWA_MEM:BWA_MEM (EZH2_IP_NTKO_REP2_T1) (43),1478667,43
,,0,2024-01-24T01:04:49.09644135Z,2024-02-23T01:04:49.09644135Z,2024-02-22T07:16:02.952260159Z,351.265,docker_cpu_usage_pct,NFCORE_CHIPSEQ:CHIPSEQ:ALIGN_BWA_MEM:BWA_MEM (EZH2_IP_NTKO_REP2_T1) (43),NFCORE_CHIPSEQ:CHIPSEQ:ALIGN_BWA_MEM:BWA_MEM (EZH2_IP_NTKO_REP2_T1) (43),1478667,43
,,0,2024-01-24T01:04:49.09644135Z,2024-02-23T01:04:49.09644135Z,2024-02-22T07:16:04.952762892Z,1309.4357,docker_cpu_usage_pct,NFCORE_CHIPSEQ:CHIPSEQ:ALIGN_BWA_MEM:BWA_MEM (EZH2_IP_NTKO_REP2_T1) (43),NFCORE_CHIPSEQ:CHIPSEQ:ALIGN_BWA_MEM:BWA_MEM (EZH2_IP_NTKO_REP2_T1) (43),1478667,43
,,0,2024-01-24T01:04:49.09644135Z,2024-02-23T01:04:49.09644135Z,2024-02-22T07:16:06.952491747Z,1210.2364,docker_cpu_usage_pct,NFCORE_CHIPSEQ:CHIPSEQ:ALIGN_BWA_MEM:BWA_MEM (EZH2_IP_NTKO_REP2_T1) (43),NFCORE_CHIPSEQ:CHIPSEQ:ALIGN_BWA_MEM:BWA_MEM (EZH2_IP_NTKO_REP2_T1) (43),1478667,43
,,0,2024-01-24T01:04:49.09644135Z,2024-02-23T01:04:49.09644135Z,2024-02-22T07:16:08.952958515Z,1211.3117,docker_cpu_usage_pct,NFCORE_CHIPSEQ:CHIPSEQ:ALIGN_BWA_MEM:BWA_MEM (EZH2_IP_NTKO_REP2_T1) (43),NFCORE_CHIPSEQ:CHIPSEQ:ALIGN_BWA_MEM:BWA_MEM (EZH2_IP_NTKO_REP2_T1) (43),1478667,43
,,0,2024-01-24T01:04:49.09644135Z,2024-02-23T01:04:49.09644135Z,2024-02-22T07:16:10.952475401Z,1202.968,docker_cpu_usage_pct,NFCORE_CHIPSEQ:CHIPSEQ:ALIGN_BWA_MEM:BWA_MEM (EZH2_IP_NTKO_REP2_T1) (43),NFCORE_CHIPSEQ:CHIPSEQ:ALIGN_BWA_MEM:BWA_MEM (EZH2_IP_NTKO_REP2_T1) (43),1478667,43
,,0,2024-01-24T01:04:49.09644135Z,2024-02-23T01:04:49.09644135Z,2024-02-22T07:16:12.952949887Z,1200.6585,docker_cpu_usage_pct,NFCORE_CHIPSEQ:CHIPSEQ:ALIGN_BWA_MEM:BWA_MEM (EZH2_IP_NTKO_REP2_T1) (43),NFCORE_CHIPSEQ:CHIPSEQ:ALIGN_BWA_MEM:BWA_MEM (EZH2_IP_NTKO_REP2_T1) (43),1478667,43
,,0,2024-01-24T01:04:49.09644135Z,2024-02-23T01:04:49.09644135Z,2024-02-22T07:16:14.952509721Z,1201.1393,docker_cpu_usage_pct,NFCORE_CHIPSEQ:CHIPSEQ:ALIGN_BWA_MEM:BWA_MEM (EZH2_IP_NTKO_REP2_T1) (43),NFCORE_CHIPSEQ:CHIPSEQ:ALIGN_BWA_MEM:BWA_MEM (EZH2_IP_NTKO_REP2_T1) (43),1478667,43
,,0,2024-01-24T01:04:49.09644135Z,2024-02-23T01:04:49.09644135Z,2024-02-22T07:16:16.953082976Z,1203.753,docker_cpu_usage_pct,NFCORE_CHIPSEQ:CHIPSEQ:ALIGN_BWA_MEM:BWA_MEM (EZH2_IP_NTKO_REP2_T1) (43),NFCORE_CHIPSEQ:CHIPSEQ:ALIGN_BWA_MEM:BWA_MEM (EZH2_IP_NTKO_REP2_T1) (43),1478667,43
,,0,2024-01-24T01:04:49.09644135Z,2024-02-23T01:04:49.09644135Z,2024-02-22T07:16:18.952527794Z,1215.9491,docker_cpu_usage_pct,NFCORE_CHIPSEQ:CHIPSEQ:ALIGN_BWA_MEM:BWA_MEM (EZH2_IP_NTKO_REP2_T1) (43),NFCORE_CHIPSEQ:CHIPSEQ:ALIGN_BWA_MEM:BWA_MEM (EZH2_IP_NTKO_REP2_T1) (43),1478667,43
,,0,2024-01-24T01:04:49.09644135Z,2024-02-23T01:04:49.09644135Z,2024-02-22T07:16:20.953043075Z,1206.636,docker_cpu_usage_pct,NFCORE_CHIPSEQ:CHIPSEQ:ALIGN_BWA_MEM:BWA_MEM (EZH2_IP_NTKO_REP2_T1) (43),NFCORE_CHIPSEQ:CHIPSEQ:ALIGN_BWA_MEM:BWA_MEM (EZH2_IP_NTKO_REP2_T1) (43),1478667,43
,,0,2024-01-24T01:04:49.09644135Z,2024-02-23T01:04:49.09644135Z,2024-02-22T07:16:22.952520721Z,1201.471,docker_cpu_usage_pct,NFCORE_CHIPSEQ:CHIPSEQ:ALIGN_BWA_MEM:BWA_MEM (EZH2_IP_NTKO_REP2_T1) (43),NFCORE_CHIPSEQ:CHIPSEQ:ALIGN_BWA_MEM:BWA_MEM (EZH2_IP_NTKO_REP2_T1) (43),1478667,43
,,0,2024-01-24T01:04:49.09644135Z,2024-02-23T01:04:49.09644135Z,2024-02-22T07:16:24.952196141Z,1203.596,docker_cpu_usage_pct,NFCORE_CHIPSEQ:CHIPSEQ:ALIGN_BWA_MEM:BWA_MEM (EZH2_IP_NTKO_REP2_T1) (43),NFCORE_CHIPSEQ:CHIPSEQ:ALIGN_BWA_MEM:BWA_MEM (EZH2_IP_NTKO_REP2_T1) (43),1478667,43
,,0,2024-01-24T01:04:49.09644135Z,2024-02-23T01:04:49.09644135Z,2024-02-22T07:16:26.952984507Z,1205.094,docker_cpu_usage_pct,NFCORE_CHIPSEQ:CHIPSEQ:ALIGN_BWA_MEM:BWA_MEM (EZH2_IP_NTKO_REP2_T1) (43),NFCORE_CHIPSEQ:CHIPSEQ:ALIGN_BWA_MEM:BWA_MEM (EZH2_IP_NTKO_REP2_T1) (43),1478667,43
,,0,2024-01-24T01:04:49.09644135Z,2024-02-23T01:04:49.09644135Z,2024-02-22T07:16:28.9522291Z,1212.6546,docker_cpu_usage_pct,NFCORE_CHIPSEQ:CHIPSEQ:ALIGN_BWA_MEM:BWA_MEM (EZH2_IP_NTKO_REP2_T1) (43),NFCORE_CHIPSEQ:CHIPSEQ:ALIGN_BWA_MEM:BWA_MEM (EZH2_IP_NTKO_REP2_T1) (43),1478667,43
,,0,2024-01-24T01:04:49.09644135Z,2024-02-23T01:04:49.09644135Z,2024-02-22T07:16:30.952758965Z,1204.5162,docker_cpu_usage_pct,NFCORE_CHIPSEQ:CHIPSEQ:ALIGN_BWA_MEM:BWA_MEM (EZH2_IP_NTKO_REP2_T1) (43),NFCORE_CHIPSEQ:CHIPSEQ:ALIGN_BWA_MEM:BWA_MEM (EZH2_IP_NTKO_REP2_T1) (43),1478667,43
,,0,2024-01-24T01:04:49.09644135Z,2024-02-23T01:04:49.09644135Z,2024-02-22T07:16:32.952385058Z,1207.1387,docker_cpu_usage_pct,NFCORE_CHIPSEQ:CHIPSEQ:ALIGN_BWA_MEM:BWA_MEM (EZH2_IP_NTKO_REP2_T1) (43),NFCORE_CHIPSEQ:CHIPSEQ:ALIGN_BWA_MEM:BWA_MEM (EZH2_IP_NTKO_REP2_T1) (43),1478667,43
,,0,2024-01-24T01:04:49.09644135Z,2024-02-23T01:04:49.09644135Z,2024-02-22T07:16:34.952901269Z,1199.5381,docker_cpu_usage_pct,NFCORE_CHIPSEQ:CHIPSEQ:ALIGN_BWA_MEM:BWA_MEM (EZH2_IP_NTKO_REP2_T1) (43),NFCORE_CHIPSEQ:CHIPSEQ:ALIGN_BWA_MEM:BWA_MEM (EZH2_IP_NTKO_REP2_T1) (43),1478667,43
,,0,2024-01-24T01:04:49.09644135Z,2024-02-23T01:04:49.09644135Z,2024-02-22T07:16:36.952401336Z,1203.6838,docker_cpu_usage_pct,NFCORE_CHIPSEQ:CHIPSEQ:ALIGN_BWA_MEM:BWA_MEM (EZH2_IP_NTKO_REP2_T1) (43),NFCORE_CHIPSEQ:CHIPSEQ:ALIGN_BWA_MEM:BWA_MEM (EZH2_IP_NTKO_REP2_T1) (43),1478667,43
,,0,2024-01-24T01:04:49.09644135Z,2024-02-23T01:04:49.09644135Z,2024-02-22T07:16:38.952960895Z,1210.0141,docker_cpu_usage_pct,NFCORE_CHIPSEQ:CHIPSEQ:ALIGN_BWA_MEM:BWA_MEM (EZH2_IP_NTKO_REP2_T1) (43),NFCORE_CHIPSEQ:CHIPSEQ:ALIGN_BWA_MEM:BWA_MEM (EZH2_IP_NTKO_REP2_T1) (43),1478667,43
,,0,2024-01-24T01:04:49.09644135Z,2024-02-23T01:04:49.09644135Z,2024-02-22T07:16:40.952602993Z,1202.1273,docker_cpu_usage_pct,NFCORE_CHIPSEQ:CHIPSEQ:ALIGN_BWA_MEM:BWA_MEM (EZH2_IP_NTKO_REP2_T1) (43),NFCORE_CHIPSEQ:CHIPSEQ:ALIGN_BWA_MEM:BWA_MEM (EZH2_IP_NTKO_REP2_T1) (43),1478667,43
,,0,2024-01-24T01:04:49.09644135Z,2024-02-23T01:04:49.09644135Z,2024-02-22T07:16:42.953007675Z,1122.2365,docker_cpu_usage_pct,NFCORE_CHIPSEQ:CHIPSEQ:ALIGN_BWA_MEM:BWA_MEM (EZH2_IP_NTKO_REP2_T1) (43),NFCORE_CHIPSEQ:CHIPSEQ:ALIGN_BWA_MEM:BWA_MEM (EZH2_IP_NTKO_REP2_T1) (43),1478667,43
,,0,2024-01-24T01:04:49.09644135Z,2024-02-23T01:04:49.09644135Z,2024-02-22T07:16:44.952576738Z,1418.2669,docker_cpu_usage_pct,NFCORE_CHIPSEQ:CHIPSEQ:ALIGN_BWA_MEM:BWA_MEM (EZH2_IP_NTKO_REP2_T1) (43),NFCORE_CHIPSEQ:CHIPSEQ:ALIGN_BWA_MEM:BWA_MEM (EZH2_IP_NTKO_REP2_T1) (43),1478667,43
,,0,2024-01-24T01:04:49.09644135Z,2024-02-23T01:04:49.09644135Z,2024-02-22T07:16:46.952104268Z,1474.8237,docker_cpu_usage_pct,NFCORE_CHIPSEQ:CHIPSEQ:ALIGN_BWA_MEM:BWA_MEM (EZH2_IP_NTKO_REP2_T1) (43),NFCORE_CHIPSEQ:CHIPSEQ:ALIGN_BWA_MEM:BWA_MEM (EZH2_IP_NTKO_REP2_T1) (43),1478667,43
,,0,2024-01-24T01:04:49.09644135Z,2024-02-23T01:04:49.09644135Z,2024-02-22T07:16:48.952545017Z,1451.4608,docker_cpu_usage_pct,NFCORE_CHIPSEQ:CHIPSEQ:ALIGN_BWA_MEM:BWA_MEM (EZH2_IP_NTKO_REP2_T1) (43),NFCORE_CHIPSEQ:CHIPSEQ:ALIGN_BWA_MEM:BWA_MEM (EZH2_IP_NTKO_REP2_T1) (43),1478667,43
,,0,2024-01-24T01:04:49.09644135Z,2024-02-23T01:04:49.09644135Z,2024-02-22T07:16:50.953118558Z,1304.3764,docker_cpu_usage_pct,NFCORE_CHIPSEQ:CHIPSEQ:ALIGN_BWA_MEM:BWA_MEM (EZH2_IP_NTKO_REP2_T1) (43),NFCORE_CHIPSEQ:CHIPSEQ:ALIGN_BWA_MEM:BWA_MEM (EZH2_IP_NTKO_REP2_T1) (43),1478667,43
,,0,2024-01-24T01:04:49.09644135Z,2024-02-23T01:04:49.09644135Z,2024-02-22T07:16:52.952761979Z,1207.8183,docker_cpu_usage_pct,NFCORE_CHIPSEQ:CHIPSEQ:ALIGN_BWA_MEM:BWA_MEM (EZH2_IP_NTKO_REP2_T1) (43),NFCORE_CHIPSEQ:CHIPSEQ:ALIGN_BWA_MEM:BWA_MEM (EZH2_IP_NTKO_REP2_T1) (43),1478667,43
,,0,2024-01-24T01:04:49.09644135Z,2024-02-23T01:04:49.09644135Z,2024-02-22T07:16:54.95249339Z,1205.5929,docker_cpu_usage_pct,NFCORE_CHIPSEQ:CHIPSEQ:ALIGN_BWA_MEM:BWA_MEM (EZH2_IP_NTKO_REP2_T1) (43),NFCORE_CHIPSEQ:CHIPSEQ:ALIGN_BWA_MEM:BWA_MEM (EZH2_IP_NTKO_REP2_T1) (43),1478667,43
,,0,2024-01-24T01:04:49.09644135Z,2024-02-23T01:04:49.09644135Z,2024-02-22T07:16:56.952720896Z,1205.9359,docker_cpu_usage_pct,NFCORE_CHIPSEQ:CHIPSEQ:ALIGN_BWA_MEM:BWA_MEM (EZH2_IP_NTKO_REP2_T1) (43),NFCORE_CHIPSEQ:CHIPSEQ:ALIGN_BWA_MEM:BWA_MEM (EZH2_IP_NTKO_REP2_T1) (43),1478667,43
,,0,2024-01-24T01:04:49.09644135Z,2024-02-23T01:04:49.09644135Z,2024-02-22T07:16:58.952196817Z,1211.532,docker_cpu_usage_pct,NFCORE_CHIPSEQ:CHIPSEQ:ALIGN_BWA_MEM:BWA_MEM (EZH2_IP_NTKO_REP2_T1) (43),NFCORE_CHIPSEQ:CHIPSEQ:ALIGN_BWA_MEM:BWA_MEM (EZH2_IP_NTKO_REP2_T1) (43),1478667,43
,,0,2024-01-24T01:04:49.09644135Z,2024-02-23T01:04:49.09644135Z,2024-02-22T07:17:00.95272897Z,1201.8974,docker_cpu_usage_pct,NFCORE_CHIPSEQ:CHIPSEQ:ALIGN_BWA_MEM:BWA_MEM (EZH2_IP_NTKO_REP2_T1) (43),NFCORE_CHIPSEQ:CHIPSEQ:ALIGN_BWA_MEM:BWA_MEM (EZH2_IP_NTKO_REP2_T1) (43),1478667,43
,,0,2024-01-24T01:04:49.09644135Z,2024-02-23T01:04:49.09644135Z,2024-02-22T07:17:02.952476687Z,1201.6799,docker_cpu_usage_pct,NFCORE_CHIPSEQ:CHIPSEQ:ALIGN_BWA_MEM:BWA_MEM (EZH2_IP_NTKO_REP2_T1) (43),NFCORE_CHIPSEQ:CHIPSEQ:ALIGN_BWA_MEM:BWA_MEM (EZH2_IP_NTKO_REP2_T1) (43),1478667,43
,,0,2024-01-24T01:04:49.09644135Z,2024-02-23T01:04:49.09644135Z,2024-02-22T07:17:04.952908254Z,1202.274,docker_cpu_usage_pct,NFCORE_CHIPSEQ:CHIPSEQ:ALIGN_BWA_MEM:BWA_MEM (EZH2_IP_NTKO_REP2_T1) (43),NFCORE_CHIPSEQ:CHIPSEQ:ALIGN_BWA_MEM:BWA_MEM (EZH2_IP_NTKO_REP2_T1) (43),1478667,43
,,0,2024-01-24T01:04:49.09644135Z,2024-02-23T01:04:49.09644135Z,2024-02-22T07:17:06.952439761Z,1203.9778,docker_cpu_usage_pct,NFCORE_CHIPSEQ:CHIPSEQ:ALIGN_BWA_MEM:BWA_MEM (EZH2_IP_NTKO_REP2_T1) (43),NFCORE_CHIPSEQ:CHIPSEQ:ALIGN_BWA_MEM:BWA_MEM (EZH2_IP_NTKO_REP2_T1) (43),1478667,43
,,0,2024-01-24T01:04:49.09644135Z,2024-02-23T01:04:49.09644135Z,2024-02-22T07:17:08.95298492Z,1204.4057,docker_cpu_usage_pct,NFCORE_CHIPSEQ:CHIPSEQ:ALIGN_BWA_MEM:BWA_MEM (EZH2_IP_NTKO_REP2_T1) (43),NFCORE_CHIPSEQ:CHIPSEQ:ALIGN_BWA_MEM:BWA_MEM (EZH2_IP_NTKO_REP2_T1) (43),1478667,43
,,0,2024-01-24T01:04:49.09644135Z,2024-02-23T01:04:49.09644135Z,2024-02-22T07:17:10.952427061Z,1205.1806,docker_cpu_usage_pct,NFCORE_CHIPSEQ:CHIPSEQ:ALIGN_BWA_MEM:BWA_MEM (EZH2_IP_NTKO_REP2_T1) (43),NFCORE_CHIPSEQ:CHIPSEQ:ALIGN_BWA_MEM:BWA_MEM (EZH2_IP_NTKO_REP2_T1) (43),1478667,43
,,0,2024-01-24T01:04:49.09644135Z,2024-02-23T01:04:49.09644135Z,2024-02-22T07:17:12.952964536Z,1205.1455,docker_cpu_usage_pct,NFCORE_CHIPSEQ:CHIPSEQ:ALIGN_BWA_MEM:BWA_MEM (EZH2_IP_NTKO_REP2_T1) (43),NFCORE_CHIPSEQ:CHIPSEQ:ALIGN_BWA_MEM:BWA_MEM (EZH2_IP_NTKO_REP2_T1) (43),1478667,43
,,0,2024-01-24T01:04:49.09644135Z,2024-02-23T01:04:49.09644135Z,2024-02-22T07:17:14.952378865Z,1205.2124,docker_cpu_usage_pct,NFCORE_CHIPSEQ:CHIPSEQ:ALIGN_BWA_MEM:BWA_MEM (EZH2_IP_NTKO_REP2_T1) (43),NFCORE_CHIPSEQ:CHIPSEQ:ALIGN_BWA_MEM:BWA_MEM (EZH2_IP_NTKO_REP2_T1) (43),1478667,43
,,0,2024-01-24T01:04:49.09644135Z,2024-02-23T01:04:49.09644135Z,2024-02-22T07:17:17.953402845Z,1197.9671,docker_cpu_usage_pct,NFCORE_CHIPSEQ:CHIPSEQ:ALIGN_BWA_MEM:BWA_MEM (EZH2_IP_NTKO_REP2_T1) (43),NFCORE_CHIPSEQ:CHIPSEQ:ALIGN_BWA_MEM:BWA_MEM (EZH2_IP_NTKO_REP2_T1) (43),1478667,43
,,0,2024-01-24T01:04:49.09644135Z,2024-02-23T01:04:49.09644135Z,2024-02-22T07:17:19.952707376Z,1207.2615,docker_cpu_usage_pct,NFCORE_CHIPSEQ:CHIPSEQ:ALIGN_BWA_MEM:BWA_MEM (EZH2_IP_NTKO_REP2_T1) (43),NFCORE_CHIPSEQ:CHIPSEQ:ALIGN_BWA_MEM:BWA_MEM (EZH2_IP_NTKO_REP2_T1) (43),1478667,43
,,0,2024-01-24T01:04:49.09644135Z,2024-02-23T01:04:49.09644135Z,2024-02-22T07:17:21.952063228Z,1206.6577,docker_cpu_usage_pct,NFCORE_CHIPSEQ:CHIPSEQ:ALIGN_BWA_MEM:BWA_MEM (EZH2_IP_NTKO_REP2_T1) (43),NFCORE_CHIPSEQ:CHIPSEQ:ALIGN_BWA_MEM:BWA_MEM (EZH2_IP_NTKO_REP2_T1) (43),1478667,43
,,0,2024-01-24T01:04:49.09644135Z,2024-02-23T01:04:49.09644135Z,2024-02-22T07:17:23.952541594Z,1201.4361,docker_cpu_usage_pct,NFCORE_CHIPSEQ:CHIPSEQ:ALIGN_BWA_MEM:BWA_MEM (EZH2_IP_NTKO_REP2_T1) (43),NFCORE_CHIPSEQ:CHIPSEQ:ALIGN_BWA_MEM:BWA_MEM (EZH2_IP_NTKO_REP2_T1) (43),1478667,43
,,0,2024-01-24T01:04:49.09644135Z,2024-02-23T01:04:49.09644135Z,2024-02-22T07:17:25.953262867Z,1105.1308,docker_cpu_usage_pct,NFCORE_CHIPSEQ:CHIPSEQ:ALIGN_BWA_MEM:BWA_MEM (EZH2_IP_NTKO_REP2_T1) (43),NFCORE_CHIPSEQ:CHIPSEQ:ALIGN_BWA_MEM:BWA_MEM (EZH2_IP_NTKO_REP2_T1) (43),1478667,43
,,0,2024-01-24T01:04:49.09644135Z,2024-02-23T01:04:49.09644135Z,2024-02-22T07:17:27.952670647Z,1391.2367,docker_cpu_usage_pct,NFCORE_CHIPSEQ:CHIPSEQ:ALIGN_BWA_MEM:BWA_MEM (EZH2_IP_NTKO_REP2_T1) (43),NFCORE_CHIPSEQ:CHIPSEQ:ALIGN_BWA_MEM:BWA_MEM (EZH2_IP_NTKO_REP2_T1) (43),1478667,43
,,0,2024-01-24T01:04:49.09644135Z,2024-02-23T01:04:49.09644135Z,2024-02-22T07:17:29.952140847Z,1434.7926,docker_cpu_usage_pct,NFCORE_CHIPSEQ:CHIPSEQ:ALIGN_BWA_MEM:BWA_MEM (EZH2_IP_NTKO_REP2_T1) (43),NFCORE_CHIPSEQ:CHIPSEQ:ALIGN_BWA_MEM:BWA_MEM (EZH2_IP_NTKO_REP2_T1) (43),1478667,43
,,0,2024-01-24T01:04:49.09644135Z,2024-02-23T01:04:49.09644135Z,2024-02-22T07:17:31.952560076Z,1500.6103,docker_cpu_usage_pct,NFCORE_CHIPSEQ:CHIPSEQ:ALIGN_BWA_MEM:BWA_MEM (EZH2_IP_NTKO_REP2_T1) (43),NFCORE_CHIPSEQ:CHIPSEQ:ALIGN_BWA_MEM:BWA_MEM (EZH2_IP_NTKO_REP2_T1) (43),1478667,43
,,0,2024-01-24T01:04:49.09644135Z,2024-02-23T01:04:49.09644135Z,2024-02-22T07:17:33.952031204Z,1293.939,docker_cpu_usage_pct,NFCORE_CHIPSEQ:CHIPSEQ:ALIGN_BWA_MEM:BWA_MEM (EZH2_IP_NTKO_REP2_T1) (43),NFCORE_CHIPSEQ:CHIPSEQ:ALIGN_BWA_MEM:BWA_MEM (EZH2_IP_NTKO_REP2_T1) (43),1478667,43
,,0,2024-01-24T01:04:49.09644135Z,2024-02-23T01:04:49.09644135Z,2024-02-22T07:17:35.952611006Z,1227.6629,docker_cpu_usage_pct,NFCORE_CHIPSEQ:CHIPSEQ:ALIGN_BWA_MEM:BWA_MEM (EZH2_IP_NTKO_REP2_T1) (43),NFCORE_CHIPSEQ:CHIPSEQ:ALIGN_BWA_MEM:BWA_MEM (EZH2_IP_NTKO_REP2_T1) (43),1478667,43
,,0,2024-01-24T01:04:49.09644135Z,2024-02-23T01:04:49.09644135Z,2024-02-22T07:17:37.952089831Z,1201.8243,docker_cpu_usage_pct,NFCORE_CHIPSEQ:CHIPSEQ:ALIGN_BWA_MEM:BWA_MEM (EZH2_IP_NTKO_REP2_T1) (43),NFCORE_CHIPSEQ:CHIPSEQ:ALIGN_BWA_MEM:BWA_MEM (EZH2_IP_NTKO_REP2_T1) (43),1478667,43
,,0,2024-01-24T01:04:49.09644135Z,2024-02-23T01:04:49.09644135Z,2024-02-22T07:17:39.95265418Z,1209.9631,docker_cpu_usage_pct,NFCORE_CHIPSEQ:CHIPSEQ:ALIGN_BWA_MEM:BWA_MEM (EZH2_IP_NTKO_REP2_T1) (43),NFCORE_CHIPSEQ:CHIPSEQ:ALIGN_BWA_MEM:BWA_MEM (EZH2_IP_NTKO_REP2_T1) (43),1478667,43
,,0,2024-01-24T01:04:49.09644135Z,2024-02-23T01:04:49.09644135Z,2024-02-22T07:17:41.952425673Z,1207.4726,docker_cpu_usage_pct,NFCORE_CHIPSEQ:CHIPSEQ:ALIGN_BWA_MEM:BWA_MEM (EZH2_IP_NTKO_REP2_T1) (43),NFCORE_CHIPSEQ:CHIPSEQ:ALIGN_BWA_MEM:BWA_MEM (EZH2_IP_NTKO_REP2_T1) (43),1478667,43
,,0,2024-01-24T01:04:49.09644135Z,2024-02-23T01:04:49.09644135Z,2024-02-22T07:17:43.952646188Z,1199.1799,docker_cpu_usage_pct,NFCORE_CHIPSEQ:CHIPSEQ:ALIGN_BWA_MEM:BWA_MEM (EZH2_IP_NTKO_REP2_T1) (43),NFCORE_CHIPSEQ:CHIPSEQ:ALIGN_BWA_MEM:BWA_MEM (EZH2_IP_NTKO_REP2_T1) (43),1478667,43
,,0,2024-01-24T01:04:49.09644135Z,2024-02-23T01:04:49.09644135Z,2024-02-22T07:17:45.952211871Z,1196.8862,docker_cpu_usage_pct,NFCORE_CHIPSEQ:CHIPSEQ:ALIGN_BWA_MEM:BWA_MEM (EZH2_IP_NTKO_REP2_T1) (43),NFCORE_CHIPSEQ:CHIPSEQ:ALIGN_BWA_MEM:BWA_MEM (EZH2_IP_NTKO_REP2_T1) (43),1478667,43
,,0,2024-01-24T01:04:49.09644135Z,2024-02-23T01:04:49.09644135Z,2024-02-22T07:17:47.953045714Z,1197.0223,docker_cpu_usage_pct,NFCORE_CHIPSEQ:CHIPSEQ:ALIGN_BWA_MEM:BWA_MEM (EZH2_IP_NTKO_REP2_T1) (43),NFCORE_CHIPSEQ:CHIPSEQ:ALIGN_BWA_MEM:BWA_MEM (EZH2_IP_NTKO_REP2_T1) (43),1478667,43
,,0,2024-01-24T01:04:49.09644135Z,2024-02-23T01:04:49.09644135Z,2024-02-22T07:17:49.952334946Z,1210.2174,docker_cpu_usage_pct,NFCORE_CHIPSEQ:CHIPSEQ:ALIGN_BWA_MEM:BWA_MEM (EZH2_IP_NTKO_REP2_T1) (43),NFCORE_CHIPSEQ:CHIPSEQ:ALIGN_BWA_MEM:BWA_MEM (EZH2_IP_NTKO_REP2_T1) (43),1478667,43
,,0,2024-01-24T01:04:49.09644135Z,2024-02-23T01:04:49.09644135Z,2024-02-22T07:17:51.95297442Z,1201.818,docker_cpu_usage_pct,NFCORE_CHIPSEQ:CHIPSEQ:ALIGN_BWA_MEM:BWA_MEM (EZH2_IP_NTKO_REP2_T1) (43),NFCORE_CHIPSEQ:CHIPSEQ:ALIGN_BWA_MEM:BWA_MEM (EZH2_IP_NTKO_REP2_T1) (43),1478667,43
,,0,2024-01-24T01:04:49.09644135Z,2024-02-23T01:04:49.09644135Z,2024-02-22T07:17:53.952399954Z,1202.2839,docker_cpu_usage_pct,NFCORE_CHIPSEQ:CHIPSEQ:ALIGN_BWA_MEM:BWA_MEM (EZH2_IP_NTKO_REP2_T1) (43),NFCORE_CHIPSEQ:CHIPSEQ:ALIGN_BWA_MEM:BWA_MEM (EZH2_IP_NTKO_REP2_T1) (43),1478667,43
,,0,2024-01-24T01:04:49.09644135Z,2024-02-23T01:04:49.09644135Z,2024-02-22T07:17:55.952816888Z,1206.7153,docker_cpu_usage_pct,NFCORE_CHIPSEQ:CHIPSEQ:ALIGN_BWA_MEM:BWA_MEM (EZH2_IP_NTKO_REP2_T1) (43),NFCORE_CHIPSEQ:CHIPSEQ:ALIGN_BWA_MEM:BWA_MEM (EZH2_IP_NTKO_REP2_T1) (43),1478667,43
,,0,2024-01-24T01:04:49.09644135Z,2024-02-23T01:04:49.09644135Z,2024-02-22T07:17:57.952256649Z,1206.7336,docker_cpu_usage_pct,NFCORE_CHIPSEQ:CHIPSEQ:ALIGN_BWA_MEM:BWA_MEM (EZH2_IP_NTKO_REP2_T1) (43),NFCORE_CHIPSEQ:CHIPSEQ:ALIGN_BWA_MEM:BWA_MEM (EZH2_IP_NTKO_REP2_T1) (43),1478667,43
,,0,2024-01-24T01:04:49.09644135Z,2024-02-23T01:04:49.09644135Z,2024-02-22T07:17:59.952887268Z,1209.7884,docker_cpu_usage_pct,NFCORE_CHIPSEQ:CHIPSEQ:ALIGN_BWA_MEM:BWA_MEM (EZH2_IP_NTKO_REP2_T1) (43),NFCORE_CHIPSEQ:CHIPSEQ:ALIGN_BWA_MEM:BWA_MEM (EZH2_IP_NTKO_REP2_T1) (43),1478667,43
,,0,2024-01-24T01:04:49.09644135Z,2024-02-23T01:04:49.09644135Z,2024-02-22T07:18:01.952341148Z,1205.975,docker_cpu_usage_pct,NFCORE_CHIPSEQ:CHIPSEQ:ALIGN_BWA_MEM:BWA_MEM (EZH2_IP_NTKO_REP2_T1) (43),NFCORE_CHIPSEQ:CHIPSEQ:ALIGN_BWA_MEM:BWA_MEM (EZH2_IP_NTKO_REP2_T1) (43),1478667,43
,,0,2024-01-24T01:04:49.09644135Z,2024-02-23T01:04:49.09644135Z,2024-02-22T07:18:03.952774739Z,1202.9714,docker_cpu_usage_pct,NFCORE_CHIPSEQ:CHIPSEQ:ALIGN_BWA_MEM:BWA_MEM (EZH2_IP_NTKO_REP2_T1) (43),NFCORE_CHIPSEQ:CHIPSEQ:ALIGN_BWA_MEM:BWA_MEM (EZH2_IP_NTKO_REP2_T1) (43),1478667,43
,,0,2024-01-24T01:04:49.09644135Z,2024-02-23T01:04:49.09644135Z,2024-02-22T07:18:05.95236188Z,1202.9633,docker_cpu_usage_pct,NFCORE_CHIPSEQ:CHIPSEQ:ALIGN_BWA_MEM:BWA_MEM (EZH2_IP_NTKO_REP2_T1) (43),NFCORE_CHIPSEQ:CHIPSEQ:ALIGN_BWA_MEM:BWA_MEM (EZH2_IP_NTKO_REP2_T1) (43),1478667,43
,,0,2024-01-24T01:04:49.09644135Z,2024-02-23T01:04:49.09644135Z,2024-02-22T07:18:07.952888801Z,1104.2651,docker_cpu_usage_pct,NFCORE_CHIPSEQ:CHIPSEQ:ALIGN_BWA_MEM:BWA_MEM (EZH2_IP_NTKO_REP2_T1) (43),NFCORE_CHIPSEQ:CHIPSEQ:ALIGN_BWA_MEM:BWA_MEM (EZH2_IP_NTKO_REP2_T1) (43),1478667,43
,,0,2024-01-24T01:04:49.09644135Z,2024-02-23T01:04:49.09644135Z,2024-02-22T07:18:09.952261163Z,1435.0519,docker_cpu_usage_pct,NFCORE_CHIPSEQ:CHIPSEQ:ALIGN_BWA_MEM:BWA_MEM (EZH2_IP_NTKO_REP2_T1) (43),NFCORE_CHIPSEQ:CHIPSEQ:ALIGN_BWA_MEM:BWA_MEM (EZH2_IP_NTKO_REP2_T1) (43),1478667,43
,,0,2024-01-24T01:04:49.09644135Z,2024-02-23T01:04:49.09644135Z,2024-02-22T07:18:11.953281658Z,1468.0395,docker_cpu_usage_pct,NFCORE_CHIPSEQ:CHIPSEQ:ALIGN_BWA_MEM:BWA_MEM (EZH2_IP_NTKO_REP2_T1) (43),NFCORE_CHIPSEQ:CHIPSEQ:ALIGN_BWA_MEM:BWA_MEM (EZH2_IP_NTKO_REP2_T1) (43),1478667,43
,,0,2024-01-24T01:04:49.09644135Z,2024-02-23T01:04:49.09644135Z,2024-02-22T07:18:13.952727341Z,1372.6153,docker_cpu_usage_pct,NFCORE_CHIPSEQ:CHIPSEQ:ALIGN_BWA_MEM:BWA_MEM (EZH2_IP_NTKO_REP2_T1) (43),NFCORE_CHIPSEQ:CHIPSEQ:ALIGN_BWA_MEM:BWA_MEM (EZH2_IP_NTKO_REP2_T1) (43),1478667,43
,,0,2024-01-24T01:04:49.09644135Z,2024-02-23T01:04:49.09644135Z,2024-02-22T07:18:15.952252704Z,1308.8823,docker_cpu_usage_pct,NFCORE_CHIPSEQ:CHIPSEQ:ALIGN_BWA_MEM:BWA_MEM (EZH2_IP_NTKO_REP2_T1) (43),NFCORE_CHIPSEQ:CHIPSEQ:ALIGN_BWA_MEM:BWA_MEM (EZH2_IP_NTKO_REP2_T1) (43),1478667,43
,,0,2024-01-24T01:04:49.09644135Z,2024-02-23T01:04:49.09644135Z,2024-02-22T07:18:17.952702097Z,1203.7125,docker_cpu_usage_pct,NFCORE_CHIPSEQ:CHIPSEQ:ALIGN_BWA_MEM:BWA_MEM (EZH2_IP_NTKO_REP2_T1) (43),NFCORE_CHIPSEQ:CHIPSEQ:ALIGN_BWA_MEM:BWA_MEM (EZH2_IP_NTKO_REP2_T1) (43),1478667,43
,,0,2024-01-24T01:04:49.09644135Z,2024-02-23T01:04:49.09644135Z,2024-02-22T07:18:19.952231548Z,1204.0988,docker_cpu_usage_pct,NFCORE_CHIPSEQ:CHIPSEQ:ALIGN_BWA_MEM:BWA_MEM (EZH2_IP_NTKO_REP2_T1) (43),NFCORE_CHIPSEQ:CHIPSEQ:ALIGN_BWA_MEM:BWA_MEM (EZH2_IP_NTKO_REP2_T1) (43),1478667,43
,,0,2024-01-24T01:04:49.09644135Z,2024-02-23T01:04:49.09644135Z,2024-02-22T07:18:21.952595796Z,1197.0283,docker_cpu_usage_pct,NFCORE_CHIPSEQ:CHIPSEQ:ALIGN_BWA_MEM:BWA_MEM (EZH2_IP_NTKO_REP2_T1) (43),NFCORE_CHIPSEQ:CHIPSEQ:ALIGN_BWA_MEM:BWA_MEM (EZH2_IP_NTKO_REP2_T1) (43),1478667,43
,,0,2024-01-24T01:04:49.09644135Z,2024-02-23T01:04:49.09644135Z,2024-02-22T07:18:23.952146036Z,1203.7303,docker_cpu_usage_pct,NFCORE_CHIPSEQ:CHIPSEQ:ALIGN_BWA_MEM:BWA_MEM (EZH2_IP_NTKO_REP2_T1) (43),NFCORE_CHIPSEQ:CHIPSEQ:ALIGN_BWA_MEM:BWA_MEM (EZH2_IP_NTKO_REP2_T1) (43),1478667,43
,,0,2024-01-24T01:04:49.09644135Z,2024-02-23T01:04:49.09644135Z,2024-02-22T07:18:25.952745129Z,1209.6365,docker_cpu_usage_pct,NFCORE_CHIPSEQ:CHIPSEQ:ALIGN_BWA_MEM:BWA_MEM (EZH2_IP_NTKO_REP2_T1) (43),NFCORE_CHIPSEQ:CHIPSEQ:ALIGN_BWA_MEM:BWA_MEM (EZH2_IP_NTKO_REP2_T1) (43),1478667,43
,,0,2024-01-24T01:04:49.09644135Z,2024-02-23T01:04:49.09644135Z,2024-02-22T07:18:27.952164142Z,1204.3527,docker_cpu_usage_pct,NFCORE_CHIPSEQ:CHIPSEQ:ALIGN_BWA_MEM:BWA_MEM (EZH2_IP_NTKO_REP2_T1) (43),NFCORE_CHIPSEQ:CHIPSEQ:ALIGN_BWA_MEM:BWA_MEM (EZH2_IP_NTKO_REP2_T1) (43),1478667,43
,,0,2024-01-24T01:04:49.09644135Z,2024-02-23T01:04:49.09644135Z,2024-02-22T07:18:29.952880687Z,1196.2906,docker_cpu_usage_pct,NFCORE_CHIPSEQ:CHIPSEQ:ALIGN_BWA_MEM:BWA_MEM (EZH2_IP_NTKO_REP2_T1) (43),NFCORE_CHIPSEQ:CHIPSEQ:ALIGN_BWA_MEM:BWA_MEM (EZH2_IP_NTKO_REP2_T1) (43),1478667,43
,,0,2024-01-24T01:04:49.09644135Z,2024-02-23T01:04:49.09644135Z,2024-02-22T07:18:31.952183074Z,1203.333,docker_cpu_usage_pct,NFCORE_CHIPSEQ:CHIPSEQ:ALIGN_BWA_MEM:BWA_MEM (EZH2_IP_NTKO_REP2_T1) (43),NFCORE_CHIPSEQ:CHIPSEQ:ALIGN_BWA_MEM:BWA_MEM (EZH2_IP_NTKO_REP2_T1) (43),1478667,43
,,0,2024-01-24T01:04:49.09644135Z,2024-02-23T01:04:49.09644135Z,2024-02-22T07:18:33.95301392Z,1200.3123,docker_cpu_usage_pct,NFCORE_CHIPSEQ:CHIPSEQ:ALIGN_BWA_MEM:BWA_MEM (EZH2_IP_NTKO_REP2_T1) (43),NFCORE_CHIPSEQ:CHIPSEQ:ALIGN_BWA_MEM:BWA_MEM (EZH2_IP_NTKO_REP2_T1) (43),1478667,43
,,0,2024-01-24T01:04:49.09644135Z,2024-02-23T01:04:49.09644135Z,2024-02-22T07:18:35.952138799Z,1209.6687,docker_cpu_usage_pct,NFCORE_CHIPSEQ:CHIPSEQ:ALIGN_BWA_MEM:BWA_MEM (EZH2_IP_NTKO_REP2_T1) (43),NFCORE_CHIPSEQ:CHIPSEQ:ALIGN_BWA_MEM:BWA_MEM (EZH2_IP_NTKO_REP2_T1) (43),1478667,43
,,0,2024-01-24T01:04:49.09644135Z,2024-02-23T01:04:49.09644135Z,2024-02-22T07:18:37.952704744Z,1204.1039,docker_cpu_usage_pct,NFCORE_CHIPSEQ:CHIPSEQ:ALIGN_BWA_MEM:BWA_MEM (EZH2_IP_NTKO_REP2_T1) (43),NFCORE_CHIPSEQ:CHIPSEQ:ALIGN_BWA_MEM:BWA_MEM (EZH2_IP_NTKO_REP2_T1) (43),1478667,43
,,0,2024-01-24T01:04:49.09644135Z,2024-02-23T01:04:49.09644135Z,2024-02-22T07:18:39.952112411Z,1201.9357,docker_cpu_usage_pct,NFCORE_CHIPSEQ:CHIPSEQ:ALIGN_BWA_MEM:BWA_MEM (EZH2_IP_NTKO_REP2_T1) (43),NFCORE_CHIPSEQ:CHIPSEQ:ALIGN_BWA_MEM:BWA_MEM (EZH2_IP_NTKO_REP2_T1) (43),1478667,43
,,0,2024-01-24T01:04:49.09644135Z,2024-02-23T01:04:49.09644135Z,2024-02-22T07:18:41.952656033Z,1205.5601,docker_cpu_usage_pct,NFCORE_CHIPSEQ:CHIPSEQ:ALIGN_BWA_MEM:BWA_MEM (EZH2_IP_NTKO_REP2_T1) (43),NFCORE_CHIPSEQ:CHIPSEQ:ALIGN_BWA_MEM:BWA_MEM (EZH2_IP_NTKO_REP2_T1) (43),1478667,43
,,0,2024-01-24T01:04:49.09644135Z,2024-02-23T01:04:49.09644135Z,2024-02-22T07:18:43.95215658Z,1198.8545,docker_cpu_usage_pct,NFCORE_CHIPSEQ:CHIPSEQ:ALIGN_BWA_MEM:BWA_MEM (EZH2_IP_NTKO_REP2_T1) (43),NFCORE_CHIPSEQ:CHIPSEQ:ALIGN_BWA_MEM:BWA_MEM (EZH2_IP_NTKO_REP2_T1) (43),1478667,43
,,0,2024-01-24T01:04:49.09644135Z,2024-02-23T01:04:49.09644135Z,2024-02-22T07:18:45.95271441Z,1210.3156,docker_cpu_usage_pct,NFCORE_CHIPSEQ:CHIPSEQ:ALIGN_BWA_MEM:BWA_MEM (EZH2_IP_NTKO_REP2_T1) (43),NFCORE_CHIPSEQ:CHIPSEQ:ALIGN_BWA_MEM:BWA_MEM (EZH2_IP_NTKO_REP2_T1) (43),1478667,43
,,0,2024-01-24T01:04:49.09644135Z,2024-02-23T01:04:49.09644135Z,2024-02-22T07:18:47.952406561Z,1102.693,docker_cpu_usage_pct,NFCORE_CHIPSEQ:CHIPSEQ:ALIGN_BWA_MEM:BWA_MEM (EZH2_IP_NTKO_REP2_T1) (43),NFCORE_CHIPSEQ:CHIPSEQ:ALIGN_BWA_MEM:BWA_MEM (EZH2_IP_NTKO_REP2_T1) (43),1478667,43
,,0,2024-01-24T01:04:49.09644135Z,2024-02-23T01:04:49.09644135Z,2024-02-22T07:18:49.952721272Z,1420.776,docker_cpu_usage_pct,NFCORE_CHIPSEQ:CHIPSEQ:ALIGN_BWA_MEM:BWA_MEM (EZH2_IP_NTKO_REP2_T1) (43),NFCORE_CHIPSEQ:CHIPSEQ:ALIGN_BWA_MEM:BWA_MEM (EZH2_IP_NTKO_REP2_T1) (43),1478667,43
,,0,2024-01-24T01:04:49.09644135Z,2024-02-23T01:04:49.09644135Z,2024-02-22T07:18:51.952328997Z,1461.2776,docker_cpu_usage_pct,NFCORE_CHIPSEQ:CHIPSEQ:ALIGN_BWA_MEM:BWA_MEM (EZH2_IP_NTKO_REP2_T1) (43),NFCORE_CHIPSEQ:CHIPSEQ:ALIGN_BWA_MEM:BWA_MEM (EZH2_IP_NTKO_REP2_T1) (43),1478667,43
,,0,2024-01-24T01:04:49.09644135Z,2024-02-23T01:04:49.09644135Z,2024-02-22T07:18:53.952707068Z,1497.2042,docker_cpu_usage_pct,NFCORE_CHIPSEQ:CHIPSEQ:ALIGN_BWA_MEM:BWA_MEM (EZH2_IP_NTKO_REP2_T1) (43),NFCORE_CHIPSEQ:CHIPSEQ:ALIGN_BWA_MEM:BWA_MEM (EZH2_IP_NTKO_REP2_T1) (43),1478667,43
,,0,2024-01-24T01:04:49.09644135Z,2024-02-23T01:04:49.09644135Z,2024-02-22T07:18:55.95223467Z,1312.23,docker_cpu_usage_pct,NFCORE_CHIPSEQ:CHIPSEQ:ALIGN_BWA_MEM:BWA_MEM (EZH2_IP_NTKO_REP2_T1) (43),NFCORE_CHIPSEQ:CHIPSEQ:ALIGN_BWA_MEM:BWA_MEM (EZH2_IP_NTKO_REP2_T1) (43),1478667,43
,,0,2024-01-24T01:04:49.09644135Z,2024-02-23T01:04:49.09644135Z,2024-02-22T07:18:57.95267607Z,1207.7423,docker_cpu_usage_pct,NFCORE_CHIPSEQ:CHIPSEQ:ALIGN_BWA_MEM:BWA_MEM (EZH2_IP_NTKO_REP2_T1) (43),NFCORE_CHIPSEQ:CHIPSEQ:ALIGN_BWA_MEM:BWA_MEM (EZH2_IP_NTKO_REP2_T1) (43),1478667,43
,,0,2024-01-24T01:04:49.09644135Z,2024-02-23T01:04:49.09644135Z,2024-02-22T07:18:59.952250351Z,1202.6378,docker_cpu_usage_pct,NFCORE_CHIPSEQ:CHIPSEQ:ALIGN_BWA_MEM:BWA_MEM (EZH2_IP_NTKO_REP2_T1) (43),NFCORE_CHIPSEQ:CHIPSEQ:ALIGN_BWA_MEM:BWA_MEM (EZH2_IP_NTKO_REP2_T1) (43),1478667,43
,,0,2024-01-24T01:04:49.09644135Z,2024-02-23T01:04:49.09644135Z,2024-02-22T07:19:01.952688948Z,1201.0833,docker_cpu_usage_pct,NFCORE_CHIPSEQ:CHIPSEQ:ALIGN_BWA_MEM:BWA_MEM (EZH2_IP_NTKO_REP2_T1) (43),NFCORE_CHIPSEQ:CHIPSEQ:ALIGN_BWA_MEM:BWA_MEM (EZH2_IP_NTKO_REP2_T1) (43),1478667,43
,,0,2024-01-24T01:04:49.09644135Z,2024-02-23T01:04:49.09644135Z,2024-02-22T07:19:03.952159704Z,1205.9197,docker_cpu_usage_pct,NFCORE_CHIPSEQ:CHIPSEQ:ALIGN_BWA_MEM:BWA_MEM (EZH2_IP_NTKO_REP2_T1) (43),NFCORE_CHIPSEQ:CHIPSEQ:ALIGN_BWA_MEM:BWA_MEM (EZH2_IP_NTKO_REP2_T1) (43),1478667,43
,,0,2024-01-24T01:04:49.09644135Z,2024-02-23T01:04:49.09644135Z,2024-02-22T07:19:05.952682612Z,1210.174,docker_cpu_usage_pct,NFCORE_CHIPSEQ:CHIPSEQ:ALIGN_BWA_MEM:BWA_MEM (EZH2_IP_NTKO_REP2_T1) (43),NFCORE_CHIPSEQ:CHIPSEQ:ALIGN_BWA_MEM:BWA_MEM (EZH2_IP_NTKO_REP2_T1) (43),1478667,43
,,0,2024-01-24T01:04:49.09644135Z,2024-02-23T01:04:49.09644135Z,2024-02-22T07:19:07.952161516Z,1202.9695,docker_cpu_usage_pct,NFCORE_CHIPSEQ:CHIPSEQ:ALIGN_BWA_MEM:BWA_MEM (EZH2_IP_NTKO_REP2_T1) (43),NFCORE_CHIPSEQ:CHIPSEQ:ALIGN_BWA_MEM:BWA_MEM (EZH2_IP_NTKO_REP2_T1) (43),1478667,43
,,0,2024-01-24T01:04:49.09644135Z,2024-02-23T01:04:49.09644135Z,2024-02-22T07:19:09.952672212Z,1198.9232,docker_cpu_usage_pct,NFCORE_CHIPSEQ:CHIPSEQ:ALIGN_BWA_MEM:BWA_MEM (EZH2_IP_NTKO_REP2_T1) (43),NFCORE_CHIPSEQ:CHIPSEQ:ALIGN_BWA_MEM:BWA_MEM (EZH2_IP_NTKO_REP2_T1) (43),1478667,43
,,0,2024-01-24T01:04:49.09644135Z,2024-02-23T01:04:49.09644135Z,2024-02-22T07:19:11.952252376Z,1203.3481,docker_cpu_usage_pct,NFCORE_CHIPSEQ:CHIPSEQ:ALIGN_BWA_MEM:BWA_MEM (EZH2_IP_NTKO_REP2_T1) (43),NFCORE_CHIPSEQ:CHIPSEQ:ALIGN_BWA_MEM:BWA_MEM (EZH2_IP_NTKO_REP2_T1) (43),1478667,43
,,0,2024-01-24T01:04:49.09644135Z,2024-02-23T01:04:49.09644135Z,2024-02-22T07:19:13.953091391Z,1195.1155,docker_cpu_usage_pct,NFCORE_CHIPSEQ:CHIPSEQ:ALIGN_BWA_MEM:BWA_MEM (EZH2_IP_NTKO_REP2_T1) (43),NFCORE_CHIPSEQ:CHIPSEQ:ALIGN_BWA_MEM:BWA_MEM (EZH2_IP_NTKO_REP2_T1) (43),1478667,43
,,0,2024-01-24T01:04:49.09644135Z,2024-02-23T01:04:49.09644135Z,2024-02-22T07:19:15.9522672Z,1208.7619,docker_cpu_usage_pct,NFCORE_CHIPSEQ:CHIPSEQ:ALIGN_BWA_MEM:BWA_MEM (EZH2_IP_NTKO_REP2_T1) (43),NFCORE_CHIPSEQ:CHIPSEQ:ALIGN_BWA_MEM:BWA_MEM (EZH2_IP_NTKO_REP2_T1) (43),1478667,43
,,0,2024-01-24T01:04:49.09644135Z,2024-02-23T01:04:49.09644135Z,2024-02-22T07:19:17.952884376Z,1202.5983,docker_cpu_usage_pct,NFCORE_CHIPSEQ:CHIPSEQ:ALIGN_BWA_MEM:BWA_MEM (EZH2_IP_NTKO_REP2_T1) (43),NFCORE_CHIPSEQ:CHIPSEQ:ALIGN_BWA_MEM:BWA_MEM (EZH2_IP_NTKO_REP2_T1) (43),1478667,43
,,0,2024-01-24T01:04:49.09644135Z,2024-02-23T01:04:49.09644135Z,2024-02-22T07:19:19.952474997Z,1201.0933,docker_cpu_usage_pct,NFCORE_CHIPSEQ:CHIPSEQ:ALIGN_BWA_MEM:BWA_MEM (EZH2_IP_NTKO_REP2_T1) (43),NFCORE_CHIPSEQ:CHIPSEQ:ALIGN_BWA_MEM:BWA_MEM (EZH2_IP_NTKO_REP2_T1) (43),1478667,43
,,0,2024-01-24T01:04:49.09644135Z,2024-02-23T01:04:49.09644135Z,2024-02-22T07:19:21.952949815Z,1202.9671,docker_cpu_usage_pct,NFCORE_CHIPSEQ:CHIPSEQ:ALIGN_BWA_MEM:BWA_MEM (EZH2_IP_NTKO_REP2_T1) (43),NFCORE_CHIPSEQ:CHIPSEQ:ALIGN_BWA_MEM:BWA_MEM (EZH2_IP_NTKO_REP2_T1) (43),1478667,43
,,0,2024-01-24T01:04:49.09644135Z,2024-02-23T01:04:49.09644135Z,2024-02-22T07:19:23.95242514Z,1204.093,docker_cpu_usage_pct,NFCORE_CHIPSEQ:CHIPSEQ:ALIGN_BWA_MEM:BWA_MEM (EZH2_IP_NTKO_REP2_T1) (43),NFCORE_CHIPSEQ:CHIPSEQ:ALIGN_BWA_MEM:BWA_MEM (EZH2_IP_NTKO_REP2_T1) (43),1478667,43
,,0,2024-01-24T01:04:49.09644135Z,2024-02-23T01:04:49.09644135Z,2024-02-22T07:19:25.952873476Z,1214.8524,docker_cpu_usage_pct,NFCORE_CHIPSEQ:CHIPSEQ:ALIGN_BWA_MEM:BWA_MEM (EZH2_IP_NTKO_REP2_T1) (43),NFCORE_CHIPSEQ:CHIPSEQ:ALIGN_BWA_MEM:BWA_MEM (EZH2_IP_NTKO_REP2_T1) (43),1478667,43
,,0,2024-01-24T01:04:49.09644135Z,2024-02-23T01:04:49.09644135Z,2024-02-22T07:19:27.952390711Z,1169.2431,docker_cpu_usage_pct,NFCORE_CHIPSEQ:CHIPSEQ:ALIGN_BWA_MEM:BWA_MEM (EZH2_IP_NTKO_REP2_T1) (43),NFCORE_CHIPSEQ:CHIPSEQ:ALIGN_BWA_MEM:BWA_MEM (EZH2_IP_NTKO_REP2_T1) (43),1478667,43
,,0,2024-01-24T01:04:49.09644135Z,2024-02-23T01:04:49.09644135Z,2024-02-22T07:19:29.952943878Z,1351.706,docker_cpu_usage_pct,NFCORE_CHIPSEQ:CHIPSEQ:ALIGN_BWA_MEM:BWA_MEM (EZH2_IP_NTKO_REP2_T1) (43),NFCORE_CHIPSEQ:CHIPSEQ:ALIGN_BWA_MEM:BWA_MEM (EZH2_IP_NTKO_REP2_T1) (43),1478667,43
,,0,2024-01-24T01:04:49.09644135Z,2024-02-23T01:04:49.09644135Z,2024-02-22T07:19:31.95247549Z,1429.9932,docker_cpu_usage_pct,NFCORE_CHIPSEQ:CHIPSEQ:ALIGN_BWA_MEM:BWA_MEM (EZH2_IP_NTKO_REP2_T1) (43),NFCORE_CHIPSEQ:CHIPSEQ:ALIGN_BWA_MEM:BWA_MEM (EZH2_IP_NTKO_REP2_T1) (43),1478667,43
,,0,2024-01-24T01:04:49.09644135Z,2024-02-23T01:04:49.09644135Z,2024-02-22T07:19:33.953081087Z,1488.2284,docker_cpu_usage_pct,NFCORE_CHIPSEQ:CHIPSEQ:ALIGN_BWA_MEM:BWA_MEM (EZH2_IP_NTKO_REP2_T1) (43),NFCORE_CHIPSEQ:CHIPSEQ:ALIGN_BWA_MEM:BWA_MEM (EZH2_IP_NTKO_REP2_T1) (43),1478667,43
,,0,2024-01-24T01:04:49.09644135Z,2024-02-23T01:04:49.09644135Z,2024-02-22T07:19:35.952590748Z,1307.6001,docker_cpu_usage_pct,NFCORE_CHIPSEQ:CHIPSEQ:ALIGN_BWA_MEM:BWA_MEM (EZH2_IP_NTKO_REP2_T1) (43),NFCORE_CHIPSEQ:CHIPSEQ:ALIGN_BWA_MEM:BWA_MEM (EZH2_IP_NTKO_REP2_T1) (43),1478667,43
,,0,2024-01-24T01:04:49.09644135Z,2024-02-23T01:04:49.09644135Z,2024-02-22T07:19:37.952100037Z,1286.0805,docker_cpu_usage_pct,NFCORE_CHIPSEQ:CHIPSEQ:ALIGN_BWA_MEM:BWA_MEM (EZH2_IP_NTKO_REP2_T1) (43),NFCORE_CHIPSEQ:CHIPSEQ:ALIGN_BWA_MEM:BWA_MEM (EZH2_IP_NTKO_REP2_T1) (43),1478667,43
,,0,2024-01-24T01:04:49.09644135Z,2024-02-23T01:04:49.09644135Z,2024-02-22T07:19:39.952635638Z,1197.7881,docker_cpu_usage_pct,NFCORE_CHIPSEQ:CHIPSEQ:ALIGN_BWA_MEM:BWA_MEM (EZH2_IP_NTKO_REP2_T1) (43),NFCORE_CHIPSEQ:CHIPSEQ:ALIGN_BWA_MEM:BWA_MEM (EZH2_IP_NTKO_REP2_T1) (43),1478667,43
,,0,2024-01-24T01:04:49.09644135Z,2024-02-23T01:04:49.09644135Z,2024-02-22T07:19:41.952142355Z,1202.5348,docker_cpu_usage_pct,NFCORE_CHIPSEQ:CHIPSEQ:ALIGN_BWA_MEM:BWA_MEM (EZH2_IP_NTKO_REP2_T1) (43),NFCORE_CHIPSEQ:CHIPSEQ:ALIGN_BWA_MEM:BWA_MEM (EZH2_IP_NTKO_REP2_T1) (43),1478667,43
,,0,2024-01-24T01:04:49.09644135Z,2024-02-23T01:04:49.09644135Z,2024-02-22T07:19:43.952629383Z,1201.5187,docker_cpu_usage_pct,NFCORE_CHIPSEQ:CHIPSEQ:ALIGN_BWA_MEM:BWA_MEM (EZH2_IP_NTKO_REP2_T1) (43),NFCORE_CHIPSEQ:CHIPSEQ:ALIGN_BWA_MEM:BWA_MEM (EZH2_IP_NTKO_REP2_T1) (43),1478667,43
,,0,2024-01-24T01:04:49.09644135Z,2024-02-23T01:04:49.09644135Z,2024-02-22T07:19:45.952261633Z,1207.2975,docker_cpu_usage_pct,NFCORE_CHIPSEQ:CHIPSEQ:ALIGN_BWA_MEM:BWA_MEM (EZH2_IP_NTKO_REP2_T1) (43),NFCORE_CHIPSEQ:CHIPSEQ:ALIGN_BWA_MEM:BWA_MEM (EZH2_IP_NTKO_REP2_T1) (43),1478667,43
,,0,2024-01-24T01:04:49.09644135Z,2024-02-23T01:04:49.09644135Z,2024-02-22T07:19:47.952763099Z,1203.3469,docker_cpu_usage_pct,NFCORE_CHIPSEQ:CHIPSEQ:ALIGN_BWA_MEM:BWA_MEM (EZH2_IP_NTKO_REP2_T1) (43),NFCORE_CHIPSEQ:CHIPSEQ:ALIGN_BWA_MEM:BWA_MEM (EZH2_IP_NTKO_REP2_T1) (43),1478667,43
,,0,2024-01-24T01:04:49.09644135Z,2024-02-23T01:04:49.09644135Z,2024-02-22T07:19:49.952344665Z,1202.5806,docker_cpu_usage_pct,NFCORE_CHIPSEQ:CHIPSEQ:ALIGN_BWA_MEM:BWA_MEM (EZH2_IP_NTKO_REP2_T1) (43),NFCORE_CHIPSEQ:CHIPSEQ:ALIGN_BWA_MEM:BWA_MEM (EZH2_IP_NTKO_REP2_T1) (43),1478667,43
,,0,2024-01-24T01:04:49.09644135Z,2024-02-23T01:04:49.09644135Z,2024-02-22T07:19:51.952799838Z,1202.1991,docker_cpu_usage_pct,NFCORE_CHIPSEQ:CHIPSEQ:ALIGN_BWA_MEM:BWA_MEM (EZH2_IP_NTKO_REP2_T1) (43),NFCORE_CHIPSEQ:CHIPSEQ:ALIGN_BWA_MEM:BWA_MEM (EZH2_IP_NTKO_REP2_T1) (43),1478667,43
,,0,2024-01-24T01:04:49.09644135Z,2024-02-23T01:04:49.09644135Z,2024-02-22T07:19:53.952238327Z,1202.2101,docker_cpu_usage_pct,NFCORE_CHIPSEQ:CHIPSEQ:ALIGN_BWA_MEM:BWA_MEM (EZH2_IP_NTKO_REP2_T1) (43),NFCORE_CHIPSEQ:CHIPSEQ:ALIGN_BWA_MEM:BWA_MEM (EZH2_IP_NTKO_REP2_T1) (43),1478667,43
,,0,2024-01-24T01:04:49.09644135Z,2024-02-23T01:04:49.09644135Z,2024-02-22T07:19:55.952771131Z,1206.33,docker_cpu_usage_pct,NFCORE_CHIPSEQ:CHIPSEQ:ALIGN_BWA_MEM:BWA_MEM (EZH2_IP_NTKO_REP2_T1) (43),NFCORE_CHIPSEQ:CHIPSEQ:ALIGN_BWA_MEM:BWA_MEM (EZH2_IP_NTKO_REP2_T1) (43),1478667,43
,,0,2024-01-24T01:04:49.09644135Z,2024-02-23T01:04:49.09644135Z,2024-02-22T07:19:57.95229846Z,1199.6687,docker_cpu_usage_pct,NFCORE_CHIPSEQ:CHIPSEQ:ALIGN_BWA_MEM:BWA_MEM (EZH2_IP_NTKO_REP2_T1) (43),NFCORE_CHIPSEQ:CHIPSEQ:ALIGN_BWA_MEM:BWA_MEM (EZH2_IP_NTKO_REP2_T1) (43),1478667,43
,,0,2024-01-24T01:04:49.09644135Z,2024-02-23T01:04:49.09644135Z,2024-02-22T07:19:59.952803101Z,1198.1331,docker_cpu_usage_pct,NFCORE_CHIPSEQ:CHIPSEQ:ALIGN_BWA_MEM:BWA_MEM (EZH2_IP_NTKO_REP2_T1) (43),NFCORE_CHIPSEQ:CHIPSEQ:ALIGN_BWA_MEM:BWA_MEM (EZH2_IP_NTKO_REP2_T1) (43),1478667,43
,,0,2024-01-24T01:04:49.09644135Z,2024-02-23T01:04:49.09644135Z,2024-02-22T07:20:01.95234409Z,1206.9572,docker_cpu_usage_pct,NFCORE_CHIPSEQ:CHIPSEQ:ALIGN_BWA_MEM:BWA_MEM (EZH2_IP_NTKO_REP2_T1) (43),NFCORE_CHIPSEQ:CHIPSEQ:ALIGN_BWA_MEM:BWA_MEM (EZH2_IP_NTKO_REP2_T1) (43),1478667,43
,,0,2024-01-24T01:04:49.09644135Z,2024-02-23T01:04:49.09644135Z,2024-02-22T07:20:03.95288504Z,1208.5752,docker_cpu_usage_pct,NFCORE_CHIPSEQ:CHIPSEQ:ALIGN_BWA_MEM:BWA_MEM (EZH2_IP_NTKO_REP2_T1) (43),NFCORE_CHIPSEQ:CHIPSEQ:ALIGN_BWA_MEM:BWA_MEM (EZH2_IP_NTKO_REP2_T1) (43),1478667,43
,,0,2024-01-24T01:04:49.09644135Z,2024-02-23T01:04:49.09644135Z,2024-02-22T07:20:05.952401836Z,1209.5137,docker_cpu_usage_pct,NFCORE_CHIPSEQ:CHIPSEQ:ALIGN_BWA_MEM:BWA_MEM (EZH2_IP_NTKO_REP2_T1) (43),NFCORE_CHIPSEQ:CHIPSEQ:ALIGN_BWA_MEM:BWA_MEM (EZH2_IP_NTKO_REP2_T1) (43),1478667,43
,,0,2024-01-24T01:04:49.09644135Z,2024-02-23T01:04:49.09644135Z,2024-02-22T07:20:07.953190992Z,1198.1203,docker_cpu_usage_pct,NFCORE_CHIPSEQ:CHIPSEQ:ALIGN_BWA_MEM:BWA_MEM (EZH2_IP_NTKO_REP2_T1) (43),NFCORE_CHIPSEQ:CHIPSEQ:ALIGN_BWA_MEM:BWA_MEM (EZH2_IP_NTKO_REP2_T1) (43),1478667,43
,,0,2024-01-24T01:04:49.09644135Z,2024-02-23T01:04:49.09644135Z,2024-02-22T07:20:09.952452358Z,1087.6822,docker_cpu_usage_pct,NFCORE_CHIPSEQ:CHIPSEQ:ALIGN_BWA_MEM:BWA_MEM (EZH2_IP_NTKO_REP2_T1) (43),NFCORE_CHIPSEQ:CHIPSEQ:ALIGN_BWA_MEM:BWA_MEM (EZH2_IP_NTKO_REP2_T1) (43),1478667,43
,,0,2024-01-24T01:04:49.09644135Z,2024-02-23T01:04:49.09644135Z,2024-02-22T07:20:11.952991855Z,1422.396,docker_cpu_usage_pct,NFCORE_CHIPSEQ:CHIPSEQ:ALIGN_BWA_MEM:BWA_MEM (EZH2_IP_NTKO_REP2_T1) (43),NFCORE_CHIPSEQ:CHIPSEQ:ALIGN_BWA_MEM:BWA_MEM (EZH2_IP_NTKO_REP2_T1) (43),1478667,43
,,0,2024-01-24T01:04:49.09644135Z,2024-02-23T01:04:49.09644135Z,2024-02-22T07:20:13.952785866Z,1445.3855,docker_cpu_usage_pct,NFCORE_CHIPSEQ:CHIPSEQ:ALIGN_BWA_MEM:BWA_MEM (EZH2_IP_NTKO_REP2_T1) (43),NFCORE_CHIPSEQ:CHIPSEQ:ALIGN_BWA_MEM:BWA_MEM (EZH2_IP_NTKO_REP2_T1) (43),1478667,43
,,0,2024-01-24T01:04:49.09644135Z,2024-02-23T01:04:49.09644135Z,2024-02-22T07:20:15.952217464Z,1509.4665,docker_cpu_usage_pct,NFCORE_CHIPSEQ:CHIPSEQ:ALIGN_BWA_MEM:BWA_MEM (EZH2_IP_NTKO_REP2_T1) (43),NFCORE_CHIPSEQ:CHIPSEQ:ALIGN_BWA_MEM:BWA_MEM (EZH2_IP_NTKO_REP2_T1) (43),1478667,43
,,0,2024-01-24T01:04:49.09644135Z,2024-02-23T01:04:49.09644135Z,2024-02-22T07:20:17.952705416Z,1298.1631,docker_cpu_usage_pct,NFCORE_CHIPSEQ:CHIPSEQ:ALIGN_BWA_MEM:BWA_MEM (EZH2_IP_NTKO_REP2_T1) (43),NFCORE_CHIPSEQ:CHIPSEQ:ALIGN_BWA_MEM:BWA_MEM (EZH2_IP_NTKO_REP2_T1) (43),1478667,43
,,0,2024-01-24T01:04:49.09644135Z,2024-02-23T01:04:49.09644135Z,2024-02-22T07:20:19.952235246Z,1230.2574,docker_cpu_usage_pct,NFCORE_CHIPSEQ:CHIPSEQ:ALIGN_BWA_MEM:BWA_MEM (EZH2_IP_NTKO_REP2_T1) (43),NFCORE_CHIPSEQ:CHIPSEQ:ALIGN_BWA_MEM:BWA_MEM (EZH2_IP_NTKO_REP2_T1) (43),1478667,43
,,0,2024-01-24T01:04:49.09644135Z,2024-02-23T01:04:49.09644135Z,2024-02-22T07:20:21.952809979Z,1204.8392,docker_cpu_usage_pct,NFCORE_CHIPSEQ:CHIPSEQ:ALIGN_BWA_MEM:BWA_MEM (EZH2_IP_NTKO_REP2_T1) (43),NFCORE_CHIPSEQ:CHIPSEQ:ALIGN_BWA_MEM:BWA_MEM (EZH2_IP_NTKO_REP2_T1) (43),1478667,43
,,0,2024-01-24T01:04:49.09644135Z,2024-02-23T01:04:49.09644135Z,2024-02-22T07:20:23.952306936Z,1204.8411,docker_cpu_usage_pct,NFCORE_CHIPSEQ:CHIPSEQ:ALIGN_BWA_MEM:BWA_MEM (EZH2_IP_NTKO_REP2_T1) (43),NFCORE_CHIPSEQ:CHIPSEQ:ALIGN_BWA_MEM:BWA_MEM (EZH2_IP_NTKO_REP2_T1) (43),1478667,43
,,0,2024-01-24T01:04:49.09644135Z,2024-02-23T01:04:49.09644135Z,2024-02-22T07:20:25.952852796Z,1214.2746,docker_cpu_usage_pct,NFCORE_CHIPSEQ:CHIPSEQ:ALIGN_BWA_MEM:BWA_MEM (EZH2_IP_NTKO_REP2_T1) (43),NFCORE_CHIPSEQ:CHIPSEQ:ALIGN_BWA_MEM:BWA_MEM (EZH2_IP_NTKO_REP2_T1) (43),1478667,43
,,0,2024-01-24T01:04:49.09644135Z,2024-02-23T01:04:49.09644135Z,2024-02-22T07:20:27.952436114Z,1200.7747,docker_cpu_usage_pct,NFCORE_CHIPSEQ:CHIPSEQ:ALIGN_BWA_MEM:BWA_MEM (EZH2_IP_NTKO_REP2_T1) (43),NFCORE_CHIPSEQ:CHIPSEQ:ALIGN_BWA_MEM:BWA_MEM (EZH2_IP_NTKO_REP2_T1) (43),1478667,43
,,0,2024-01-24T01:04:49.09644135Z,2024-02-23T01:04:49.09644135Z,2024-02-22T07:20:29.95290435Z,1197.7775,docker_cpu_usage_pct,NFCORE_CHIPSEQ:CHIPSEQ:ALIGN_BWA_MEM:BWA_MEM (EZH2_IP_NTKO_REP2_T1) (43),NFCORE_CHIPSEQ:CHIPSEQ:ALIGN_BWA_MEM:BWA_MEM (EZH2_IP_NTKO_REP2_T1) (43),1478667,43
,,0,2024-01-24T01:04:49.09644135Z,2024-02-23T01:04:49.09644135Z,2024-02-22T07:20:31.952681352Z,1188.241,docker_cpu_usage_pct,NFCORE_CHIPSEQ:CHIPSEQ:ALIGN_BWA_MEM:BWA_MEM (EZH2_IP_NTKO_REP2_T1) (43),NFCORE_CHIPSEQ:CHIPSEQ:ALIGN_BWA_MEM:BWA_MEM (EZH2_IP_NTKO_REP2_T1) (43),1478667,43
,,0,2024-01-24T01:04:49.09644135Z,2024-02-23T01:04:49.09644135Z,2024-02-22T07:20:33.953085524Z,1201.6124,docker_cpu_usage_pct,NFCORE_CHIPSEQ:CHIPSEQ:ALIGN_BWA_MEM:BWA_MEM (EZH2_IP_NTKO_REP2_T1) (43),NFCORE_CHIPSEQ:CHIPSEQ:ALIGN_BWA_MEM:BWA_MEM (EZH2_IP_NTKO_REP2_T1) (43),1478667,43
,,0,2024-01-24T01:04:49.09644135Z,2024-02-23T01:04:49.09644135Z,2024-02-22T07:20:35.952473053Z,1205.1796,docker_cpu_usage_pct,NFCORE_CHIPSEQ:CHIPSEQ:ALIGN_BWA_MEM:BWA_MEM (EZH2_IP_NTKO_REP2_T1) (43),NFCORE_CHIPSEQ:CHIPSEQ:ALIGN_BWA_MEM:BWA_MEM (EZH2_IP_NTKO_REP2_T1) (43),1478667,43
,,0,2024-01-24T01:04:49.09644135Z,2024-02-23T01:04:49.09644135Z,2024-02-22T07:20:37.952845192Z,1204.4268,docker_cpu_usage_pct,NFCORE_CHIPSEQ:CHIPSEQ:ALIGN_BWA_MEM:BWA_MEM (EZH2_IP_NTKO_REP2_T1) (43),NFCORE_CHIPSEQ:CHIPSEQ:ALIGN_BWA_MEM:BWA_MEM (EZH2_IP_NTKO_REP2_T1) (43),1478667,43
,,0,2024-01-24T01:04:49.09644135Z,2024-02-23T01:04:49.09644135Z,2024-02-22T07:20:39.952455225Z,1190.3872,docker_cpu_usage_pct,NFCORE_CHIPSEQ:CHIPSEQ:ALIGN_BWA_MEM:BWA_MEM (EZH2_IP_NTKO_REP2_T1) (43),NFCORE_CHIPSEQ:CHIPSEQ:ALIGN_BWA_MEM:BWA_MEM (EZH2_IP_NTKO_REP2_T1) (43),1478667,43
,,0,2024-01-24T01:04:49.09644135Z,2024-02-23T01:04:49.09644135Z,2024-02-22T07:20:41.953114092Z,1200.0059,docker_cpu_usage_pct,NFCORE_CHIPSEQ:CHIPSEQ:ALIGN_BWA_MEM:BWA_MEM (EZH2_IP_NTKO_REP2_T1) (43),NFCORE_CHIPSEQ:CHIPSEQ:ALIGN_BWA_MEM:BWA_MEM (EZH2_IP_NTKO_REP2_T1) (43),1478667,43
,,0,2024-01-24T01:04:49.09644135Z,2024-02-23T01:04:49.09644135Z,2024-02-22T07:20:43.952368332Z,1201.1886,docker_cpu_usage_pct,NFCORE_CHIPSEQ:CHIPSEQ:ALIGN_BWA_MEM:BWA_MEM (EZH2_IP_NTKO_REP2_T1) (43),NFCORE_CHIPSEQ:CHIPSEQ:ALIGN_BWA_MEM:BWA_MEM (EZH2_IP_NTKO_REP2_T1) (43),1478667,43
,,0,2024-01-24T01:04:49.09644135Z,2024-02-23T01:04:49.09644135Z,2024-02-22T07:20:45.952954425Z,1207.9826,docker_cpu_usage_pct,NFCORE_CHIPSEQ:CHIPSEQ:ALIGN_BWA_MEM:BWA_MEM (EZH2_IP_NTKO_REP2_T1) (43),NFCORE_CHIPSEQ:CHIPSEQ:ALIGN_BWA_MEM:BWA_MEM (EZH2_IP_NTKO_REP2_T1) (43),1478667,43
,,0,2024-01-24T01:04:49.09644135Z,2024-02-23T01:04:49.09644135Z,2024-02-22T07:20:47.952581156Z,1196.3525,docker_cpu_usage_pct,NFCORE_CHIPSEQ:CHIPSEQ:ALIGN_BWA_MEM:BWA_MEM (EZH2_IP_NTKO_REP2_T1) (43),NFCORE_CHIPSEQ:CHIPSEQ:ALIGN_BWA_MEM:BWA_MEM (EZH2_IP_NTKO_REP2_T1) (43),1478667,43
,,0,2024-01-24T01:04:49.09644135Z,2024-02-23T01:04:49.09644135Z,2024-02-22T07:20:49.952073321Z,1071.7436,docker_cpu_usage_pct,NFCORE_CHIPSEQ:CHIPSEQ:ALIGN_BWA_MEM:BWA_MEM (EZH2_IP_NTKO_REP2_T1) (43),NFCORE_CHIPSEQ:CHIPSEQ:ALIGN_BWA_MEM:BWA_MEM (EZH2_IP_NTKO_REP2_T1) (43),1478667,43
,,0,2024-01-24T01:04:49.09644135Z,2024-02-23T01:04:49.09644135Z,2024-02-22T07:20:51.952583029Z,1434.185,docker_cpu_usage_pct,NFCORE_CHIPSEQ:CHIPSEQ:ALIGN_BWA_MEM:BWA_MEM (EZH2_IP_NTKO_REP2_T1) (43),NFCORE_CHIPSEQ:CHIPSEQ:ALIGN_BWA_MEM:BWA_MEM (EZH2_IP_NTKO_REP2_T1) (43),1478667,43
,,0,2024-01-24T01:04:49.09644135Z,2024-02-23T01:04:49.09644135Z,2024-02-22T07:20:53.952153915Z,1462.0679,docker_cpu_usage_pct,NFCORE_CHIPSEQ:CHIPSEQ:ALIGN_BWA_MEM:BWA_MEM (EZH2_IP_NTKO_REP2_T1) (43),NFCORE_CHIPSEQ:CHIPSEQ:ALIGN_BWA_MEM:BWA_MEM (EZH2_IP_NTKO_REP2_T1) (43),1478667,43
,,0,2024-01-24T01:04:49.09644135Z,2024-02-23T01:04:49.09644135Z,2024-02-22T07:20:55.952666041Z,1404.4846,docker_cpu_usage_pct,NFCORE_CHIPSEQ:CHIPSEQ:ALIGN_BWA_MEM:BWA_MEM (EZH2_IP_NTKO_REP2_T1) (43),NFCORE_CHIPSEQ:CHIPSEQ:ALIGN_BWA_MEM:BWA_MEM (EZH2_IP_NTKO_REP2_T1) (43),1478667,43
,,0,2024-01-24T01:04:49.09644135Z,2024-02-23T01:04:49.09644135Z,2024-02-22T07:20:57.952234795Z,1302.8862,docker_cpu_usage_pct,NFCORE_CHIPSEQ:CHIPSEQ:ALIGN_BWA_MEM:BWA_MEM (EZH2_IP_NTKO_REP2_T1) (43),NFCORE_CHIPSEQ:CHIPSEQ:ALIGN_BWA_MEM:BWA_MEM (EZH2_IP_NTKO_REP2_T1) (43),1478667,43
,,0,2024-01-24T01:04:49.09644135Z,2024-02-23T01:04:49.09644135Z,2024-02-22T07:20:59.95275965Z,1193.0092,docker_cpu_usage_pct,NFCORE_CHIPSEQ:CHIPSEQ:ALIGN_BWA_MEM:BWA_MEM (EZH2_IP_NTKO_REP2_T1) (43),NFCORE_CHIPSEQ:CHIPSEQ:ALIGN_BWA_MEM:BWA_MEM (EZH2_IP_NTKO_REP2_T1) (43),1478667,43
,,0,2024-01-24T01:04:49.09644135Z,2024-02-23T01:04:49.09644135Z,2024-02-22T07:21:01.952308732Z,1205.9718,docker_cpu_usage_pct,NFCORE_CHIPSEQ:CHIPSEQ:ALIGN_BWA_MEM:BWA_MEM (EZH2_IP_NTKO_REP2_T1) (43),NFCORE_CHIPSEQ:CHIPSEQ:ALIGN_BWA_MEM:BWA_MEM (EZH2_IP_NTKO_REP2_T1) (43),1478667,43
,,0,2024-01-24T01:04:49.09644135Z,2024-02-23T01:04:49.09644135Z,2024-02-22T07:21:03.952817095Z,1195.5948,docker_cpu_usage_pct,NFCORE_CHIPSEQ:CHIPSEQ:ALIGN_BWA_MEM:BWA_MEM (EZH2_IP_NTKO_REP2_T1) (43),NFCORE_CHIPSEQ:CHIPSEQ:ALIGN_BWA_MEM:BWA_MEM (EZH2_IP_NTKO_REP2_T1) (43),1478667,43
,,0,2024-01-24T01:04:49.09644135Z,2024-02-23T01:04:49.09644135Z,2024-02-22T07:21:05.952599903Z,1199.2946,docker_cpu_usage_pct,NFCORE_CHIPSEQ:CHIPSEQ:ALIGN_BWA_MEM:BWA_MEM (EZH2_IP_NTKO_REP2_T1) (43),NFCORE_CHIPSEQ:CHIPSEQ:ALIGN_BWA_MEM:BWA_MEM (EZH2_IP_NTKO_REP2_T1) (43),1478667,43
,,0,2024-01-24T01:04:49.09644135Z,2024-02-23T01:04:49.09644135Z,2024-02-22T07:21:07.952970479Z,1197.8155,docker_cpu_usage_pct,NFCORE_CHIPSEQ:CHIPSEQ:ALIGN_BWA_MEM:BWA_MEM (EZH2_IP_NTKO_REP2_T1) (43),NFCORE_CHIPSEQ:CHIPSEQ:ALIGN_BWA_MEM:BWA_MEM (EZH2_IP_NTKO_REP2_T1) (43),1478667,43
,,0,2024-01-24T01:04:49.09644135Z,2024-02-23T01:04:49.09644135Z,2024-02-22T07:21:09.952443675Z,1192.609,docker_cpu_usage_pct,NFCORE_CHIPSEQ:CHIPSEQ:ALIGN_BWA_MEM:BWA_MEM (EZH2_IP_NTKO_REP2_T1) (43),NFCORE_CHIPSEQ:CHIPSEQ:ALIGN_BWA_MEM:BWA_MEM (EZH2_IP_NTKO_REP2_T1) (43),1478667,43
,,0,2024-01-24T01:04:49.09644135Z,2024-02-23T01:04:49.09644135Z,2024-02-22T07:21:11.953035067Z,1203.4154,docker_cpu_usage_pct,NFCORE_CHIPSEQ:CHIPSEQ:ALIGN_BWA_MEM:BWA_MEM (EZH2_IP_NTKO_REP2_T1) (43),NFCORE_CHIPSEQ:CHIPSEQ:ALIGN_BWA_MEM:BWA_MEM (EZH2_IP_NTKO_REP2_T1) (43),1478667,43
,,0,2024-01-24T01:04:49.09644135Z,2024-02-23T01:04:49.09644135Z,2024-02-22T07:21:13.952683698Z,1175.8854,docker_cpu_usage_pct,NFCORE_CHIPSEQ:CHIPSEQ:ALIGN_BWA_MEM:BWA_MEM (EZH2_IP_NTKO_REP2_T1) (43),NFCORE_CHIPSEQ:CHIPSEQ:ALIGN_BWA_MEM:BWA_MEM (EZH2_IP_NTKO_REP2_T1) (43),1478667,43
,,0,2024-01-24T01:04:49.09644135Z,2024-02-23T01:04:49.09644135Z,2024-02-22T07:21:15.95303634Z,1203.7764,docker_cpu_usage_pct,NFCORE_CHIPSEQ:CHIPSEQ:ALIGN_BWA_MEM:BWA_MEM (EZH2_IP_NTKO_REP2_T1) (43),NFCORE_CHIPSEQ:CHIPSEQ:ALIGN_BWA_MEM:BWA_MEM (EZH2_IP_NTKO_REP2_T1) (43),1478667,43
,,0,2024-01-24T01:04:49.09644135Z,2024-02-23T01:04:49.09644135Z,2024-02-22T07:21:17.952639217Z,1185.2839,docker_cpu_usage_pct,NFCORE_CHIPSEQ:CHIPSEQ:ALIGN_BWA_MEM:BWA_MEM (EZH2_IP_NTKO_REP2_T1) (43),NFCORE_CHIPSEQ:CHIPSEQ:ALIGN_BWA_MEM:BWA_MEM (EZH2_IP_NTKO_REP2_T1) (43),1478667,43
,,0,2024-01-24T01:04:49.09644135Z,2024-02-23T01:04:49.09644135Z,2024-02-22T07:21:19.953119702Z,1198.0988,docker_cpu_usage_pct,NFCORE_CHIPSEQ:CHIPSEQ:ALIGN_BWA_MEM:BWA_MEM (EZH2_IP_NTKO_REP2_T1) (43),NFCORE_CHIPSEQ:CHIPSEQ:ALIGN_BWA_MEM:BWA_MEM (EZH2_IP_NTKO_REP2_T1) (43),1478667,43
,,0,2024-01-24T01:04:49.09644135Z,2024-02-23T01:04:49.09644135Z,2024-02-22T07:21:21.952736218Z,1183.0903,docker_cpu_usage_pct,NFCORE_CHIPSEQ:CHIPSEQ:ALIGN_BWA_MEM:BWA_MEM (EZH2_IP_NTKO_REP2_T1) (43),NFCORE_CHIPSEQ:CHIPSEQ:ALIGN_BWA_MEM:BWA_MEM (EZH2_IP_NTKO_REP2_T1) (43),1478667,43
,,0,2024-01-24T01:04:49.09644135Z,2024-02-23T01:04:49.09644135Z,2024-02-22T07:21:23.953151559Z,1190.056,docker_cpu_usage_pct,NFCORE_CHIPSEQ:CHIPSEQ:ALIGN_BWA_MEM:BWA_MEM (EZH2_IP_NTKO_REP2_T1) (43),NFCORE_CHIPSEQ:CHIPSEQ:ALIGN_BWA_MEM:BWA_MEM (EZH2_IP_NTKO_REP2_T1) (43),1478667,43
,,0,2024-01-24T01:04:49.09644135Z,2024-02-23T01:04:49.09644135Z,2024-02-22T07:21:25.952618259Z,1205.4165,docker_cpu_usage_pct,NFCORE_CHIPSEQ:CHIPSEQ:ALIGN_BWA_MEM:BWA_MEM (EZH2_IP_NTKO_REP2_T1) (43),NFCORE_CHIPSEQ:CHIPSEQ:ALIGN_BWA_MEM:BWA_MEM (EZH2_IP_NTKO_REP2_T1) (43),1478667,43
,,0,2024-01-24T01:04:49.09644135Z,2024-02-23T01:04:49.09644135Z,2024-02-22T07:21:27.953221884Z,1118.5825,docker_cpu_usage_pct,NFCORE_CHIPSEQ:CHIPSEQ:ALIGN_BWA_MEM:BWA_MEM (EZH2_IP_NTKO_REP2_T1) (43),NFCORE_CHIPSEQ:CHIPSEQ:ALIGN_BWA_MEM:BWA_MEM (EZH2_IP_NTKO_REP2_T1) (43),1478667,43
,,0,2024-01-24T01:04:49.09644135Z,2024-02-23T01:04:49.09644135Z,2024-02-22T07:21:29.95261156Z,1437.0119,docker_cpu_usage_pct,NFCORE_CHIPSEQ:CHIPSEQ:ALIGN_BWA_MEM:BWA_MEM (EZH2_IP_NTKO_REP2_T1) (43),NFCORE_CHIPSEQ:CHIPSEQ:ALIGN_BWA_MEM:BWA_MEM (EZH2_IP_NTKO_REP2_T1) (43),1478667,43
,,0,2024-01-24T01:04:49.09644135Z,2024-02-23T01:04:49.09644135Z,2024-02-22T07:21:31.953046379Z,1470.7455,docker_cpu_usage_pct,NFCORE_CHIPSEQ:CHIPSEQ:ALIGN_BWA_MEM:BWA_MEM (EZH2_IP_NTKO_REP2_T1) (43),NFCORE_CHIPSEQ:CHIPSEQ:ALIGN_BWA_MEM:BWA_MEM (EZH2_IP_NTKO_REP2_T1) (43),1478667,43
,,0,2024-01-24T01:04:49.09644135Z,2024-02-23T01:04:49.09644135Z,2024-02-22T07:21:33.952538136Z,1525.4931,docker_cpu_usage_pct,NFCORE_CHIPSEQ:CHIPSEQ:ALIGN_BWA_MEM:BWA_MEM (EZH2_IP_NTKO_REP2_T1) (43),NFCORE_CHIPSEQ:CHIPSEQ:ALIGN_BWA_MEM:BWA_MEM (EZH2_IP_NTKO_REP2_T1) (43),1478667,43
,,0,2024-01-24T01:04:49.09644135Z,2024-02-23T01:04:49.09644135Z,2024-02-22T07:21:35.953039845Z,1298.3538,docker_cpu_usage_pct,NFCORE_CHIPSEQ:CHIPSEQ:ALIGN_BWA_MEM:BWA_MEM (EZH2_IP_NTKO_REP2_T1) (43),NFCORE_CHIPSEQ:CHIPSEQ:ALIGN_BWA_MEM:BWA_MEM (EZH2_IP_NTKO_REP2_T1) (43),1478667,43
,,0,2024-01-24T01:04:49.09644135Z,2024-02-23T01:04:49.09644135Z,2024-02-22T07:21:37.952574942Z,1200.4579,docker_cpu_usage_pct,NFCORE_CHIPSEQ:CHIPSEQ:ALIGN_BWA_MEM:BWA_MEM (EZH2_IP_NTKO_REP2_T1) (43),NFCORE_CHIPSEQ:CHIPSEQ:ALIGN_BWA_MEM:BWA_MEM (EZH2_IP_NTKO_REP2_T1) (43),1478667,43
,,0,2024-01-24T01:04:49.09644135Z,2024-02-23T01:04:49.09644135Z,2024-02-22T07:21:40.952195667Z,1202.876,docker_cpu_usage_pct,NFCORE_CHIPSEQ:CHIPSEQ:ALIGN_BWA_MEM:BWA_MEM (EZH2_IP_NTKO_REP2_T1) (43),NFCORE_CHIPSEQ:CHIPSEQ:ALIGN_BWA_MEM:BWA_MEM (EZH2_IP_NTKO_REP2_T1) (43),1478667,43
,,0,2024-01-24T01:04:49.09644135Z,2024-02-23T01:04:49.09644135Z,2024-02-22T07:21:42.952710354Z,1199.9874,docker_cpu_usage_pct,NFCORE_CHIPSEQ:CHIPSEQ:ALIGN_BWA_MEM:BWA_MEM (EZH2_IP_NTKO_REP2_T1) (43),NFCORE_CHIPSEQ:CHIPSEQ:ALIGN_BWA_MEM:BWA_MEM (EZH2_IP_NTKO_REP2_T1) (43),1478667,43
,,0,2024-01-24T01:04:49.09644135Z,2024-02-23T01:04:49.09644135Z,2024-02-22T07:21:44.952214777Z,1198.9633,docker_cpu_usage_pct,NFCORE_CHIPSEQ:CHIPSEQ:ALIGN_BWA_MEM:BWA_MEM (EZH2_IP_NTKO_REP2_T1) (43),NFCORE_CHIPSEQ:CHIPSEQ:ALIGN_BWA_MEM:BWA_MEM (EZH2_IP_NTKO_REP2_T1) (43),1478667,43
,,0,2024-01-24T01:04:49.09644135Z,2024-02-23T01:04:49.09644135Z,2024-02-22T07:21:46.952777334Z,1208.7578,docker_cpu_usage_pct,NFCORE_CHIPSEQ:CHIPSEQ:ALIGN_BWA_MEM:BWA_MEM (EZH2_IP_NTKO_REP2_T1) (43),NFCORE_CHIPSEQ:CHIPSEQ:ALIGN_BWA_MEM:BWA_MEM (EZH2_IP_NTKO_REP2_T1) (43),1478667,43
,,0,2024-01-24T01:04:49.09644135Z,2024-02-23T01:04:49.09644135Z,2024-02-22T07:21:48.952308387Z,1206.0273,docker_cpu_usage_pct,NFCORE_CHIPSEQ:CHIPSEQ:ALIGN_BWA_MEM:BWA_MEM (EZH2_IP_NTKO_REP2_T1) (43),NFCORE_CHIPSEQ:CHIPSEQ:ALIGN_BWA_MEM:BWA_MEM (EZH2_IP_NTKO_REP2_T1) (43),1478667,43
,,0,2024-01-24T01:04:49.09644135Z,2024-02-23T01:04:49.09644135Z,2024-02-22T07:21:50.952892203Z,1203.0027,docker_cpu_usage_pct,NFCORE_CHIPSEQ:CHIPSEQ:ALIGN_BWA_MEM:BWA_MEM (EZH2_IP_NTKO_REP2_T1) (43),NFCORE_CHIPSEQ:CHIPSEQ:ALIGN_BWA_MEM:BWA_MEM (EZH2_IP_NTKO_REP2_T1) (43),1478667,43
,,0,2024-01-24T01:04:49.09644135Z,2024-02-23T01:04:49.09644135Z,2024-02-22T07:21:52.952218647Z,1204.9407,docker_cpu_usage_pct,NFCORE_CHIPSEQ:CHIPSEQ:ALIGN_BWA_MEM:BWA_MEM (EZH2_IP_NTKO_REP2_T1) (43),NFCORE_CHIPSEQ:CHIPSEQ:ALIGN_BWA_MEM:BWA_MEM (EZH2_IP_NTKO_REP2_T1) (43),1478667,43
,,0,2024-01-24T01:04:49.09644135Z,2024-02-23T01:04:49.09644135Z,2024-02-22T07:21:54.952856613Z,1204.1478,docker_cpu_usage_pct,NFCORE_CHIPSEQ:CHIPSEQ:ALIGN_BWA_MEM:BWA_MEM (EZH2_IP_NTKO_REP2_T1) (43),NFCORE_CHIPSEQ:CHIPSEQ:ALIGN_BWA_MEM:BWA_MEM (EZH2_IP_NTKO_REP2_T1) (43),1478667,43
,,0,2024-01-24T01:04:49.09644135Z,2024-02-23T01:04:49.09644135Z,2024-02-22T07:21:56.952215837Z,1205.0861,docker_cpu_usage_pct,NFCORE_CHIPSEQ:CHIPSEQ:ALIGN_BWA_MEM:BWA_MEM (EZH2_IP_NTKO_REP2_T1) (43),NFCORE_CHIPSEQ:CHIPSEQ:ALIGN_BWA_MEM:BWA_MEM (EZH2_IP_NTKO_REP2_T1) (43),1478667,43
,,0,2024-01-24T01:04:49.09644135Z,2024-02-23T01:04:49.09644135Z,2024-02-22T07:21:58.952960546Z,1203.372,docker_cpu_usage_pct,NFCORE_CHIPSEQ:CHIPSEQ:ALIGN_BWA_MEM:BWA_MEM (EZH2_IP_NTKO_REP2_T1) (43),NFCORE_CHIPSEQ:CHIPSEQ:ALIGN_BWA_MEM:BWA_MEM (EZH2_IP_NTKO_REP2_T1) (43),1478667,43
,,0,2024-01-24T01:04:49.09644135Z,2024-02-23T01:04:49.09644135Z,2024-02-22T07:22:00.952518995Z,1205.2883,docker_cpu_usage_pct,NFCORE_CHIPSEQ:CHIPSEQ:ALIGN_BWA_MEM:BWA_MEM (EZH2_IP_NTKO_REP2_T1) (43),NFCORE_CHIPSEQ:CHIPSEQ:ALIGN_BWA_MEM:BWA_MEM (EZH2_IP_NTKO_REP2_T1) (43),1478667,43
,,0,2024-01-24T01:04:49.09644135Z,2024-02-23T01:04:49.09644135Z,2024-02-22T07:22:02.952686933Z,1199.3217,docker_cpu_usage_pct,NFCORE_CHIPSEQ:CHIPSEQ:ALIGN_BWA_MEM:BWA_MEM (EZH2_IP_NTKO_REP2_T1) (43),NFCORE_CHIPSEQ:CHIPSEQ:ALIGN_BWA_MEM:BWA_MEM (EZH2_IP_NTKO_REP2_T1) (43),1478667,43
,,0,2024-01-24T01:04:49.09644135Z,2024-02-23T01:04:49.09644135Z,2024-02-22T07:22:04.952300132Z,1204.9783,docker_cpu_usage_pct,NFCORE_CHIPSEQ:CHIPSEQ:ALIGN_BWA_MEM:BWA_MEM (EZH2_IP_NTKO_REP2_T1) (43),NFCORE_CHIPSEQ:CHIPSEQ:ALIGN_BWA_MEM:BWA_MEM (EZH2_IP_NTKO_REP2_T1) (43),1478667,43
,,0,2024-01-24T01:04:49.09644135Z,2024-02-23T01:04:49.09644135Z,2024-02-22T07:22:06.952847781Z,1201.2231,docker_cpu_usage_pct,NFCORE_CHIPSEQ:CHIPSEQ:ALIGN_BWA_MEM:BWA_MEM (EZH2_IP_NTKO_REP2_T1) (43),NFCORE_CHIPSEQ:CHIPSEQ:ALIGN_BWA_MEM:BWA_MEM (EZH2_IP_NTKO_REP2_T1) (43),1478667,43
,,0,2024-01-24T01:04:49.09644135Z,2024-02-23T01:04:49.09644135Z,2024-02-22T07:22:08.952350205Z,1220.1349,docker_cpu_usage_pct,NFCORE_CHIPSEQ:CHIPSEQ:ALIGN_BWA_MEM:BWA_MEM (EZH2_IP_NTKO_REP2_T1) (43),NFCORE_CHIPSEQ:CHIPSEQ:ALIGN_BWA_MEM:BWA_MEM (EZH2_IP_NTKO_REP2_T1) (43),1478667,43
,,0,2024-01-24T01:04:49.09644135Z,2024-02-23T01:04:49.09644135Z,2024-02-22T07:22:10.95280982Z,1432.6361,docker_cpu_usage_pct,NFCORE_CHIPSEQ:CHIPSEQ:ALIGN_BWA_MEM:BWA_MEM (EZH2_IP_NTKO_REP2_T1) (43),NFCORE_CHIPSEQ:CHIPSEQ:ALIGN_BWA_MEM:BWA_MEM (EZH2_IP_NTKO_REP2_T1) (43),1478667,43
,,0,2024-01-24T01:04:49.09644135Z,2024-02-23T01:04:49.09644135Z,2024-02-22T07:22:12.952381925Z,1474.9921,docker_cpu_usage_pct,NFCORE_CHIPSEQ:CHIPSEQ:ALIGN_BWA_MEM:BWA_MEM (EZH2_IP_NTKO_REP2_T1) (43),NFCORE_CHIPSEQ:CHIPSEQ:ALIGN_BWA_MEM:BWA_MEM (EZH2_IP_NTKO_REP2_T1) (43),1478667,43
,,0,2024-01-24T01:04:49.09644135Z,2024-02-23T01:04:49.09644135Z,2024-02-22T07:22:14.952873639Z,1320.1674,docker_cpu_usage_pct,NFCORE_CHIPSEQ:CHIPSEQ:ALIGN_BWA_MEM:BWA_MEM (EZH2_IP_NTKO_REP2_T1) (43),NFCORE_CHIPSEQ:CHIPSEQ:ALIGN_BWA_MEM:BWA_MEM (EZH2_IP_NTKO_REP2_T1) (43),1478667,43
,,0,2024-01-24T01:04:49.09644135Z,2024-02-23T01:04:49.09644135Z,2024-02-22T07:22:16.95235418Z,1306.531,docker_cpu_usage_pct,NFCORE_CHIPSEQ:CHIPSEQ:ALIGN_BWA_MEM:BWA_MEM (EZH2_IP_NTKO_REP2_T1) (43),NFCORE_CHIPSEQ:CHIPSEQ:ALIGN_BWA_MEM:BWA_MEM (EZH2_IP_NTKO_REP2_T1) (43),1478667,43
,,0,2024-01-24T01:04:49.09644135Z,2024-02-23T01:04:49.09644135Z,2024-02-22T07:22:18.952945865Z,1201.5074,docker_cpu_usage_pct,NFCORE_CHIPSEQ:CHIPSEQ:ALIGN_BWA_MEM:BWA_MEM (EZH2_IP_NTKO_REP2_T1) (43),NFCORE_CHIPSEQ:CHIPSEQ:ALIGN_BWA_MEM:BWA_MEM (EZH2_IP_NTKO_REP2_T1) (43),1478667,43
,,0,2024-01-24T01:04:49.09644135Z,2024-02-23T01:04:49.09644135Z,2024-02-22T07:22:20.952491337Z,1202.9971,docker_cpu_usage_pct,NFCORE_CHIPSEQ:CHIPSEQ:ALIGN_BWA_MEM:BWA_MEM (EZH2_IP_NTKO_REP2_T1) (43),NFCORE_CHIPSEQ:CHIPSEQ:ALIGN_BWA_MEM:BWA_MEM (EZH2_IP_NTKO_REP2_T1) (43),1478667,43
,,0,2024-01-24T01:04:49.09644135Z,2024-02-23T01:04:49.09644135Z,2024-02-22T07:22:22.9530631Z,1209.5005,docker_cpu_usage_pct,NFCORE_CHIPSEQ:CHIPSEQ:ALIGN_BWA_MEM:BWA_MEM (EZH2_IP_NTKO_REP2_T1) (43),NFCORE_CHIPSEQ:CHIPSEQ:ALIGN_BWA_MEM:BWA_MEM (EZH2_IP_NTKO_REP2_T1) (43),1478667,43
,,0,2024-01-24T01:04:49.09644135Z,2024-02-23T01:04:49.09644135Z,2024-02-22T07:22:24.952623861Z,1202.2582,docker_cpu_usage_pct,NFCORE_CHIPSEQ:CHIPSEQ:ALIGN_BWA_MEM:BWA_MEM (EZH2_IP_NTKO_REP2_T1) (43),NFCORE_CHIPSEQ:CHIPSEQ:ALIGN_BWA_MEM:BWA_MEM (EZH2_IP_NTKO_REP2_T1) (43),1478667,43
,,0,2024-01-24T01:04:49.09644135Z,2024-02-23T01:04:49.09644135Z,2024-02-22T07:22:26.952190471Z,1199.6859,docker_cpu_usage_pct,NFCORE_CHIPSEQ:CHIPSEQ:ALIGN_BWA_MEM:BWA_MEM (EZH2_IP_NTKO_REP2_T1) (43),NFCORE_CHIPSEQ:CHIPSEQ:ALIGN_BWA_MEM:BWA_MEM (EZH2_IP_NTKO_REP2_T1) (43),1478667,43
,,0,2024-01-24T01:04:49.09644135Z,2024-02-23T01:04:49.09644135Z,2024-02-22T07:22:28.952726711Z,1204.5432,docker_cpu_usage_pct,NFCORE_CHIPSEQ:CHIPSEQ:ALIGN_BWA_MEM:BWA_MEM (EZH2_IP_NTKO_REP2_T1) (43),NFCORE_CHIPSEQ:CHIPSEQ:ALIGN_BWA_MEM:BWA_MEM (EZH2_IP_NTKO_REP2_T1) (43),1478667,43
,,0,2024-01-24T01:04:49.09644135Z,2024-02-23T01:04:49.09644135Z,2024-02-22T07:22:30.952257328Z,1203.7705,docker_cpu_usage_pct,NFCORE_CHIPSEQ:CHIPSEQ:ALIGN_BWA_MEM:BWA_MEM (EZH2_IP_NTKO_REP2_T1) (43),NFCORE_CHIPSEQ:CHIPSEQ:ALIGN_BWA_MEM:BWA_MEM (EZH2_IP_NTKO_REP2_T1) (43),1478667,43
,,0,2024-01-24T01:04:49.09644135Z,2024-02-23T01:04:49.09644135Z,2024-02-22T07:22:32.95287551Z,1204.8906,docker_cpu_usage_pct,NFCORE_CHIPSEQ:CHIPSEQ:ALIGN_BWA_MEM:BWA_MEM (EZH2_IP_NTKO_REP2_T1) (43),NFCORE_CHIPSEQ:CHIPSEQ:ALIGN_BWA_MEM:BWA_MEM (EZH2_IP_NTKO_REP2_T1) (43),1478667,43
,,0,2024-01-24T01:04:49.09644135Z,2024-02-23T01:04:49.09644135Z,2024-02-22T07:22:34.952466078Z,1201.5466,docker_cpu_usage_pct,NFCORE_CHIPSEQ:CHIPSEQ:ALIGN_BWA_MEM:BWA_MEM (EZH2_IP_NTKO_REP2_T1) (43),NFCORE_CHIPSEQ:CHIPSEQ:ALIGN_BWA_MEM:BWA_MEM (EZH2_IP_NTKO_REP2_T1) (43),1478667,43
,,0,2024-01-24T01:04:49.09644135Z,2024-02-23T01:04:49.09644135Z,2024-02-22T07:22:36.953035017Z,1200.7732,docker_cpu_usage_pct,NFCORE_CHIPSEQ:CHIPSEQ:ALIGN_BWA_MEM:BWA_MEM (EZH2_IP_NTKO_REP2_T1) (43),NFCORE_CHIPSEQ:CHIPSEQ:ALIGN_BWA_MEM:BWA_MEM (EZH2_IP_NTKO_REP2_T1) (43),1478667,43
,,0,2024-01-24T01:04:49.09644135Z,2024-02-23T01:04:49.09644135Z,2024-02-22T07:22:38.952741547Z,1199.7359,docker_cpu_usage_pct,NFCORE_CHIPSEQ:CHIPSEQ:ALIGN_BWA_MEM:BWA_MEM (EZH2_IP_NTKO_REP2_T1) (43),NFCORE_CHIPSEQ:CHIPSEQ:ALIGN_BWA_MEM:BWA_MEM (EZH2_IP_NTKO_REP2_T1) (43),1478667,43
,,0,2024-01-24T01:04:49.09644135Z,2024-02-23T01:04:49.09644135Z,2024-02-22T07:22:40.952226589Z,1201.9612,docker_cpu_usage_pct,NFCORE_CHIPSEQ:CHIPSEQ:ALIGN_BWA_MEM:BWA_MEM (EZH2_IP_NTKO_REP2_T1) (43),NFCORE_CHIPSEQ:CHIPSEQ:ALIGN_BWA_MEM:BWA_MEM (EZH2_IP_NTKO_REP2_T1) (43),1478667,43
,,0,2024-01-24T01:04:49.09644135Z,2024-02-23T01:04:49.09644135Z,2024-02-22T07:22:42.952733153Z,1209.0442,docker_cpu_usage_pct,NFCORE_CHIPSEQ:CHIPSEQ:ALIGN_BWA_MEM:BWA_MEM (EZH2_IP_NTKO_REP2_T1) (43),NFCORE_CHIPSEQ:CHIPSEQ:ALIGN_BWA_MEM:BWA_MEM (EZH2_IP_NTKO_REP2_T1) (43),1478667,43
,,0,2024-01-24T01:04:49.09644135Z,2024-02-23T01:04:49.09644135Z,2024-02-22T07:22:44.952109541Z,1201.2329,docker_cpu_usage_pct,NFCORE_CHIPSEQ:CHIPSEQ:ALIGN_BWA_MEM:BWA_MEM (EZH2_IP_NTKO_REP2_T1) (43),NFCORE_CHIPSEQ:CHIPSEQ:ALIGN_BWA_MEM:BWA_MEM (EZH2_IP_NTKO_REP2_T1) (43),1478667,43
,,0,2024-01-24T01:04:49.09644135Z,2024-02-23T01:04:49.09644135Z,2024-02-22T07:22:46.952554232Z,1114.2196,docker_cpu_usage_pct,NFCORE_CHIPSEQ:CHIPSEQ:ALIGN_BWA_MEM:BWA_MEM (EZH2_IP_NTKO_REP2_T1) (43),NFCORE_CHIPSEQ:CHIPSEQ:ALIGN_BWA_MEM:BWA_MEM (EZH2_IP_NTKO_REP2_T1) (43),1478667,43
,,0,2024-01-24T01:04:49.09644135Z,2024-02-23T01:04:49.09644135Z,2024-02-22T07:22:48.952339322Z,1431.8448,docker_cpu_usage_pct,NFCORE_CHIPSEQ:CHIPSEQ:ALIGN_BWA_MEM:BWA_MEM (EZH2_IP_NTKO_REP2_T1) (43),NFCORE_CHIPSEQ:CHIPSEQ:ALIGN_BWA_MEM:BWA_MEM (EZH2_IP_NTKO_REP2_T1) (43),1478667,43
,,0,2024-01-24T01:04:49.09644135Z,2024-02-23T01:04:49.09644135Z,2024-02-22T07:22:50.952699699Z,1481.4736,docker_cpu_usage_pct,NFCORE_CHIPSEQ:CHIPSEQ:ALIGN_BWA_MEM:BWA_MEM (EZH2_IP_NTKO_REP2_T1) (43),NFCORE_CHIPSEQ:CHIPSEQ:ALIGN_BWA_MEM:BWA_MEM (EZH2_IP_NTKO_REP2_T1) (43),1478667,43
,,0,2024-01-24T01:04:49.09644135Z,2024-02-23T01:04:49.09644135Z,2024-02-22T07:22:52.952218168Z,1510.1934,docker_cpu_usage_pct,NFCORE_CHIPSEQ:CHIPSEQ:ALIGN_BWA_MEM:BWA_MEM (EZH2_IP_NTKO_REP2_T1) (43),NFCORE_CHIPSEQ:CHIPSEQ:ALIGN_BWA_MEM:BWA_MEM (EZH2_IP_NTKO_REP2_T1) (43),1478667,43
,,0,2024-01-24T01:04:49.09644135Z,2024-02-23T01:04:49.09644135Z,2024-02-22T07:22:54.95277041Z,1289.5719,docker_cpu_usage_pct,NFCORE_CHIPSEQ:CHIPSEQ:ALIGN_BWA_MEM:BWA_MEM (EZH2_IP_NTKO_REP2_T1) (43),NFCORE_CHIPSEQ:CHIPSEQ:ALIGN_BWA_MEM:BWA_MEM (EZH2_IP_NTKO_REP2_T1) (43),1478667,43
,,0,2024-01-24T01:04:49.09644135Z,2024-02-23T01:04:49.09644135Z,2024-02-22T07:22:56.952289108Z,1204.5225,docker_cpu_usage_pct,NFCORE_CHIPSEQ:CHIPSEQ:ALIGN_BWA_MEM:BWA_MEM (EZH2_IP_NTKO_REP2_T1) (43),NFCORE_CHIPSEQ:CHIPSEQ:ALIGN_BWA_MEM:BWA_MEM (EZH2_IP_NTKO_REP2_T1) (43),1478667,43
,,0,2024-01-24T01:04:49.09644135Z,2024-02-23T01:04:49.09644135Z,2024-02-22T07:22:58.952824948Z,1201.8996,docker_cpu_usage_pct,NFCORE_CHIPSEQ:CHIPSEQ:ALIGN_BWA_MEM:BWA_MEM (EZH2_IP_NTKO_REP2_T1) (43),NFCORE_CHIPSEQ:CHIPSEQ:ALIGN_BWA_MEM:BWA_MEM (EZH2_IP_NTKO_REP2_T1) (43),1478667,43
,,0,2024-01-24T01:04:49.09644135Z,2024-02-23T01:04:49.09644135Z,2024-02-22T07:23:00.952453478Z,1197.7895,docker_cpu_usage_pct,NFCORE_CHIPSEQ:CHIPSEQ:ALIGN_BWA_MEM:BWA_MEM (EZH2_IP_NTKO_REP2_T1) (43),NFCORE_CHIPSEQ:CHIPSEQ:ALIGN_BWA_MEM:BWA_MEM (EZH2_IP_NTKO_REP2_T1) (43),1478667,43
,,0,2024-01-24T01:04:49.09644135Z,2024-02-23T01:04:49.09644135Z,2024-02-22T07:23:02.952668966Z,1206.4211,docker_cpu_usage_pct,NFCORE_CHIPSEQ:CHIPSEQ:ALIGN_BWA_MEM:BWA_MEM (EZH2_IP_NTKO_REP2_T1) (43),NFCORE_CHIPSEQ:CHIPSEQ:ALIGN_BWA_MEM:BWA_MEM (EZH2_IP_NTKO_REP2_T1) (43),1478667,43
,,0,2024-01-24T01:04:49.09644135Z,2024-02-23T01:04:49.09644135Z,2024-02-22T07:23:04.952286014Z,1180.9669,docker_cpu_usage_pct,NFCORE_CHIPSEQ:CHIPSEQ:ALIGN_BWA_MEM:BWA_MEM (EZH2_IP_NTKO_REP2_T1) (43),NFCORE_CHIPSEQ:CHIPSEQ:ALIGN_BWA_MEM:BWA_MEM (EZH2_IP_NTKO_REP2_T1) (43),1478667,43
,,0,2024-01-24T01:04:49.09644135Z,2024-02-23T01:04:49.09644135Z,2024-02-22T07:23:06.952879864Z,1184.2364,docker_cpu_usage_pct,NFCORE_CHIPSEQ:CHIPSEQ:ALIGN_BWA_MEM:BWA_MEM (EZH2_IP_NTKO_REP2_T1) (43),NFCORE_CHIPSEQ:CHIPSEQ:ALIGN_BWA_MEM:BWA_MEM (EZH2_IP_NTKO_REP2_T1) (43),1478667,43
,,0,2024-01-24T01:04:49.09644135Z,2024-02-23T01:04:49.09644135Z,2024-02-22T07:23:08.952613535Z,1201.1902,docker_cpu_usage_pct,NFCORE_CHIPSEQ:CHIPSEQ:ALIGN_BWA_MEM:BWA_MEM (EZH2_IP_NTKO_REP2_T1) (43),NFCORE_CHIPSEQ:CHIPSEQ:ALIGN_BWA_MEM:BWA_MEM (EZH2_IP_NTKO_REP2_T1) (43),1478667,43
,,0,2024-01-24T01:04:49.09644135Z,2024-02-23T01:04:49.09644135Z,2024-02-22T07:23:10.953115649Z,1200.429,docker_cpu_usage_pct,NFCORE_CHIPSEQ:CHIPSEQ:ALIGN_BWA_MEM:BWA_MEM (EZH2_IP_NTKO_REP2_T1) (43),NFCORE_CHIPSEQ:CHIPSEQ:ALIGN_BWA_MEM:BWA_MEM (EZH2_IP_NTKO_REP2_T1) (43),1478667,43
,,0,2024-01-24T01:04:49.09644135Z,2024-02-23T01:04:49.09644135Z,2024-02-22T07:23:12.952611791Z,1199.4121,docker_cpu_usage_pct,NFCORE_CHIPSEQ:CHIPSEQ:ALIGN_BWA_MEM:BWA_MEM (EZH2_IP_NTKO_REP2_T1) (43),NFCORE_CHIPSEQ:CHIPSEQ:ALIGN_BWA_MEM:BWA_MEM (EZH2_IP_NTKO_REP2_T1) (43),1478667,43
,,0,2024-01-24T01:04:49.09644135Z,2024-02-23T01:04:49.09644135Z,2024-02-22T07:23:14.9532635Z,1200.4337,docker_cpu_usage_pct,NFCORE_CHIPSEQ:CHIPSEQ:ALIGN_BWA_MEM:BWA_MEM (EZH2_IP_NTKO_REP2_T1) (43),NFCORE_CHIPSEQ:CHIPSEQ:ALIGN_BWA_MEM:BWA_MEM (EZH2_IP_NTKO_REP2_T1) (43),1478667,43
,,0,2024-01-24T01:04:49.09644135Z,2024-02-23T01:04:49.09644135Z,2024-02-22T07:23:16.952763971Z,1199.0289,docker_cpu_usage_pct,NFCORE_CHIPSEQ:CHIPSEQ:ALIGN_BWA_MEM:BWA_MEM (EZH2_IP_NTKO_REP2_T1) (43),NFCORE_CHIPSEQ:CHIPSEQ:ALIGN_BWA_MEM:BWA_MEM (EZH2_IP_NTKO_REP2_T1) (43),1478667,43
,,0,2024-01-24T01:04:49.09644135Z,2024-02-23T01:04:49.09644135Z,2024-02-22T07:23:18.953383077Z,1184.2107,docker_cpu_usage_pct,NFCORE_CHIPSEQ:CHIPSEQ:ALIGN_BWA_MEM:BWA_MEM (EZH2_IP_NTKO_REP2_T1) (43),NFCORE_CHIPSEQ:CHIPSEQ:ALIGN_BWA_MEM:BWA_MEM (EZH2_IP_NTKO_REP2_T1) (43),1478667,43
,,0,2024-01-24T01:04:49.09644135Z,2024-02-23T01:04:49.09644135Z,2024-02-22T07:23:20.952940818Z,1184.1814,docker_cpu_usage_pct,NFCORE_CHIPSEQ:CHIPSEQ:ALIGN_BWA_MEM:BWA_MEM (EZH2_IP_NTKO_REP2_T1) (43),NFCORE_CHIPSEQ:CHIPSEQ:ALIGN_BWA_MEM:BWA_MEM (EZH2_IP_NTKO_REP2_T1) (43),1478667,43
,,0,2024-01-24T01:04:49.09644135Z,2024-02-23T01:04:49.09644135Z,2024-02-22T07:23:22.952281042Z,1194.1177,docker_cpu_usage_pct,NFCORE_CHIPSEQ:CHIPSEQ:ALIGN_BWA_MEM:BWA_MEM (EZH2_IP_NTKO_REP2_T1) (43),NFCORE_CHIPSEQ:CHIPSEQ:ALIGN_BWA_MEM:BWA_MEM (EZH2_IP_NTKO_REP2_T1) (43),1478667,43
,,0,2024-01-24T01:04:49.09644135Z,2024-02-23T01:04:49.09644135Z,2024-02-22T07:23:24.952826004Z,1163.9084,docker_cpu_usage_pct,NFCORE_CHIPSEQ:CHIPSEQ:ALIGN_BWA_MEM:BWA_MEM (EZH2_IP_NTKO_REP2_T1) (43),NFCORE_CHIPSEQ:CHIPSEQ:ALIGN_BWA_MEM:BWA_MEM (EZH2_IP_NTKO_REP2_T1) (43),1478667,43
,,0,2024-01-24T01:04:49.09644135Z,2024-02-23T01:04:49.09644135Z,2024-02-22T07:23:26.952260569Z,1320.6815,docker_cpu_usage_pct,NFCORE_CHIPSEQ:CHIPSEQ:ALIGN_BWA_MEM:BWA_MEM (EZH2_IP_NTKO_REP2_T1) (43),NFCORE_CHIPSEQ:CHIPSEQ:ALIGN_BWA_MEM:BWA_MEM (EZH2_IP_NTKO_REP2_T1) (43),1478667,43
,,0,2024-01-24T01:04:49.09644135Z,2024-02-23T01:04:49.09644135Z,2024-02-22T07:23:28.952950255Z,1438.3743,docker_cpu_usage_pct,NFCORE_CHIPSEQ:CHIPSEQ:ALIGN_BWA_MEM:BWA_MEM (EZH2_IP_NTKO_REP2_T1) (43),NFCORE_CHIPSEQ:CHIPSEQ:ALIGN_BWA_MEM:BWA_MEM (EZH2_IP_NTKO_REP2_T1) (43),1478667,43
,,0,2024-01-24T01:04:49.09644135Z,2024-02-23T01:04:49.09644135Z,2024-02-22T07:23:30.952434381Z,1498.9866,docker_cpu_usage_pct,NFCORE_CHIPSEQ:CHIPSEQ:ALIGN_BWA_MEM:BWA_MEM (EZH2_IP_NTKO_REP2_T1) (43),NFCORE_CHIPSEQ:CHIPSEQ:ALIGN_BWA_MEM:BWA_MEM (EZH2_IP_NTKO_REP2_T1) (43),1478667,43
,,0,2024-01-24T01:04:49.09644135Z,2024-02-23T01:04:49.09644135Z,2024-02-22T07:23:32.952867556Z,1295.1927,docker_cpu_usage_pct,NFCORE_CHIPSEQ:CHIPSEQ:ALIGN_BWA_MEM:BWA_MEM (EZH2_IP_NTKO_REP2_T1) (43),NFCORE_CHIPSEQ:CHIPSEQ:ALIGN_BWA_MEM:BWA_MEM (EZH2_IP_NTKO_REP2_T1) (43),1478667,43
,,0,2024-01-24T01:04:49.09644135Z,2024-02-23T01:04:49.09644135Z,2024-02-22T07:23:34.952292529Z,1237.2672,docker_cpu_usage_pct,NFCORE_CHIPSEQ:CHIPSEQ:ALIGN_BWA_MEM:BWA_MEM (EZH2_IP_NTKO_REP2_T1) (43),NFCORE_CHIPSEQ:CHIPSEQ:ALIGN_BWA_MEM:BWA_MEM (EZH2_IP_NTKO_REP2_T1) (43),1478667,43
,,0,2024-01-24T01:04:49.09644135Z,2024-02-23T01:04:49.09644135Z,2024-02-22T07:23:36.953072455Z,1199.3071,docker_cpu_usage_pct,NFCORE_CHIPSEQ:CHIPSEQ:ALIGN_BWA_MEM:BWA_MEM (EZH2_IP_NTKO_REP2_T1) (43),NFCORE_CHIPSEQ:CHIPSEQ:ALIGN_BWA_MEM:BWA_MEM (EZH2_IP_NTKO_REP2_T1) (43),1478667,43
,,0,2024-01-24T01:04:49.09644135Z,2024-02-23T01:04:49.09644135Z,2024-02-22T07:23:38.952533297Z,1202.2951,docker_cpu_usage_pct,NFCORE_CHIPSEQ:CHIPSEQ:ALIGN_BWA_MEM:BWA_MEM (EZH2_IP_NTKO_REP2_T1) (43),NFCORE_CHIPSEQ:CHIPSEQ:ALIGN_BWA_MEM:BWA_MEM (EZH2_IP_NTKO_REP2_T1) (43),1478667,43
,,0,2024-01-24T01:04:49.09644135Z,2024-02-23T01:04:49.09644135Z,2024-02-22T07:23:40.952925659Z,1192.9624,docker_cpu_usage_pct,NFCORE_CHIPSEQ:CHIPSEQ:ALIGN_BWA_MEM:BWA_MEM (EZH2_IP_NTKO_REP2_T1) (43),NFCORE_CHIPSEQ:CHIPSEQ:ALIGN_BWA_MEM:BWA_MEM (EZH2_IP_NTKO_REP2_T1) (43),1478667,43
,,0,2024-01-24T01:04:49.09644135Z,2024-02-23T01:04:49.09644135Z,2024-02-22T07:23:42.952495984Z,1196.5235,docker_cpu_usage_pct,NFCORE_CHIPSEQ:CHIPSEQ:ALIGN_BWA_MEM:BWA_MEM (EZH2_IP_NTKO_REP2_T1) (43),NFCORE_CHIPSEQ:CHIPSEQ:ALIGN_BWA_MEM:BWA_MEM (EZH2_IP_NTKO_REP2_T1) (43),1478667,43
,,0,2024-01-24T01:04:49.09644135Z,2024-02-23T01:04:49.09644135Z,2024-02-22T07:23:44.952945807Z,1177.7048,docker_cpu_usage_pct,NFCORE_CHIPSEQ:CHIPSEQ:ALIGN_BWA_MEM:BWA_MEM (EZH2_IP_NTKO_REP2_T1) (43),NFCORE_CHIPSEQ:CHIPSEQ:ALIGN_BWA_MEM:BWA_MEM (EZH2_IP_NTKO_REP2_T1) (43),1478667,43
,,0,2024-01-24T01:04:49.09644135Z,2024-02-23T01:04:49.09644135Z,2024-02-22T07:23:46.952634674Z,1191.1755,docker_cpu_usage_pct,NFCORE_CHIPSEQ:CHIPSEQ:ALIGN_BWA_MEM:BWA_MEM (EZH2_IP_NTKO_REP2_T1) (43),NFCORE_CHIPSEQ:CHIPSEQ:ALIGN_BWA_MEM:BWA_MEM (EZH2_IP_NTKO_REP2_T1) (43),1478667,43
,,0,2024-01-24T01:04:49.09644135Z,2024-02-23T01:04:49.09644135Z,2024-02-22T07:23:48.95321634Z,1180.9382,docker_cpu_usage_pct,NFCORE_CHIPSEQ:CHIPSEQ:ALIGN_BWA_MEM:BWA_MEM (EZH2_IP_NTKO_REP2_T1) (43),NFCORE_CHIPSEQ:CHIPSEQ:ALIGN_BWA_MEM:BWA_MEM (EZH2_IP_NTKO_REP2_T1) (43),1478667,43
,,0,2024-01-24T01:04:49.09644135Z,2024-02-23T01:04:49.09644135Z,2024-02-22T07:23:50.952693259Z,1200.702,docker_cpu_usage_pct,NFCORE_CHIPSEQ:CHIPSEQ:ALIGN_BWA_MEM:BWA_MEM (EZH2_IP_NTKO_REP2_T1) (43),NFCORE_CHIPSEQ:CHIPSEQ:ALIGN_BWA_MEM:BWA_MEM (EZH2_IP_NTKO_REP2_T1) (43),1478667,43
,,0,2024-01-24T01:04:49.09644135Z,2024-02-23T01:04:49.09644135Z,2024-02-22T07:23:52.953383657Z,1209.642,docker_cpu_usage_pct,NFCORE_CHIPSEQ:CHIPSEQ:ALIGN_BWA_MEM:BWA_MEM (EZH2_IP_NTKO_REP2_T1) (43),NFCORE_CHIPSEQ:CHIPSEQ:ALIGN_BWA_MEM:BWA_MEM (EZH2_IP_NTKO_REP2_T1) (43),1478667,43
,,0,2024-01-24T01:04:49.09644135Z,2024-02-23T01:04:49.09644135Z,2024-02-22T07:23:54.952779292Z,1195.2286,docker_cpu_usage_pct,NFCORE_CHIPSEQ:CHIPSEQ:ALIGN_BWA_MEM:BWA_MEM (EZH2_IP_NTKO_REP2_T1) (43),NFCORE_CHIPSEQ:CHIPSEQ:ALIGN_BWA_MEM:BWA_MEM (EZH2_IP_NTKO_REP2_T1) (43),1478667,43
,,0,2024-01-24T01:04:49.09644135Z,2024-02-23T01:04:49.09644135Z,2024-02-22T07:23:56.952383224Z,1200.7961,docker_cpu_usage_pct,NFCORE_CHIPSEQ:CHIPSEQ:ALIGN_BWA_MEM:BWA_MEM (EZH2_IP_NTKO_REP2_T1) (43),NFCORE_CHIPSEQ:CHIPSEQ:ALIGN_BWA_MEM:BWA_MEM (EZH2_IP_NTKO_REP2_T1) (43),1478667,43
,,0,2024-01-24T01:04:49.09644135Z,2024-02-23T01:04:49.09644135Z,2024-02-22T07:23:58.952790672Z,1202.7007,docker_cpu_usage_pct,NFCORE_CHIPSEQ:CHIPSEQ:ALIGN_BWA_MEM:BWA_MEM (EZH2_IP_NTKO_REP2_T1) (43),NFCORE_CHIPSEQ:CHIPSEQ:ALIGN_BWA_MEM:BWA_MEM (EZH2_IP_NTKO_REP2_T1) (43),1478667,43
,,0,2024-01-24T01:04:49.09644135Z,2024-02-23T01:04:49.09644135Z,2024-02-22T07:24:00.952475514Z,1201.5439,docker_cpu_usage_pct,NFCORE_CHIPSEQ:CHIPSEQ:ALIGN_BWA_MEM:BWA_MEM (EZH2_IP_NTKO_REP2_T1) (43),NFCORE_CHIPSEQ:CHIPSEQ:ALIGN_BWA_MEM:BWA_MEM (EZH2_IP_NTKO_REP2_T1) (43),1478667,43
,,0,2024-01-24T01:04:49.09644135Z,2024-02-23T01:04:49.09644135Z,2024-02-22T07:24:02.95285545Z,1200.6738,docker_cpu_usage_pct,NFCORE_CHIPSEQ:CHIPSEQ:ALIGN_BWA_MEM:BWA_MEM (EZH2_IP_NTKO_REP2_T1) (43),NFCORE_CHIPSEQ:CHIPSEQ:ALIGN_BWA_MEM:BWA_MEM (EZH2_IP_NTKO_REP2_T1) (43),1478667,43
,,0,2024-01-24T01:04:49.09644135Z,2024-02-23T01:04:49.09644135Z,2024-02-22T07:24:04.952331064Z,1165.6372,docker_cpu_usage_pct,NFCORE_CHIPSEQ:CHIPSEQ:ALIGN_BWA_MEM:BWA_MEM (EZH2_IP_NTKO_REP2_T1) (43),NFCORE_CHIPSEQ:CHIPSEQ:ALIGN_BWA_MEM:BWA_MEM (EZH2_IP_NTKO_REP2_T1) (43),1478667,43
,,0,2024-01-24T01:04:49.09644135Z,2024-02-23T01:04:49.09644135Z,2024-02-22T07:24:06.952788031Z,1446.2668,docker_cpu_usage_pct,NFCORE_CHIPSEQ:CHIPSEQ:ALIGN_BWA_MEM:BWA_MEM (EZH2_IP_NTKO_REP2_T1) (43),NFCORE_CHIPSEQ:CHIPSEQ:ALIGN_BWA_MEM:BWA_MEM (EZH2_IP_NTKO_REP2_T1) (43),1478667,43
,,0,2024-01-24T01:04:49.09644135Z,2024-02-23T01:04:49.09644135Z,2024-02-22T07:24:08.952447571Z,1488.3483,docker_cpu_usage_pct,NFCORE_CHIPSEQ:CHIPSEQ:ALIGN_BWA_MEM:BWA_MEM (EZH2_IP_NTKO_REP2_T1) (43),NFCORE_CHIPSEQ:CHIPSEQ:ALIGN_BWA_MEM:BWA_MEM (EZH2_IP_NTKO_REP2_T1) (43),1478667,43
,,0,2024-01-24T01:04:49.09644135Z,2024-02-23T01:04:49.09644135Z,2024-02-22T07:24:10.952997459Z,1285.545,docker_cpu_usage_pct,NFCORE_CHIPSEQ:CHIPSEQ:ALIGN_BWA_MEM:BWA_MEM (EZH2_IP_NTKO_REP2_T1) (43),NFCORE_CHIPSEQ:CHIPSEQ:ALIGN_BWA_MEM:BWA_MEM (EZH2_IP_NTKO_REP2_T1) (43),1478667,43
,,0,2024-01-24T01:04:49.09644135Z,2024-02-23T01:04:49.09644135Z,2024-02-22T07:24:12.952512713Z,1274.2991,docker_cpu_usage_pct,NFCORE_CHIPSEQ:CHIPSEQ:ALIGN_BWA_MEM:BWA_MEM (EZH2_IP_NTKO_REP2_T1) (43),NFCORE_CHIPSEQ:CHIPSEQ:ALIGN_BWA_MEM:BWA_MEM (EZH2_IP_NTKO_REP2_T1) (43),1478667,43
,,0,2024-01-24T01:04:49.09644135Z,2024-02-23T01:04:49.09644135Z,2024-02-22T07:24:14.95307063Z,1205.3174,docker_cpu_usage_pct,NFCORE_CHIPSEQ:CHIPSEQ:ALIGN_BWA_MEM:BWA_MEM (EZH2_IP_NTKO_REP2_T1) (43),NFCORE_CHIPSEQ:CHIPSEQ:ALIGN_BWA_MEM:BWA_MEM (EZH2_IP_NTKO_REP2_T1) (43),1478667,43
,,0,2024-01-24T01:04:49.09644135Z,2024-02-23T01:04:49.09644135Z,2024-02-22T07:24:16.952541822Z,1196.7586,docker_cpu_usage_pct,NFCORE_CHIPSEQ:CHIPSEQ:ALIGN_BWA_MEM:BWA_MEM (EZH2_IP_NTKO_REP2_T1) (43),NFCORE_CHIPSEQ:CHIPSEQ:ALIGN_BWA_MEM:BWA_MEM (EZH2_IP_NTKO_REP2_T1) (43),1478667,43
,,0,2024-01-24T01:04:49.09644135Z,2024-02-23T01:04:49.09644135Z,2024-02-22T07:24:18.952891621Z,1179.8429,docker_cpu_usage_pct,NFCORE_CHIPSEQ:CHIPSEQ:ALIGN_BWA_MEM:BWA_MEM (EZH2_IP_NTKO_REP2_T1) (43),NFCORE_CHIPSEQ:CHIPSEQ:ALIGN_BWA_MEM:BWA_MEM (EZH2_IP_NTKO_REP2_T1) (43),1478667,43
,,0,2024-01-24T01:04:49.09644135Z,2024-02-23T01:04:49.09644135Z,2024-02-22T07:24:20.952381502Z,1203.8266,docker_cpu_usage_pct,NFCORE_CHIPSEQ:CHIPSEQ:ALIGN_BWA_MEM:BWA_MEM (EZH2_IP_NTKO_REP2_T1) (43),NFCORE_CHIPSEQ:CHIPSEQ:ALIGN_BWA_MEM:BWA_MEM (EZH2_IP_NTKO_REP2_T1) (43),1478667,43
,,0,2024-01-24T01:04:49.09644135Z,2024-02-23T01:04:49.09644135Z,2024-02-22T07:24:22.953106652Z,1199.0593,docker_cpu_usage_pct,NFCORE_CHIPSEQ:CHIPSEQ:ALIGN_BWA_MEM:BWA_MEM (EZH2_IP_NTKO_REP2_T1) (43),NFCORE_CHIPSEQ:CHIPSEQ:ALIGN_BWA_MEM:BWA_MEM (EZH2_IP_NTKO_REP2_T1) (43),1478667,43
,,0,2024-01-24T01:04:49.09644135Z,2024-02-23T01:04:49.09644135Z,2024-02-22T07:24:24.952513989Z,1191.5316,docker_cpu_usage_pct,NFCORE_CHIPSEQ:CHIPSEQ:ALIGN_BWA_MEM:BWA_MEM (EZH2_IP_NTKO_REP2_T1) (43),NFCORE_CHIPSEQ:CHIPSEQ:ALIGN_BWA_MEM:BWA_MEM (EZH2_IP_NTKO_REP2_T1) (43),1478667,43
,,0,2024-01-24T01:04:49.09644135Z,2024-02-23T01:04:49.09644135Z,2024-02-22T07:24:26.953056793Z,1197.4832,docker_cpu_usage_pct,NFCORE_CHIPSEQ:CHIPSEQ:ALIGN_BWA_MEM:BWA_MEM (EZH2_IP_NTKO_REP2_T1) (43),NFCORE_CHIPSEQ:CHIPSEQ:ALIGN_BWA_MEM:BWA_MEM (EZH2_IP_NTKO_REP2_T1) (43),1478667,43
,,0,2024-01-24T01:04:49.09644135Z,2024-02-23T01:04:49.09644135Z,2024-02-22T07:24:28.952590493Z,1179.4814,docker_cpu_usage_pct,NFCORE_CHIPSEQ:CHIPSEQ:ALIGN_BWA_MEM:BWA_MEM (EZH2_IP_NTKO_REP2_T1) (43),NFCORE_CHIPSEQ:CHIPSEQ:ALIGN_BWA_MEM:BWA_MEM (EZH2_IP_NTKO_REP2_T1) (43),1478667,43
,,0,2024-01-24T01:04:49.09644135Z,2024-02-23T01:04:49.09644135Z,2024-02-22T07:24:30.952144353Z,1189.3409,docker_cpu_usage_pct,NFCORE_CHIPSEQ:CHIPSEQ:ALIGN_BWA_MEM:BWA_MEM (EZH2_IP_NTKO_REP2_T1) (43),NFCORE_CHIPSEQ:CHIPSEQ:ALIGN_BWA_MEM:BWA_MEM (EZH2_IP_NTKO_REP2_T1) (43),1478667,43
,,0,2024-01-24T01:04:49.09644135Z,2024-02-23T01:04:49.09644135Z,2024-02-22T07:24:32.952807869Z,1190.3251,docker_cpu_usage_pct,NFCORE_CHIPSEQ:CHIPSEQ:ALIGN_BWA_MEM:BWA_MEM (EZH2_IP_NTKO_REP2_T1) (43),NFCORE_CHIPSEQ:CHIPSEQ:ALIGN_BWA_MEM:BWA_MEM (EZH2_IP_NTKO_REP2_T1) (43),1478667,43
,,0,2024-01-24T01:04:49.09644135Z,2024-02-23T01:04:49.09644135Z,2024-02-22T07:24:34.952305196Z,1203.4239,docker_cpu_usage_pct,NFCORE_CHIPSEQ:CHIPSEQ:ALIGN_BWA_MEM:BWA_MEM (EZH2_IP_NTKO_REP2_T1) (43),NFCORE_CHIPSEQ:CHIPSEQ:ALIGN_BWA_MEM:BWA_MEM (EZH2_IP_NTKO_REP2_T1) (43),1478667,43
,,0,2024-01-24T01:04:49.09644135Z,2024-02-23T01:04:49.09644135Z,2024-02-22T07:24:36.952878208Z,1194.4865,docker_cpu_usage_pct,NFCORE_CHIPSEQ:CHIPSEQ:ALIGN_BWA_MEM:BWA_MEM (EZH2_IP_NTKO_REP2_T1) (43),NFCORE_CHIPSEQ:CHIPSEQ:ALIGN_BWA_MEM:BWA_MEM (EZH2_IP_NTKO_REP2_T1) (43),1478667,43
,,0,2024-01-24T01:04:49.09644135Z,2024-02-23T01:04:49.09644135Z,2024-02-22T07:24:38.952401925Z,1179.4998,docker_cpu_usage_pct,NFCORE_CHIPSEQ:CHIPSEQ:ALIGN_BWA_MEM:BWA_MEM (EZH2_IP_NTKO_REP2_T1) (43),NFCORE_CHIPSEQ:CHIPSEQ:ALIGN_BWA_MEM:BWA_MEM (EZH2_IP_NTKO_REP2_T1) (43),1478667,43
,,0,2024-01-24T01:04:49.09644135Z,2024-02-23T01:04:49.09644135Z,2024-02-22T07:24:40.953020976Z,1196.7137,docker_cpu_usage_pct,NFCORE_CHIPSEQ:CHIPSEQ:ALIGN_BWA_MEM:BWA_MEM (EZH2_IP_NTKO_REP2_T1) (43),NFCORE_CHIPSEQ:CHIPSEQ:ALIGN_BWA_MEM:BWA_MEM (EZH2_IP_NTKO_REP2_T1) (43),1478667,43
,,0,2024-01-24T01:04:49.09644135Z,2024-02-23T01:04:49.09644135Z,2024-02-22T07:24:42.95245629Z,1090.5727,docker_cpu_usage_pct,NFCORE_CHIPSEQ:CHIPSEQ:ALIGN_BWA_MEM:BWA_MEM (EZH2_IP_NTKO_REP2_T1) (43),NFCORE_CHIPSEQ:CHIPSEQ:ALIGN_BWA_MEM:BWA_MEM (EZH2_IP_NTKO_REP2_T1) (43),1478667,43
,,0,2024-01-24T01:04:49.09644135Z,2024-02-23T01:04:49.09644135Z,2024-02-22T07:24:44.952996038Z,1434.6564,docker_cpu_usage_pct,NFCORE_CHIPSEQ:CHIPSEQ:ALIGN_BWA_MEM:BWA_MEM (EZH2_IP_NTKO_REP2_T1) (43),NFCORE_CHIPSEQ:CHIPSEQ:ALIGN_BWA_MEM:BWA_MEM (EZH2_IP_NTKO_REP2_T1) (43),1478667,43
,,0,2024-01-24T01:04:49.09644135Z,2024-02-23T01:04:49.09644135Z,2024-02-22T07:24:46.952554694Z,1466.244,docker_cpu_usage_pct,NFCORE_CHIPSEQ:CHIPSEQ:ALIGN_BWA_MEM:BWA_MEM (EZH2_IP_NTKO_REP2_T1) (43),NFCORE_CHIPSEQ:CHIPSEQ:ALIGN_BWA_MEM:BWA_MEM (EZH2_IP_NTKO_REP2_T1) (43),1478667,43
,,0,2024-01-24T01:04:49.09644135Z,2024-02-23T01:04:49.09644135Z,2024-02-22T07:24:48.953070781Z,1457.8289,docker_cpu_usage_pct,NFCORE_CHIPSEQ:CHIPSEQ:ALIGN_BWA_MEM:BWA_MEM (EZH2_IP_NTKO_REP2_T1) (43),NFCORE_CHIPSEQ:CHIPSEQ:ALIGN_BWA_MEM:BWA_MEM (EZH2_IP_NTKO_REP2_T1) (43),1478667,43
,,0,2024-01-24T01:04:49.09644135Z,2024-02-23T01:04:49.09644135Z,2024-02-22T07:24:50.952592684Z,1282.0727,docker_cpu_usage_pct,NFCORE_CHIPSEQ:CHIPSEQ:ALIGN_BWA_MEM:BWA_MEM (EZH2_IP_NTKO_REP2_T1) (43),NFCORE_CHIPSEQ:CHIPSEQ:ALIGN_BWA_MEM:BWA_MEM (EZH2_IP_NTKO_REP2_T1) (43),1478667,43
,,0,2024-01-24T01:04:49.09644135Z,2024-02-23T01:04:49.09644135Z,2024-02-22T07:24:52.952088126Z,1191.9272,docker_cpu_usage_pct,NFCORE_CHIPSEQ:CHIPSEQ:ALIGN_BWA_MEM:BWA_MEM (EZH2_IP_NTKO_REP2_T1) (43),NFCORE_CHIPSEQ:CHIPSEQ:ALIGN_BWA_MEM:BWA_MEM (EZH2_IP_NTKO_REP2_T1) (43),1478667,43
,,0,2024-01-24T01:04:49.09644135Z,2024-02-23T01:04:49.09644135Z,2024-02-22T07:24:54.952838669Z,1201.1738,docker_cpu_usage_pct,NFCORE_CHIPSEQ:CHIPSEQ:ALIGN_BWA_MEM:BWA_MEM (EZH2_IP_NTKO_REP2_T1) (43),NFCORE_CHIPSEQ:CHIPSEQ:ALIGN_BWA_MEM:BWA_MEM (EZH2_IP_NTKO_REP2_T1) (43),1478667,43
,,0,2024-01-24T01:04:49.09644135Z,2024-02-23T01:04:49.09644135Z,2024-02-22T07:24:56.952183015Z,1200.0352,docker_cpu_usage_pct,NFCORE_CHIPSEQ:CHIPSEQ:ALIGN_BWA_MEM:BWA_MEM (EZH2_IP_NTKO_REP2_T1) (43),NFCORE_CHIPSEQ:CHIPSEQ:ALIGN_BWA_MEM:BWA_MEM (EZH2_IP_NTKO_REP2_T1) (43),1478667,43
,,0,2024-01-24T01:04:49.09644135Z,2024-02-23T01:04:49.09644135Z,2024-02-22T07:24:58.952684958Z,1192.2745,docker_cpu_usage_pct,NFCORE_CHIPSEQ:CHIPSEQ:ALIGN_BWA_MEM:BWA_MEM (EZH2_IP_NTKO_REP2_T1) (43),NFCORE_CHIPSEQ:CHIPSEQ:ALIGN_BWA_MEM:BWA_MEM (EZH2_IP_NTKO_REP2_T1) (43),1478667,43
,,0,2024-01-24T01:04:49.09644135Z,2024-02-23T01:04:49.09644135Z,2024-02-22T07:25:00.952268041Z,1197.5055,docker_cpu_usage_pct,NFCORE_CHIPSEQ:CHIPSEQ:ALIGN_BWA_MEM:BWA_MEM (EZH2_IP_NTKO_REP2_T1) (43),NFCORE_CHIPSEQ:CHIPSEQ:ALIGN_BWA_MEM:BWA_MEM (EZH2_IP_NTKO_REP2_T1) (43),1478667,43
,,0,2024-01-24T01:04:49.09644135Z,2024-02-23T01:04:49.09644135Z,2024-02-22T07:25:02.952940408Z,1212.5639,docker_cpu_usage_pct,NFCORE_CHIPSEQ:CHIPSEQ:ALIGN_BWA_MEM:BWA_MEM (EZH2_IP_NTKO_REP2_T1) (43),NFCORE_CHIPSEQ:CHIPSEQ:ALIGN_BWA_MEM:BWA_MEM (EZH2_IP_NTKO_REP2_T1) (43),1478667,43
,,0,2024-01-24T01:04:49.09644135Z,2024-02-23T01:04:49.09644135Z,2024-02-22T07:25:04.952335735Z,1180.9487,docker_cpu_usage_pct,NFCORE_CHIPSEQ:CHIPSEQ:ALIGN_BWA_MEM:BWA_MEM (EZH2_IP_NTKO_REP2_T1) (43),NFCORE_CHIPSEQ:CHIPSEQ:ALIGN_BWA_MEM:BWA_MEM (EZH2_IP_NTKO_REP2_T1) (43),1478667,43
,,0,2024-01-24T01:04:49.09644135Z,2024-02-23T01:04:49.09644135Z,2024-02-22T07:25:06.953096114Z,1193.0291,docker_cpu_usage_pct,NFCORE_CHIPSEQ:CHIPSEQ:ALIGN_BWA_MEM:BWA_MEM (EZH2_IP_NTKO_REP2_T1) (43),NFCORE_CHIPSEQ:CHIPSEQ:ALIGN_BWA_MEM:BWA_MEM (EZH2_IP_NTKO_REP2_T1) (43),1478667,43
,,0,2024-01-24T01:04:49.09644135Z,2024-02-23T01:04:49.09644135Z,2024-02-22T07:25:08.952455448Z,1175.9019,docker_cpu_usage_pct,NFCORE_CHIPSEQ:CHIPSEQ:ALIGN_BWA_MEM:BWA_MEM (EZH2_IP_NTKO_REP2_T1) (43),NFCORE_CHIPSEQ:CHIPSEQ:ALIGN_BWA_MEM:BWA_MEM (EZH2_IP_NTKO_REP2_T1) (43),1478667,43
,,0,2024-01-24T01:04:49.09644135Z,2024-02-23T01:04:49.09644135Z,2024-02-22T07:25:10.953101362Z,1193.0199,docker_cpu_usage_pct,NFCORE_CHIPSEQ:CHIPSEQ:ALIGN_BWA_MEM:BWA_MEM (EZH2_IP_NTKO_REP2_T1) (43),NFCORE_CHIPSEQ:CHIPSEQ:ALIGN_BWA_MEM:BWA_MEM (EZH2_IP_NTKO_REP2_T1) (43),1478667,43
,,0,2024-01-24T01:04:49.09644135Z,2024-02-23T01:04:49.09644135Z,2024-02-22T07:25:12.952506257Z,1201.1316,docker_cpu_usage_pct,NFCORE_CHIPSEQ:CHIPSEQ:ALIGN_BWA_MEM:BWA_MEM (EZH2_IP_NTKO_REP2_T1) (43),NFCORE_CHIPSEQ:CHIPSEQ:ALIGN_BWA_MEM:BWA_MEM (EZH2_IP_NTKO_REP2_T1) (43),1478667,43
,,0,2024-01-24T01:04:49.09644135Z,2024-02-23T01:04:49.09644135Z,2024-02-22T07:25:14.953303625Z,1191.1297,docker_cpu_usage_pct,NFCORE_CHIPSEQ:CHIPSEQ:ALIGN_BWA_MEM:BWA_MEM (EZH2_IP_NTKO_REP2_T1) (43),NFCORE_CHIPSEQ:CHIPSEQ:ALIGN_BWA_MEM:BWA_MEM (EZH2_IP_NTKO_REP2_T1) (43),1478667,43
,,0,2024-01-24T01:04:49.09644135Z,2024-02-23T01:04:49.09644135Z,2024-02-22T07:25:16.952631266Z,1198.9223,docker_cpu_usage_pct,NFCORE_CHIPSEQ:CHIPSEQ:ALIGN_BWA_MEM:BWA_MEM (EZH2_IP_NTKO_REP2_T1) (43),NFCORE_CHIPSEQ:CHIPSEQ:ALIGN_BWA_MEM:BWA_MEM (EZH2_IP_NTKO_REP2_T1) (43),1478667,43
,,0,2024-01-24T01:04:49.09644135Z,2024-02-23T01:04:49.09644135Z,2024-02-22T07:25:18.952131741Z,1204.1774,docker_cpu_usage_pct,NFCORE_CHIPSEQ:CHIPSEQ:ALIGN_BWA_MEM:BWA_MEM (EZH2_IP_NTKO_REP2_T1) (43),NFCORE_CHIPSEQ:CHIPSEQ:ALIGN_BWA_MEM:BWA_MEM (EZH2_IP_NTKO_REP2_T1) (43),1478667,43
,,0,2024-01-24T01:04:49.09644135Z,2024-02-23T01:04:49.09644135Z,2024-02-22T07:25:20.952711162Z,1142.7624,docker_cpu_usage_pct,NFCORE_CHIPSEQ:CHIPSEQ:ALIGN_BWA_MEM:BWA_MEM (EZH2_IP_NTKO_REP2_T1) (43),NFCORE_CHIPSEQ:CHIPSEQ:ALIGN_BWA_MEM:BWA_MEM (EZH2_IP_NTKO_REP2_T1) (43),1478667,43
,,0,2024-01-24T01:04:49.09644135Z,2024-02-23T01:04:49.09644135Z,2024-02-22T07:25:22.952377882Z,1417.2059,docker_cpu_usage_pct,NFCORE_CHIPSEQ:CHIPSEQ:ALIGN_BWA_MEM:BWA_MEM (EZH2_IP_NTKO_REP2_T1) (43),NFCORE_CHIPSEQ:CHIPSEQ:ALIGN_BWA_MEM:BWA_MEM (EZH2_IP_NTKO_REP2_T1) (43),1478667,43
,,0,2024-01-24T01:04:49.09644135Z,2024-02-23T01:04:49.09644135Z,2024-02-22T07:25:24.952772855Z,1440.5938,docker_cpu_usage_pct,NFCORE_CHIPSEQ:CHIPSEQ:ALIGN_BWA_MEM:BWA_MEM (EZH2_IP_NTKO_REP2_T1) (43),NFCORE_CHIPSEQ:CHIPSEQ:ALIGN_BWA_MEM:BWA_MEM (EZH2_IP_NTKO_REP2_T1) (43),1478667,43
,,0,2024-01-24T01:04:49.09644135Z,2024-02-23T01:04:49.09644135Z,2024-02-22T07:25:26.952275659Z,1486.6037,docker_cpu_usage_pct,NFCORE_CHIPSEQ:CHIPSEQ:ALIGN_BWA_MEM:BWA_MEM (EZH2_IP_NTKO_REP2_T1) (43),NFCORE_CHIPSEQ:CHIPSEQ:ALIGN_BWA_MEM:BWA_MEM (EZH2_IP_NTKO_REP2_T1) (43),1478667,43
,,0,2024-01-24T01:04:49.09644135Z,2024-02-23T01:04:49.09644135Z,2024-02-22T07:25:28.952736233Z,1290.4245,docker_cpu_usage_pct,NFCORE_CHIPSEQ:CHIPSEQ:ALIGN_BWA_MEM:BWA_MEM (EZH2_IP_NTKO_REP2_T1) (43),NFCORE_CHIPSEQ:CHIPSEQ:ALIGN_BWA_MEM:BWA_MEM (EZH2_IP_NTKO_REP2_T1) (43),1478667,43
,,0,2024-01-24T01:04:49.09644135Z,2024-02-23T01:04:49.09644135Z,2024-02-22T07:25:30.952365269Z,1215.3311,docker_cpu_usage_pct,NFCORE_CHIPSEQ:CHIPSEQ:ALIGN_BWA_MEM:BWA_MEM (EZH2_IP_NTKO_REP2_T1) (43),NFCORE_CHIPSEQ:CHIPSEQ:ALIGN_BWA_MEM:BWA_MEM (EZH2_IP_NTKO_REP2_T1) (43),1478667,43
,,0,2024-01-24T01:04:49.09644135Z,2024-02-23T01:04:49.09644135Z,2024-02-22T07:25:32.953154194Z,1182.031,docker_cpu_usage_pct,NFCORE_CHIPSEQ:CHIPSEQ:ALIGN_BWA_MEM:BWA_MEM (EZH2_IP_NTKO_REP2_T1) (43),NFCORE_CHIPSEQ:CHIPSEQ:ALIGN_BWA_MEM:BWA_MEM (EZH2_IP_NTKO_REP2_T1) (43),1478667,43
,,0,2024-01-24T01:04:49.09644135Z,2024-02-23T01:04:49.09644135Z,2024-02-22T07:25:34.95279229Z,1178.774,docker_cpu_usage_pct,NFCORE_CHIPSEQ:CHIPSEQ:ALIGN_BWA_MEM:BWA_MEM (EZH2_IP_NTKO_REP2_T1) (43),NFCORE_CHIPSEQ:CHIPSEQ:ALIGN_BWA_MEM:BWA_MEM (EZH2_IP_NTKO_REP2_T1) (43),1478667,43
,,0,2024-01-24T01:04:49.09644135Z,2024-02-23T01:04:49.09644135Z,2024-02-22T07:25:36.952177067Z,1188.6027,docker_cpu_usage_pct,NFCORE_CHIPSEQ:CHIPSEQ:ALIGN_BWA_MEM:BWA_MEM (EZH2_IP_NTKO_REP2_T1) (43),NFCORE_CHIPSEQ:CHIPSEQ:ALIGN_BWA_MEM:BWA_MEM (EZH2_IP_NTKO_REP2_T1) (43),1478667,43
,,0,2024-01-24T01:04:49.09644135Z,2024-02-23T01:04:49.09644135Z,2024-02-22T07:25:38.952939408Z,1181.286,docker_cpu_usage_pct,NFCORE_CHIPSEQ:CHIPSEQ:ALIGN_BWA_MEM:BWA_MEM (EZH2_IP_NTKO_REP2_T1) (43),NFCORE_CHIPSEQ:CHIPSEQ:ALIGN_BWA_MEM:BWA_MEM (EZH2_IP_NTKO_REP2_T1) (43),1478667,43
,,0,2024-01-24T01:04:49.09644135Z,2024-02-23T01:04:49.09644135Z,2024-02-22T07:25:40.952284584Z,1184.2168,docker_cpu_usage_pct,NFCORE_CHIPSEQ:CHIPSEQ:ALIGN_BWA_MEM:BWA_MEM (EZH2_IP_NTKO_REP2_T1) (43),NFCORE_CHIPSEQ:CHIPSEQ:ALIGN_BWA_MEM:BWA_MEM (EZH2_IP_NTKO_REP2_T1) (43),1478667,43
,,0,2024-01-24T01:04:49.09644135Z,2024-02-23T01:04:49.09644135Z,2024-02-22T07:25:42.952976712Z,1181.3062,docker_cpu_usage_pct,NFCORE_CHIPSEQ:CHIPSEQ:ALIGN_BWA_MEM:BWA_MEM (EZH2_IP_NTKO_REP2_T1) (43),NFCORE_CHIPSEQ:CHIPSEQ:ALIGN_BWA_MEM:BWA_MEM (EZH2_IP_NTKO_REP2_T1) (43),1478667,43
,,0,2024-01-24T01:04:49.09644135Z,2024-02-23T01:04:49.09644135Z,2024-02-22T07:25:44.952617466Z,1188.9529,docker_cpu_usage_pct,NFCORE_CHIPSEQ:CHIPSEQ:ALIGN_BWA_MEM:BWA_MEM (EZH2_IP_NTKO_REP2_T1) (43),NFCORE_CHIPSEQ:CHIPSEQ:ALIGN_BWA_MEM:BWA_MEM (EZH2_IP_NTKO_REP2_T1) (43),1478667,43
,,0,2024-01-24T01:04:49.09644135Z,2024-02-23T01:04:49.09644135Z,2024-02-22T07:25:46.952772906Z,1176.6237,docker_cpu_usage_pct,NFCORE_CHIPSEQ:CHIPSEQ:ALIGN_BWA_MEM:BWA_MEM (EZH2_IP_NTKO_REP2_T1) (43),NFCORE_CHIPSEQ:CHIPSEQ:ALIGN_BWA_MEM:BWA_MEM (EZH2_IP_NTKO_REP2_T1) (43),1478667,43
,,0,2024-01-24T01:04:49.09644135Z,2024-02-23T01:04:49.09644135Z,2024-02-22T07:25:48.952643046Z,1189.0025,docker_cpu_usage_pct,NFCORE_CHIPSEQ:CHIPSEQ:ALIGN_BWA_MEM:BWA_MEM (EZH2_IP_NTKO_REP2_T1) (43),NFCORE_CHIPSEQ:CHIPSEQ:ALIGN_BWA_MEM:BWA_MEM (EZH2_IP_NTKO_REP2_T1) (43),1478667,43
,,0,2024-01-24T01:04:49.09644135Z,2024-02-23T01:04:49.09644135Z,2024-02-22T07:25:50.953112365Z,1177.3228,docker_cpu_usage_pct,NFCORE_CHIPSEQ:CHIPSEQ:ALIGN_BWA_MEM:BWA_MEM (EZH2_IP_NTKO_REP2_T1) (43),NFCORE_CHIPSEQ:CHIPSEQ:ALIGN_BWA_MEM:BWA_MEM (EZH2_IP_NTKO_REP2_T1) (43),1478667,43
,,0,2024-01-24T01:04:49.09644135Z,2024-02-23T01:04:49.09644135Z,2024-02-22T07:25:52.952668554Z,1186.9913,docker_cpu_usage_pct,NFCORE_CHIPSEQ:CHIPSEQ:ALIGN_BWA_MEM:BWA_MEM (EZH2_IP_NTKO_REP2_T1) (43),NFCORE_CHIPSEQ:CHIPSEQ:ALIGN_BWA_MEM:BWA_MEM (EZH2_IP_NTKO_REP2_T1) (43),1478667,43
,,0,2024-01-24T01:04:49.09644135Z,2024-02-23T01:04:49.09644135Z,2024-02-22T07:25:54.952307846Z,1176.9535,docker_cpu_usage_pct,NFCORE_CHIPSEQ:CHIPSEQ:ALIGN_BWA_MEM:BWA_MEM (EZH2_IP_NTKO_REP2_T1) (43),NFCORE_CHIPSEQ:CHIPSEQ:ALIGN_BWA_MEM:BWA_MEM (EZH2_IP_NTKO_REP2_T1) (43),1478667,43
,,0,2024-01-24T01:04:49.09644135Z,2024-02-23T01:04:49.09644135Z,2024-02-22T07:25:56.952791474Z,1198.6213,docker_cpu_usage_pct,NFCORE_CHIPSEQ:CHIPSEQ:ALIGN_BWA_MEM:BWA_MEM (EZH2_IP_NTKO_REP2_T1) (43),NFCORE_CHIPSEQ:CHIPSEQ:ALIGN_BWA_MEM:BWA_MEM (EZH2_IP_NTKO_REP2_T1) (43),1478667,43
,,0,2024-01-24T01:04:49.09644135Z,2024-02-23T01:04:49.09644135Z,2024-02-22T07:25:58.952344972Z,1180.753,docker_cpu_usage_pct,NFCORE_CHIPSEQ:CHIPSEQ:ALIGN_BWA_MEM:BWA_MEM (EZH2_IP_NTKO_REP2_T1) (43),NFCORE_CHIPSEQ:CHIPSEQ:ALIGN_BWA_MEM:BWA_MEM (EZH2_IP_NTKO_REP2_T1) (43),1478667,43
,,0,2024-01-24T01:04:49.09644135Z,2024-02-23T01:04:49.09644135Z,2024-02-22T07:26:00.95286708Z,1257.7827,docker_cpu_usage_pct,NFCORE_CHIPSEQ:CHIPSEQ:ALIGN_BWA_MEM:BWA_MEM (EZH2_IP_NTKO_REP2_T1) (43),NFCORE_CHIPSEQ:CHIPSEQ:ALIGN_BWA_MEM:BWA_MEM (EZH2_IP_NTKO_REP2_T1) (43),1478667,43
,,0,2024-01-24T01:04:49.09644135Z,2024-02-23T01:04:49.09644135Z,2024-02-22T07:26:02.952737727Z,1444.2572,docker_cpu_usage_pct,NFCORE_CHIPSEQ:CHIPSEQ:ALIGN_BWA_MEM:BWA_MEM (EZH2_IP_NTKO_REP2_T1) (43),NFCORE_CHIPSEQ:CHIPSEQ:ALIGN_BWA_MEM:BWA_MEM (EZH2_IP_NTKO_REP2_T1) (43),1478667,43
,,0,2024-01-24T01:04:49.09644135Z,2024-02-23T01:04:49.09644135Z,2024-02-22T07:26:04.952881972Z,1482.644,docker_cpu_usage_pct,NFCORE_CHIPSEQ:CHIPSEQ:ALIGN_BWA_MEM:BWA_MEM (EZH2_IP_NTKO_REP2_T1) (43),NFCORE_CHIPSEQ:CHIPSEQ:ALIGN_BWA_MEM:BWA_MEM (EZH2_IP_NTKO_REP2_T1) (43),1478667,43
,,0,2024-01-24T01:04:49.09644135Z,2024-02-23T01:04:49.09644135Z,2024-02-22T07:26:06.952332585Z,1298.5331,docker_cpu_usage_pct,NFCORE_CHIPSEQ:CHIPSEQ:ALIGN_BWA_MEM:BWA_MEM (EZH2_IP_NTKO_REP2_T1) (43),NFCORE_CHIPSEQ:CHIPSEQ:ALIGN_BWA_MEM:BWA_MEM (EZH2_IP_NTKO_REP2_T1) (43),1478667,43
,,0,2024-01-24T01:04:49.09644135Z,2024-02-23T01:04:49.09644135Z,2024-02-22T07:26:08.95280454Z,1251.9184,docker_cpu_usage_pct,NFCORE_CHIPSEQ:CHIPSEQ:ALIGN_BWA_MEM:BWA_MEM (EZH2_IP_NTKO_REP2_T1) (43),NFCORE_CHIPSEQ:CHIPSEQ:ALIGN_BWA_MEM:BWA_MEM (EZH2_IP_NTKO_REP2_T1) (43),1478667,43
,,0,2024-01-24T01:04:49.09644135Z,2024-02-23T01:04:49.09644135Z,2024-02-22T07:26:10.952471739Z,1183.486,docker_cpu_usage_pct,NFCORE_CHIPSEQ:CHIPSEQ:ALIGN_BWA_MEM:BWA_MEM (EZH2_IP_NTKO_REP2_T1) (43),NFCORE_CHIPSEQ:CHIPSEQ:ALIGN_BWA_MEM:BWA_MEM (EZH2_IP_NTKO_REP2_T1) (43),1478667,43
,,0,2024-01-24T01:04:49.09644135Z,2024-02-23T01:04:49.09644135Z,2024-02-22T07:26:12.953010565Z,1185.657,docker_cpu_usage_pct,NFCORE_CHIPSEQ:CHIPSEQ:ALIGN_BWA_MEM:BWA_MEM (EZH2_IP_NTKO_REP2_T1) (43),NFCORE_CHIPSEQ:CHIPSEQ:ALIGN_BWA_MEM:BWA_MEM (EZH2_IP_NTKO_REP2_T1) (43),1478667,43
,,0,2024-01-24T01:04:49.09644135Z,2024-02-23T01:04:49.09644135Z,2024-02-22T07:26:14.952560929Z,1185.2962,docker_cpu_usage_pct,NFCORE_CHIPSEQ:CHIPSEQ:ALIGN_BWA_MEM:BWA_MEM (EZH2_IP_NTKO_REP2_T1) (43),NFCORE_CHIPSEQ:CHIPSEQ:ALIGN_BWA_MEM:BWA_MEM (EZH2_IP_NTKO_REP2_T1) (43),1478667,43
,,0,2024-01-24T01:04:49.09644135Z,2024-02-23T01:04:49.09644135Z,2024-02-22T07:26:16.952132993Z,1184.9317,docker_cpu_usage_pct,NFCORE_CHIPSEQ:CHIPSEQ:ALIGN_BWA_MEM:BWA_MEM (EZH2_IP_NTKO_REP2_T1) (43),NFCORE_CHIPSEQ:CHIPSEQ:ALIGN_BWA_MEM:BWA_MEM (EZH2_IP_NTKO_REP2_T1) (43),1478667,43
,,0,2024-01-24T01:04:49.09644135Z,2024-02-23T01:04:49.09644135Z,2024-02-22T07:26:18.952723749Z,1182.028,docker_cpu_usage_pct,NFCORE_CHIPSEQ:CHIPSEQ:ALIGN_BWA_MEM:BWA_MEM (EZH2_IP_NTKO_REP2_T1) (43),NFCORE_CHIPSEQ:CHIPSEQ:ALIGN_BWA_MEM:BWA_MEM (EZH2_IP_NTKO_REP2_T1) (43),1478667,43
,,0,2024-01-24T01:04:49.09644135Z,2024-02-23T01:04:49.09644135Z,2024-02-22T07:26:20.9525186Z,1180.2119,docker_cpu_usage_pct,NFCORE_CHIPSEQ:CHIPSEQ:ALIGN_BWA_MEM:BWA_MEM (EZH2_IP_NTKO_REP2_T1) (43),NFCORE_CHIPSEQ:CHIPSEQ:ALIGN_BWA_MEM:BWA_MEM (EZH2_IP_NTKO_REP2_T1) (43),1478667,43
,,0,2024-01-24T01:04:49.09644135Z,2024-02-23T01:04:49.09644135Z,2024-02-22T07:26:22.952883318Z,1190.8893,docker_cpu_usage_pct,NFCORE_CHIPSEQ:CHIPSEQ:ALIGN_BWA_MEM:BWA_MEM (EZH2_IP_NTKO_REP2_T1) (43),NFCORE_CHIPSEQ:CHIPSEQ:ALIGN_BWA_MEM:BWA_MEM (EZH2_IP_NTKO_REP2_T1) (43),1478667,43
,,0,2024-01-24T01:04:49.09644135Z,2024-02-23T01:04:49.09644135Z,2024-02-22T07:26:24.952509082Z,1172.2775,docker_cpu_usage_pct,NFCORE_CHIPSEQ:CHIPSEQ:ALIGN_BWA_MEM:BWA_MEM (EZH2_IP_NTKO_REP2_T1) (43),NFCORE_CHIPSEQ:CHIPSEQ:ALIGN_BWA_MEM:BWA_MEM (EZH2_IP_NTKO_REP2_T1) (43),1478667,43
,,0,2024-01-24T01:04:49.09644135Z,2024-02-23T01:04:49.09644135Z,2024-02-22T07:26:26.952323261Z,1174.4228,docker_cpu_usage_pct,NFCORE_CHIPSEQ:CHIPSEQ:ALIGN_BWA_MEM:BWA_MEM (EZH2_IP_NTKO_REP2_T1) (43),NFCORE_CHIPSEQ:CHIPSEQ:ALIGN_BWA_MEM:BWA_MEM (EZH2_IP_NTKO_REP2_T1) (43),1478667,43
,,0,2024-01-24T01:04:49.09644135Z,2024-02-23T01:04:49.09644135Z,2024-02-22T07:26:28.952758641Z,1198.9975,docker_cpu_usage_pct,NFCORE_CHIPSEQ:CHIPSEQ:ALIGN_BWA_MEM:BWA_MEM (EZH2_IP_NTKO_REP2_T1) (43),NFCORE_CHIPSEQ:CHIPSEQ:ALIGN_BWA_MEM:BWA_MEM (EZH2_IP_NTKO_REP2_T1) (43),1478667,43
,,0,2024-01-24T01:04:49.09644135Z,2024-02-23T01:04:49.09644135Z,2024-02-22T07:26:30.952481216Z,1199.0012,docker_cpu_usage_pct,NFCORE_CHIPSEQ:CHIPSEQ:ALIGN_BWA_MEM:BWA_MEM (EZH2_IP_NTKO_REP2_T1) (43),NFCORE_CHIPSEQ:CHIPSEQ:ALIGN_BWA_MEM:BWA_MEM (EZH2_IP_NTKO_REP2_T1) (43),1478667,43
,,0,2024-01-24T01:04:49.09644135Z,2024-02-23T01:04:49.09644135Z,2024-02-22T07:26:32.95275836Z,1180.9435,docker_cpu_usage_pct,NFCORE_CHIPSEQ:CHIPSEQ:ALIGN_BWA_MEM:BWA_MEM (EZH2_IP_NTKO_REP2_T1) (43),NFCORE_CHIPSEQ:CHIPSEQ:ALIGN_BWA_MEM:BWA_MEM (EZH2_IP_NTKO_REP2_T1) (43),1478667,43
,,0,2024-01-24T01:04:49.09644135Z,2024-02-23T01:04:49.09644135Z,2024-02-22T07:26:34.952466465Z,1182.0407,docker_cpu_usage_pct,NFCORE_CHIPSEQ:CHIPSEQ:ALIGN_BWA_MEM:BWA_MEM (EZH2_IP_NTKO_REP2_T1) (43),NFCORE_CHIPSEQ:CHIPSEQ:ALIGN_BWA_MEM:BWA_MEM (EZH2_IP_NTKO_REP2_T1) (43),1478667,43
,,0,2024-01-24T01:04:49.09644135Z,2024-02-23T01:04:49.09644135Z,2024-02-22T07:26:36.953014486Z,1177.6207,docker_cpu_usage_pct,NFCORE_CHIPSEQ:CHIPSEQ:ALIGN_BWA_MEM:BWA_MEM (EZH2_IP_NTKO_REP2_T1) (43),NFCORE_CHIPSEQ:CHIPSEQ:ALIGN_BWA_MEM:BWA_MEM (EZH2_IP_NTKO_REP2_T1) (43),1478667,43
,,0,2024-01-24T01:04:49.09644135Z,2024-02-23T01:04:49.09644135Z,2024-02-22T07:26:38.952318616Z,1122.8684,docker_cpu_usage_pct,NFCORE_CHIPSEQ:CHIPSEQ:ALIGN_BWA_MEM:BWA_MEM (EZH2_IP_NTKO_REP2_T1) (43),NFCORE_CHIPSEQ:CHIPSEQ:ALIGN_BWA_MEM:BWA_MEM (EZH2_IP_NTKO_REP2_T1) (43),1478667,43
,,0,2024-01-24T01:04:49.09644135Z,2024-02-23T01:04:49.09644135Z,2024-02-22T07:26:40.952905518Z,1444.0993,docker_cpu_usage_pct,NFCORE_CHIPSEQ:CHIPSEQ:ALIGN_BWA_MEM:BWA_MEM (EZH2_IP_NTKO_REP2_T1) (43),NFCORE_CHIPSEQ:CHIPSEQ:ALIGN_BWA_MEM:BWA_MEM (EZH2_IP_NTKO_REP2_T1) (43),1478667,43
,,0,2024-01-24T01:04:49.09644135Z,2024-02-23T01:04:49.09644135Z,2024-02-22T07:26:42.952438115Z,1478.5388,docker_cpu_usage_pct,NFCORE_CHIPSEQ:CHIPSEQ:ALIGN_BWA_MEM:BWA_MEM (EZH2_IP_NTKO_REP2_T1) (43),NFCORE_CHIPSEQ:CHIPSEQ:ALIGN_BWA_MEM:BWA_MEM (EZH2_IP_NTKO_REP2_T1) (43),1478667,43
,,0,2024-01-24T01:04:49.09644135Z,2024-02-23T01:04:49.09644135Z,2024-02-22T07:26:44.953036576Z,1322.4266,docker_cpu_usage_pct,NFCORE_CHIPSEQ:CHIPSEQ:ALIGN_BWA_MEM:BWA_MEM (EZH2_IP_NTKO_REP2_T1) (43),NFCORE_CHIPSEQ:CHIPSEQ:ALIGN_BWA_MEM:BWA_MEM (EZH2_IP_NTKO_REP2_T1) (43),1478667,43
,,0,2024-01-24T01:04:49.09644135Z,2024-02-23T01:04:49.09644135Z,2024-02-22T07:26:46.952723077Z,1262.9892,docker_cpu_usage_pct,NFCORE_CHIPSEQ:CHIPSEQ:ALIGN_BWA_MEM:BWA_MEM (EZH2_IP_NTKO_REP2_T1) (43),NFCORE_CHIPSEQ:CHIPSEQ:ALIGN_BWA_MEM:BWA_MEM (EZH2_IP_NTKO_REP2_T1) (43),1478667,43
,,0,2024-01-24T01:04:49.09644135Z,2024-02-23T01:04:49.09644135Z,2024-02-22T07:26:48.952136499Z,1176.9791,docker_cpu_usage_pct,NFCORE_CHIPSEQ:CHIPSEQ:ALIGN_BWA_MEM:BWA_MEM (EZH2_IP_NTKO_REP2_T1) (43),NFCORE_CHIPSEQ:CHIPSEQ:ALIGN_BWA_MEM:BWA_MEM (EZH2_IP_NTKO_REP2_T1) (43),1478667,43
,,0,2024-01-24T01:04:49.09644135Z,2024-02-23T01:04:49.09644135Z,2024-02-22T07:26:50.952613275Z,1191.1847,docker_cpu_usage_pct,NFCORE_CHIPSEQ:CHIPSEQ:ALIGN_BWA_MEM:BWA_MEM (EZH2_IP_NTKO_REP2_T1) (43),NFCORE_CHIPSEQ:CHIPSEQ:ALIGN_BWA_MEM:BWA_MEM (EZH2_IP_NTKO_REP2_T1) (43),1478667,43
,,0,2024-01-24T01:04:49.09644135Z,2024-02-23T01:04:49.09644135Z,2024-02-22T07:26:52.952401218Z,1200.4075,docker_cpu_usage_pct,NFCORE_CHIPSEQ:CHIPSEQ:ALIGN_BWA_MEM:BWA_MEM (EZH2_IP_NTKO_REP2_T1) (43),NFCORE_CHIPSEQ:CHIPSEQ:ALIGN_BWA_MEM:BWA_MEM (EZH2_IP_NTKO_REP2_T1) (43),1478667,43
,,0,2024-01-24T01:04:49.09644135Z,2024-02-23T01:04:49.09644135Z,2024-02-22T07:26:54.952715088Z,1170.857,docker_cpu_usage_pct,NFCORE_CHIPSEQ:CHIPSEQ:ALIGN_BWA_MEM:BWA_MEM (EZH2_IP_NTKO_REP2_T1) (43),NFCORE_CHIPSEQ:CHIPSEQ:ALIGN_BWA_MEM:BWA_MEM (EZH2_IP_NTKO_REP2_T1) (43),1478667,43
,,0,2024-01-24T01:04:49.09644135Z,2024-02-23T01:04:49.09644135Z,2024-02-22T07:26:56.952271093Z,1175.52,docker_cpu_usage_pct,NFCORE_CHIPSEQ:CHIPSEQ:ALIGN_BWA_MEM:BWA_MEM (EZH2_IP_NTKO_REP2_T1) (43),NFCORE_CHIPSEQ:CHIPSEQ:ALIGN_BWA_MEM:BWA_MEM (EZH2_IP_NTKO_REP2_T1) (43),1478667,43
,,0,2024-01-24T01:04:49.09644135Z,2024-02-23T01:04:49.09644135Z,2024-02-22T07:26:58.952810679Z,1191.5734,docker_cpu_usage_pct,NFCORE_CHIPSEQ:CHIPSEQ:ALIGN_BWA_MEM:BWA_MEM (EZH2_IP_NTKO_REP2_T1) (43),NFCORE_CHIPSEQ:CHIPSEQ:ALIGN_BWA_MEM:BWA_MEM (EZH2_IP_NTKO_REP2_T1) (43),1478667,43
,,0,2024-01-24T01:04:49.09644135Z,2024-02-23T01:04:49.09644135Z,2024-02-22T07:27:00.952471486Z,1204.1862,docker_cpu_usage_pct,NFCORE_CHIPSEQ:CHIPSEQ:ALIGN_BWA_MEM:BWA_MEM (EZH2_IP_NTKO_REP2_T1) (43),NFCORE_CHIPSEQ:CHIPSEQ:ALIGN_BWA_MEM:BWA_MEM (EZH2_IP_NTKO_REP2_T1) (43),1478667,43
,,0,2024-01-24T01:04:49.09644135Z,2024-02-23T01:04:49.09644135Z,2024-02-22T07:27:02.953010771Z,1180.5984,docker_cpu_usage_pct,NFCORE_CHIPSEQ:CHIPSEQ:ALIGN_BWA_MEM:BWA_MEM (EZH2_IP_NTKO_REP2_T1) (43),NFCORE_CHIPSEQ:CHIPSEQ:ALIGN_BWA_MEM:BWA_MEM (EZH2_IP_NTKO_REP2_T1) (43),1478667,43
,,0,2024-01-24T01:04:49.09644135Z,2024-02-23T01:04:49.09644135Z,2024-02-22T07:27:04.952587525Z,1180.2346,docker_cpu_usage_pct,NFCORE_CHIPSEQ:CHIPSEQ:ALIGN_BWA_MEM:BWA_MEM (EZH2_IP_NTKO_REP2_T1) (43),NFCORE_CHIPSEQ:CHIPSEQ:ALIGN_BWA_MEM:BWA_MEM (EZH2_IP_NTKO_REP2_T1) (43),1478667,43
,,0,2024-01-24T01:04:49.09644135Z,2024-02-23T01:04:49.09644135Z,2024-02-22T07:27:06.953121749Z,1175.1711,docker_cpu_usage_pct,NFCORE_CHIPSEQ:CHIPSEQ:ALIGN_BWA_MEM:BWA_MEM (EZH2_IP_NTKO_REP2_T1) (43),NFCORE_CHIPSEQ:CHIPSEQ:ALIGN_BWA_MEM:BWA_MEM (EZH2_IP_NTKO_REP2_T1) (43),1478667,43
,,0,2024-01-24T01:04:49.09644135Z,2024-02-23T01:04:49.09644135Z,2024-02-22T07:27:08.952485616Z,1176.249,docker_cpu_usage_pct,NFCORE_CHIPSEQ:CHIPSEQ:ALIGN_BWA_MEM:BWA_MEM (EZH2_IP_NTKO_REP2_T1) (43),NFCORE_CHIPSEQ:CHIPSEQ:ALIGN_BWA_MEM:BWA_MEM (EZH2_IP_NTKO_REP2_T1) (43),1478667,43
,,0,2024-01-24T01:04:49.09644135Z,2024-02-23T01:04:49.09644135Z,2024-02-22T07:27:10.953205755Z,1179.5039,docker_cpu_usage_pct,NFCORE_CHIPSEQ:CHIPSEQ:ALIGN_BWA_MEM:BWA_MEM (EZH2_IP_NTKO_REP2_T1) (43),NFCORE_CHIPSEQ:CHIPSEQ:ALIGN_BWA_MEM:BWA_MEM (EZH2_IP_NTKO_REP2_T1) (43),1478667,43
,,0,2024-01-24T01:04:49.09644135Z,2024-02-23T01:04:49.09644135Z,2024-02-22T07:27:12.952727066Z,1178.4154,docker_cpu_usage_pct,NFCORE_CHIPSEQ:CHIPSEQ:ALIGN_BWA_MEM:BWA_MEM (EZH2_IP_NTKO_REP2_T1) (43),NFCORE_CHIPSEQ:CHIPSEQ:ALIGN_BWA_MEM:BWA_MEM (EZH2_IP_NTKO_REP2_T1) (43),1478667,43
,,0,2024-01-24T01:04:49.09644135Z,2024-02-23T01:04:49.09644135Z,2024-02-22T07:27:14.952416771Z,1171.3762,docker_cpu_usage_pct,NFCORE_CHIPSEQ:CHIPSEQ:ALIGN_BWA_MEM:BWA_MEM (EZH2_IP_NTKO_REP2_T1) (43),NFCORE_CHIPSEQ:CHIPSEQ:ALIGN_BWA_MEM:BWA_MEM (EZH2_IP_NTKO_REP2_T1) (43),1478667,43
,,0,2024-01-24T01:04:49.09644135Z,2024-02-23T01:04:49.09644135Z,2024-02-22T07:27:16.952882252Z,1228.192,docker_cpu_usage_pct,NFCORE_CHIPSEQ:CHIPSEQ:ALIGN_BWA_MEM:BWA_MEM (EZH2_IP_NTKO_REP2_T1) (43),NFCORE_CHIPSEQ:CHIPSEQ:ALIGN_BWA_MEM:BWA_MEM (EZH2_IP_NTKO_REP2_T1) (43),1478667,43
,,0,2024-01-24T01:04:49.09644135Z,2024-02-23T01:04:49.09644135Z,2024-02-22T07:27:18.952201824Z,1427.8567,docker_cpu_usage_pct,NFCORE_CHIPSEQ:CHIPSEQ:ALIGN_BWA_MEM:BWA_MEM (EZH2_IP_NTKO_REP2_T1) (43),NFCORE_CHIPSEQ:CHIPSEQ:ALIGN_BWA_MEM:BWA_MEM (EZH2_IP_NTKO_REP2_T1) (43),1478667,43
,,0,2024-01-24T01:04:49.09644135Z,2024-02-23T01:04:49.09644135Z,2024-02-22T07:27:20.952707605Z,1468.539,docker_cpu_usage_pct,NFCORE_CHIPSEQ:CHIPSEQ:ALIGN_BWA_MEM:BWA_MEM (EZH2_IP_NTKO_REP2_T1) (43),NFCORE_CHIPSEQ:CHIPSEQ:ALIGN_BWA_MEM:BWA_MEM (EZH2_IP_NTKO_REP2_T1) (43),1478667,43
,,0,2024-01-24T01:04:49.09644135Z,2024-02-23T01:04:49.09644135Z,2024-02-22T07:27:22.952390079Z,1315.7687,docker_cpu_usage_pct,NFCORE_CHIPSEQ:CHIPSEQ:ALIGN_BWA_MEM:BWA_MEM (EZH2_IP_NTKO_REP2_T1) (43),NFCORE_CHIPSEQ:CHIPSEQ:ALIGN_BWA_MEM:BWA_MEM (EZH2_IP_NTKO_REP2_T1) (43),1478667,43
,,0,2024-01-24T01:04:49.09644135Z,2024-02-23T01:04:49.09644135Z,2024-02-22T07:27:24.953082304Z,1280.8249,docker_cpu_usage_pct,NFCORE_CHIPSEQ:CHIPSEQ:ALIGN_BWA_MEM:BWA_MEM (EZH2_IP_NTKO_REP2_T1) (43),NFCORE_CHIPSEQ:CHIPSEQ:ALIGN_BWA_MEM:BWA_MEM (EZH2_IP_NTKO_REP2_T1) (43),1478667,43
,,0,2024-01-24T01:04:49.09644135Z,2024-02-23T01:04:49.09644135Z,2024-02-22T07:27:26.952514189Z,1187.185,docker_cpu_usage_pct,NFCORE_CHIPSEQ:CHIPSEQ:ALIGN_BWA_MEM:BWA_MEM (EZH2_IP_NTKO_REP2_T1) (43),NFCORE_CHIPSEQ:CHIPSEQ:ALIGN_BWA_MEM:BWA_MEM (EZH2_IP_NTKO_REP2_T1) (43),1478667,43
,,0,2024-01-24T01:04:49.09644135Z,2024-02-23T01:04:49.09644135Z,2024-02-22T07:27:28.953326538Z,1187.5096,docker_cpu_usage_pct,NFCORE_CHIPSEQ:CHIPSEQ:ALIGN_BWA_MEM:BWA_MEM (EZH2_IP_NTKO_REP2_T1) (43),NFCORE_CHIPSEQ:CHIPSEQ:ALIGN_BWA_MEM:BWA_MEM (EZH2_IP_NTKO_REP2_T1) (43),1478667,43
,,0,2024-01-24T01:04:49.09644135Z,2024-02-23T01:04:49.09644135Z,2024-02-22T07:27:30.952655098Z,1179.8573,docker_cpu_usage_pct,NFCORE_CHIPSEQ:CHIPSEQ:ALIGN_BWA_MEM:BWA_MEM (EZH2_IP_NTKO_REP2_T1) (43),NFCORE_CHIPSEQ:CHIPSEQ:ALIGN_BWA_MEM:BWA_MEM (EZH2_IP_NTKO_REP2_T1) (43),1478667,43
,,0,2024-01-24T01:04:49.09644135Z,2024-02-23T01:04:49.09644135Z,2024-02-22T07:27:32.952296829Z,1177.697,docker_cpu_usage_pct,NFCORE_CHIPSEQ:CHIPSEQ:ALIGN_BWA_MEM:BWA_MEM (EZH2_IP_NTKO_REP2_T1) (43),NFCORE_CHIPSEQ:CHIPSEQ:ALIGN_BWA_MEM:BWA_MEM (EZH2_IP_NTKO_REP2_T1) (43),1478667,43
,,0,2024-01-24T01:04:49.09644135Z,2024-02-23T01:04:49.09644135Z,2024-02-22T07:27:34.952841158Z,1178.7759,docker_cpu_usage_pct,NFCORE_CHIPSEQ:CHIPSEQ:ALIGN_BWA_MEM:BWA_MEM (EZH2_IP_NTKO_REP2_T1) (43),NFCORE_CHIPSEQ:CHIPSEQ:ALIGN_BWA_MEM:BWA_MEM (EZH2_IP_NTKO_REP2_T1) (43),1478667,43
,,0,2024-01-24T01:04:49.09644135Z,2024-02-23T01:04:49.09644135Z,2024-02-22T07:27:36.952410355Z,1178.7695,docker_cpu_usage_pct,NFCORE_CHIPSEQ:CHIPSEQ:ALIGN_BWA_MEM:BWA_MEM (EZH2_IP_NTKO_REP2_T1) (43),NFCORE_CHIPSEQ:CHIPSEQ:ALIGN_BWA_MEM:BWA_MEM (EZH2_IP_NTKO_REP2_T1) (43),1478667,43
,,0,2024-01-24T01:04:49.09644135Z,2024-02-23T01:04:49.09644135Z,2024-02-22T07:27:39.952394501Z,1189.7136,docker_cpu_usage_pct,NFCORE_CHIPSEQ:CHIPSEQ:ALIGN_BWA_MEM:BWA_MEM (EZH2_IP_NTKO_REP2_T1) (43),NFCORE_CHIPSEQ:CHIPSEQ:ALIGN_BWA_MEM:BWA_MEM (EZH2_IP_NTKO_REP2_T1) (43),1478667,43
,,0,2024-01-24T01:04:49.09644135Z,2024-02-23T01:04:49.09644135Z,2024-02-22T07:27:40.952613093Z,1178.787,docker_cpu_usage_pct,NFCORE_CHIPSEQ:CHIPSEQ:ALIGN_BWA_MEM:BWA_MEM (EZH2_IP_NTKO_REP2_T1) (43),NFCORE_CHIPSEQ:CHIPSEQ:ALIGN_BWA_MEM:BWA_MEM (EZH2_IP_NTKO_REP2_T1) (43),1478667,43
,,0,2024-01-24T01:04:49.09644135Z,2024-02-23T01:04:49.09644135Z,2024-02-22T07:27:42.952150967Z,1179.8766,docker_cpu_usage_pct,NFCORE_CHIPSEQ:CHIPSEQ:ALIGN_BWA_MEM:BWA_MEM (EZH2_IP_NTKO_REP2_T1) (43),NFCORE_CHIPSEQ:CHIPSEQ:ALIGN_BWA_MEM:BWA_MEM (EZH2_IP_NTKO_REP2_T1) (43),1478667,43
,,0,2024-01-24T01:04:49.09644135Z,2024-02-23T01:04:49.09644135Z,2024-02-22T07:27:45.952851334Z,1182.4224,docker_cpu_usage_pct,NFCORE_CHIPSEQ:CHIPSEQ:ALIGN_BWA_MEM:BWA_MEM (EZH2_IP_NTKO_REP2_T1) (43),NFCORE_CHIPSEQ:CHIPSEQ:ALIGN_BWA_MEM:BWA_MEM (EZH2_IP_NTKO_REP2_T1) (43),1478667,43
,,0,2024-01-24T01:04:49.09644135Z,2024-02-23T01:04:49.09644135Z,2024-02-22T07:27:46.952199798Z,1184.5702,docker_cpu_usage_pct,NFCORE_CHIPSEQ:CHIPSEQ:ALIGN_BWA_MEM:BWA_MEM (EZH2_IP_NTKO_REP2_T1) (43),NFCORE_CHIPSEQ:CHIPSEQ:ALIGN_BWA_MEM:BWA_MEM (EZH2_IP_NTKO_REP2_T1) (43),1478667,43
,,0,2024-01-24T01:04:49.09644135Z,2024-02-23T01:04:49.09644135Z,2024-02-22T07:27:49.953032678Z,1182.0312,docker_cpu_usage_pct,NFCORE_CHIPSEQ:CHIPSEQ:ALIGN_BWA_MEM:BWA_MEM (EZH2_IP_NTKO_REP2_T1) (43),NFCORE_CHIPSEQ:CHIPSEQ:ALIGN_BWA_MEM:BWA_MEM (EZH2_IP_NTKO_REP2_T1) (43),1478667,43
,,0,2024-01-24T01:04:49.09644135Z,2024-02-23T01:04:49.09644135Z,2024-02-22T07:27:51.952713886Z,1187.1102,docker_cpu_usage_pct,NFCORE_CHIPSEQ:CHIPSEQ:ALIGN_BWA_MEM:BWA_MEM (EZH2_IP_NTKO_REP2_T1) (43),NFCORE_CHIPSEQ:CHIPSEQ:ALIGN_BWA_MEM:BWA_MEM (EZH2_IP_NTKO_REP2_T1) (43),1478667,43
,,0,2024-01-24T01:04:49.09644135Z,2024-02-23T01:04:49.09644135Z,2024-02-22T07:27:52.952944797Z,1182.5669,docker_cpu_usage_pct,NFCORE_CHIPSEQ:CHIPSEQ:ALIGN_BWA_MEM:BWA_MEM (EZH2_IP_NTKO_REP2_T1) (43),NFCORE_CHIPSEQ:CHIPSEQ:ALIGN_BWA_MEM:BWA_MEM (EZH2_IP_NTKO_REP2_T1) (43),1478667,43
,,0,2024-01-24T01:04:49.09644135Z,2024-02-23T01:04:49.09644135Z,2024-02-22T07:27:55.952511484Z,1215.6891,docker_cpu_usage_pct,NFCORE_CHIPSEQ:CHIPSEQ:ALIGN_BWA_MEM:BWA_MEM (EZH2_IP_NTKO_REP2_T1) (43),NFCORE_CHIPSEQ:CHIPSEQ:ALIGN_BWA_MEM:BWA_MEM (EZH2_IP_NTKO_REP2_T1) (43),1478667,43
,,0,2024-01-24T01:04:49.09644135Z,2024-02-23T01:04:49.09644135Z,2024-02-22T07:27:57.952984267Z,1441.4785,docker_cpu_usage_pct,NFCORE_CHIPSEQ:CHIPSEQ:ALIGN_BWA_MEM:BWA_MEM (EZH2_IP_NTKO_REP2_T1) (43),NFCORE_CHIPSEQ:CHIPSEQ:ALIGN_BWA_MEM:BWA_MEM (EZH2_IP_NTKO_REP2_T1) (43),1478667,43
,,0,2024-01-24T01:04:49.09644135Z,2024-02-23T01:04:49.09644135Z,2024-02-22T07:27:59.952541829Z,1512.3445,docker_cpu_usage_pct,NFCORE_CHIPSEQ:CHIPSEQ:ALIGN_BWA_MEM:BWA_MEM (EZH2_IP_NTKO_REP2_T1) (43),NFCORE_CHIPSEQ:CHIPSEQ:ALIGN_BWA_MEM:BWA_MEM (EZH2_IP_NTKO_REP2_T1) (43),1478667,43
,,0,2024-01-24T01:04:49.09644135Z,2024-02-23T01:04:49.09644135Z,2024-02-22T07:28:01.953009851Z,1289.6068,docker_cpu_usage_pct,NFCORE_CHIPSEQ:CHIPSEQ:ALIGN_BWA_MEM:BWA_MEM (EZH2_IP_NTKO_REP2_T1) (43),NFCORE_CHIPSEQ:CHIPSEQ:ALIGN_BWA_MEM:BWA_MEM (EZH2_IP_NTKO_REP2_T1) (43),1478667,43
,,0,2024-01-24T01:04:49.09644135Z,2024-02-23T01:04:49.09644135Z,2024-02-22T07:28:03.952765529Z,1242.5989,docker_cpu_usage_pct,NFCORE_CHIPSEQ:CHIPSEQ:ALIGN_BWA_MEM:BWA_MEM (EZH2_IP_NTKO_REP2_T1) (43),NFCORE_CHIPSEQ:CHIPSEQ:ALIGN_BWA_MEM:BWA_MEM (EZH2_IP_NTKO_REP2_T1) (43),1478667,43
,,0,2024-01-24T01:04:49.09644135Z,2024-02-23T01:04:49.09644135Z,2024-02-22T07:28:05.952389452Z,1183.1143,docker_cpu_usage_pct,NFCORE_CHIPSEQ:CHIPSEQ:ALIGN_BWA_MEM:BWA_MEM (EZH2_IP_NTKO_REP2_T1) (43),NFCORE_CHIPSEQ:CHIPSEQ:ALIGN_BWA_MEM:BWA_MEM (EZH2_IP_NTKO_REP2_T1) (43),1478667,43
,,0,2024-01-24T01:04:49.09644135Z,2024-02-23T01:04:49.09644135Z,2024-02-22T07:28:07.952835512Z,1182.7496,docker_cpu_usage_pct,NFCORE_CHIPSEQ:CHIPSEQ:ALIGN_BWA_MEM:BWA_MEM (EZH2_IP_NTKO_REP2_T1) (43),NFCORE_CHIPSEQ:CHIPSEQ:ALIGN_BWA_MEM:BWA_MEM (EZH2_IP_NTKO_REP2_T1) (43),1478667,43
,,0,2024-01-24T01:04:49.09644135Z,2024-02-23T01:04:49.09644135Z,2024-02-22T07:28:09.952595849Z,1188.9968,docker_cpu_usage_pct,NFCORE_CHIPSEQ:CHIPSEQ:ALIGN_BWA_MEM:BWA_MEM (EZH2_IP_NTKO_REP2_T1) (43),NFCORE_CHIPSEQ:CHIPSEQ:ALIGN_BWA_MEM:BWA_MEM (EZH2_IP_NTKO_REP2_T1) (43),1478667,43
,,0,2024-01-24T01:04:49.09644135Z,2024-02-23T01:04:49.09644135Z,2024-02-22T07:28:11.953184153Z,1185.67,docker_cpu_usage_pct,NFCORE_CHIPSEQ:CHIPSEQ:ALIGN_BWA_MEM:BWA_MEM (EZH2_IP_NTKO_REP2_T1) (43),NFCORE_CHIPSEQ:CHIPSEQ:ALIGN_BWA_MEM:BWA_MEM (EZH2_IP_NTKO_REP2_T1) (43),1478667,43
,,0,2024-01-24T01:04:49.09644135Z,2024-02-23T01:04:49.09644135Z,2024-02-22T07:28:13.952545326Z,1184.5941,docker_cpu_usage_pct,NFCORE_CHIPSEQ:CHIPSEQ:ALIGN_BWA_MEM:BWA_MEM (EZH2_IP_NTKO_REP2_T1) (43),NFCORE_CHIPSEQ:CHIPSEQ:ALIGN_BWA_MEM:BWA_MEM (EZH2_IP_NTKO_REP2_T1) (43),1478667,43
,,0,2024-01-24T01:04:49.09644135Z,2024-02-23T01:04:49.09644135Z,2024-02-22T07:28:15.953201771Z,1193.4434,docker_cpu_usage_pct,NFCORE_CHIPSEQ:CHIPSEQ:ALIGN_BWA_MEM:BWA_MEM (EZH2_IP_NTKO_REP2_T1) (43),NFCORE_CHIPSEQ:CHIPSEQ:ALIGN_BWA_MEM:BWA_MEM (EZH2_IP_NTKO_REP2_T1) (43),1478667,43
,,0,2024-01-24T01:04:49.09644135Z,2024-02-23T01:04:49.09644135Z,2024-02-22T07:28:17.952614046Z,1187.1608,docker_cpu_usage_pct,NFCORE_CHIPSEQ:CHIPSEQ:ALIGN_BWA_MEM:BWA_MEM (EZH2_IP_NTKO_REP2_T1) (43),NFCORE_CHIPSEQ:CHIPSEQ:ALIGN_BWA_MEM:BWA_MEM (EZH2_IP_NTKO_REP2_T1) (43),1478667,43
,,0,2024-01-24T01:04:49.09644135Z,2024-02-23T01:04:49.09644135Z,2024-02-22T07:28:19.952171975Z,1191.1988,docker_cpu_usage_pct,NFCORE_CHIPSEQ:CHIPSEQ:ALIGN_BWA_MEM:BWA_MEM (EZH2_IP_NTKO_REP2_T1) (43),NFCORE_CHIPSEQ:CHIPSEQ:ALIGN_BWA_MEM:BWA_MEM (EZH2_IP_NTKO_REP2_T1) (43),1478667,43
,,0,2024-01-24T01:04:49.09644135Z,2024-02-23T01:04:49.09644135Z,2024-02-22T07:28:21.952658123Z,1191.5774,docker_cpu_usage_pct,NFCORE_CHIPSEQ:CHIPSEQ:ALIGN_BWA_MEM:BWA_MEM (EZH2_IP_NTKO_REP2_T1) (43),NFCORE_CHIPSEQ:CHIPSEQ:ALIGN_BWA_MEM:BWA_MEM (EZH2_IP_NTKO_REP2_T1) (43),1478667,43
,,0,2024-01-24T01:04:49.09644135Z,2024-02-23T01:04:49.09644135Z,2024-02-22T07:28:23.952242692Z,1204.0691,docker_cpu_usage_pct,NFCORE_CHIPSEQ:CHIPSEQ:ALIGN_BWA_MEM:BWA_MEM (EZH2_IP_NTKO_REP2_T1) (43),NFCORE_CHIPSEQ:CHIPSEQ:ALIGN_BWA_MEM:BWA_MEM (EZH2_IP_NTKO_REP2_T1) (43),1478667,43
,,0,2024-01-24T01:04:49.09644135Z,2024-02-23T01:04:49.09644135Z,2024-02-22T07:28:25.952919356Z,1190.0715,docker_cpu_usage_pct,NFCORE_CHIPSEQ:CHIPSEQ:ALIGN_BWA_MEM:BWA_MEM (EZH2_IP_NTKO_REP2_T1) (43),NFCORE_CHIPSEQ:CHIPSEQ:ALIGN_BWA_MEM:BWA_MEM (EZH2_IP_NTKO_REP2_T1) (43),1478667,43
,,0,2024-01-24T01:04:49.09644135Z,2024-02-23T01:04:49.09644135Z,2024-02-22T07:28:27.952585337Z,1186.0611,docker_cpu_usage_pct,NFCORE_CHIPSEQ:CHIPSEQ:ALIGN_BWA_MEM:BWA_MEM (EZH2_IP_NTKO_REP2_T1) (43),NFCORE_CHIPSEQ:CHIPSEQ:ALIGN_BWA_MEM:BWA_MEM (EZH2_IP_NTKO_REP2_T1) (43),1478667,43
,,0,2024-01-24T01:04:49.09644135Z,2024-02-23T01:04:49.09644135Z,2024-02-22T07:28:29.953168107Z,1179.8521,docker_cpu_usage_pct,NFCORE_CHIPSEQ:CHIPSEQ:ALIGN_BWA_MEM:BWA_MEM (EZH2_IP_NTKO_REP2_T1) (43),NFCORE_CHIPSEQ:CHIPSEQ:ALIGN_BWA_MEM:BWA_MEM (EZH2_IP_NTKO_REP2_T1) (43),1478667,43
,,0,2024-01-24T01:04:49.09644135Z,2024-02-23T01:04:49.09644135Z,2024-02-22T07:28:31.9522986Z,1178.1428,docker_cpu_usage_pct,NFCORE_CHIPSEQ:CHIPSEQ:ALIGN_BWA_MEM:BWA_MEM (EZH2_IP_NTKO_REP2_T1) (43),NFCORE_CHIPSEQ:CHIPSEQ:ALIGN_BWA_MEM:BWA_MEM (EZH2_IP_NTKO_REP2_T1) (43),1478667,43
,,0,2024-01-24T01:04:49.09644135Z,2024-02-23T01:04:49.09644135Z,2024-02-22T07:28:33.952968302Z,1299.0962,docker_cpu_usage_pct,NFCORE_CHIPSEQ:CHIPSEQ:ALIGN_BWA_MEM:BWA_MEM (EZH2_IP_NTKO_REP2_T1) (43),NFCORE_CHIPSEQ:CHIPSEQ:ALIGN_BWA_MEM:BWA_MEM (EZH2_IP_NTKO_REP2_T1) (43),1478667,43
,,0,2024-01-24T01:04:49.09644135Z,2024-02-23T01:04:49.09644135Z,2024-02-22T07:28:35.952418564Z,1448.8345,docker_cpu_usage_pct,NFCORE_CHIPSEQ:CHIPSEQ:ALIGN_BWA_MEM:BWA_MEM (EZH2_IP_NTKO_REP2_T1) (43),NFCORE_CHIPSEQ:CHIPSEQ:ALIGN_BWA_MEM:BWA_MEM (EZH2_IP_NTKO_REP2_T1) (43),1478667,43
,,0,2024-01-24T01:04:49.09644135Z,2024-02-23T01:04:49.09644135Z,2024-02-22T07:28:37.953242731Z,1462.9174,docker_cpu_usage_pct,NFCORE_CHIPSEQ:CHIPSEQ:ALIGN_BWA_MEM:BWA_MEM (EZH2_IP_NTKO_REP2_T1) (43),NFCORE_CHIPSEQ:CHIPSEQ:ALIGN_BWA_MEM:BWA_MEM (EZH2_IP_NTKO_REP2_T1) (43),1478667,43
,,0,2024-01-24T01:04:49.09644135Z,2024-02-23T01:04:49.09644135Z,2024-02-22T07:28:39.95260504Z,1296.0648,docker_cpu_usage_pct,NFCORE_CHIPSEQ:CHIPSEQ:ALIGN_BWA_MEM:BWA_MEM (EZH2_IP_NTKO_REP2_T1) (43),NFCORE_CHIPSEQ:CHIPSEQ:ALIGN_BWA_MEM:BWA_MEM (EZH2_IP_NTKO_REP2_T1) (43),1478667,43
,,0,2024-01-24T01:04:49.09644135Z,2024-02-23T01:04:49.09644135Z,2024-02-22T07:28:41.952508726Z,1231.7463,docker_cpu_usage_pct,NFCORE_CHIPSEQ:CHIPSEQ:ALIGN_BWA_MEM:BWA_MEM (EZH2_IP_NTKO_REP2_T1) (43),NFCORE_CHIPSEQ:CHIPSEQ:ALIGN_BWA_MEM:BWA_MEM (EZH2_IP_NTKO_REP2_T1) (43),1478667,43
,,0,2024-01-24T01:04:49.09644135Z,2024-02-23T01:04:49.09644135Z,2024-02-22T07:28:43.952846356Z,1190.1035,docker_cpu_usage_pct,NFCORE_CHIPSEQ:CHIPSEQ:ALIGN_BWA_MEM:BWA_MEM (EZH2_IP_NTKO_REP2_T1) (43),NFCORE_CHIPSEQ:CHIPSEQ:ALIGN_BWA_MEM:BWA_MEM (EZH2_IP_NTKO_REP2_T1) (43),1478667,43
,,0,2024-01-24T01:04:49.09644135Z,2024-02-23T01:04:49.09644135Z,2024-02-22T07:28:45.95238323Z,1198.6344,docker_cpu_usage_pct,NFCORE_CHIPSEQ:CHIPSEQ:ALIGN_BWA_MEM:BWA_MEM (EZH2_IP_NTKO_REP2_T1) (43),NFCORE_CHIPSEQ:CHIPSEQ:ALIGN_BWA_MEM:BWA_MEM (EZH2_IP_NTKO_REP2_T1) (43),1478667,43
,,0,2024-01-24T01:04:49.09644135Z,2024-02-23T01:04:49.09644135Z,2024-02-22T07:28:47.952912272Z,1199.0186,docker_cpu_usage_pct,NFCORE_CHIPSEQ:CHIPSEQ:ALIGN_BWA_MEM:BWA_MEM (EZH2_IP_NTKO_REP2_T1) (43),NFCORE_CHIPSEQ:CHIPSEQ:ALIGN_BWA_MEM:BWA_MEM (EZH2_IP_NTKO_REP2_T1) (43),1478667,43
,,0,2024-01-24T01:04:49.09644135Z,2024-02-23T01:04:49.09644135Z,2024-02-22T07:28:49.95237556Z,1190.8073,docker_cpu_usage_pct,NFCORE_CHIPSEQ:CHIPSEQ:ALIGN_BWA_MEM:BWA_MEM (EZH2_IP_NTKO_REP2_T1) (43),NFCORE_CHIPSEQ:CHIPSEQ:ALIGN_BWA_MEM:BWA_MEM (EZH2_IP_NTKO_REP2_T1) (43),1478667,43
,,0,2024-01-24T01:04:49.09644135Z,2024-02-23T01:04:49.09644135Z,2024-02-22T07:28:51.953044237Z,1184.2127,docker_cpu_usage_pct,NFCORE_CHIPSEQ:CHIPSEQ:ALIGN_BWA_MEM:BWA_MEM (EZH2_IP_NTKO_REP2_T1) (43),NFCORE_CHIPSEQ:CHIPSEQ:ALIGN_BWA_MEM:BWA_MEM (EZH2_IP_NTKO_REP2_T1) (43),1478667,43
,,0,2024-01-24T01:04:49.09644135Z,2024-02-23T01:04:49.09644135Z,2024-02-22T07:28:53.952584394Z,1189.7607,docker_cpu_usage_pct,NFCORE_CHIPSEQ:CHIPSEQ:ALIGN_BWA_MEM:BWA_MEM (EZH2_IP_NTKO_REP2_T1) (43),NFCORE_CHIPSEQ:CHIPSEQ:ALIGN_BWA_MEM:BWA_MEM (EZH2_IP_NTKO_REP2_T1) (43),1478667,43
,,0,2024-01-24T01:04:49.09644135Z,2024-02-23T01:04:49.09644135Z,2024-02-22T07:28:55.95331194Z,1177.3329,docker_cpu_usage_pct,NFCORE_CHIPSEQ:CHIPSEQ:ALIGN_BWA_MEM:BWA_MEM (EZH2_IP_NTKO_REP2_T1) (43),NFCORE_CHIPSEQ:CHIPSEQ:ALIGN_BWA_MEM:BWA_MEM (EZH2_IP_NTKO_REP2_T1) (43),1478667,43
,,0,2024-01-24T01:04:49.09644135Z,2024-02-23T01:04:49.09644135Z,2024-02-22T07:28:57.952973419Z,1175.5152,docker_cpu_usage_pct,NFCORE_CHIPSEQ:CHIPSEQ:ALIGN_BWA_MEM:BWA_MEM (EZH2_IP_NTKO_REP2_T1) (43),NFCORE_CHIPSEQ:CHIPSEQ:ALIGN_BWA_MEM:BWA_MEM (EZH2_IP_NTKO_REP2_T1) (43),1478667,43
,,0,2024-01-24T01:04:49.09644135Z,2024-02-23T01:04:49.09644135Z,2024-02-22T07:28:59.952262634Z,1178.3959,docker_cpu_usage_pct,NFCORE_CHIPSEQ:CHIPSEQ:ALIGN_BWA_MEM:BWA_MEM (EZH2_IP_NTKO_REP2_T1) (43),NFCORE_CHIPSEQ:CHIPSEQ:ALIGN_BWA_MEM:BWA_MEM (EZH2_IP_NTKO_REP2_T1) (43),1478667,43
,,0,2024-01-24T01:04:49.09644135Z,2024-02-23T01:04:49.09644135Z,2024-02-22T07:29:01.952888714Z,1179.1414,docker_cpu_usage_pct,NFCORE_CHIPSEQ:CHIPSEQ:ALIGN_BWA_MEM:BWA_MEM (EZH2_IP_NTKO_REP2_T1) (43),NFCORE_CHIPSEQ:CHIPSEQ:ALIGN_BWA_MEM:BWA_MEM (EZH2_IP_NTKO_REP2_T1) (43),1478667,43
,,0,2024-01-24T01:04:49.09644135Z,2024-02-23T01:04:49.09644135Z,2024-02-22T07:29:03.952461106Z,1175.5237,docker_cpu_usage_pct,NFCORE_CHIPSEQ:CHIPSEQ:ALIGN_BWA_MEM:BWA_MEM (EZH2_IP_NTKO_REP2_T1) (43),NFCORE_CHIPSEQ:CHIPSEQ:ALIGN_BWA_MEM:BWA_MEM (EZH2_IP_NTKO_REP2_T1) (43),1478667,43
,,0,2024-01-24T01:04:49.09644135Z,2024-02-23T01:04:49.09644135Z,2024-02-22T07:29:05.953101673Z,1182.0381,docker_cpu_usage_pct,NFCORE_CHIPSEQ:CHIPSEQ:ALIGN_BWA_MEM:BWA_MEM (EZH2_IP_NTKO_REP2_T1) (43),NFCORE_CHIPSEQ:CHIPSEQ:ALIGN_BWA_MEM:BWA_MEM (EZH2_IP_NTKO_REP2_T1) (43),1478667,43
,,0,2024-01-24T01:04:49.09644135Z,2024-02-23T01:04:49.09644135Z,2024-02-22T07:29:07.952697484Z,1176.594,docker_cpu_usage_pct,NFCORE_CHIPSEQ:CHIPSEQ:ALIGN_BWA_MEM:BWA_MEM (EZH2_IP_NTKO_REP2_T1) (43),NFCORE_CHIPSEQ:CHIPSEQ:ALIGN_BWA_MEM:BWA_MEM (EZH2_IP_NTKO_REP2_T1) (43),1478667,43
,,0,2024-01-24T01:04:49.09644135Z,2024-02-23T01:04:49.09644135Z,2024-02-22T07:29:09.952971337Z,1138.3775,docker_cpu_usage_pct,NFCORE_CHIPSEQ:CHIPSEQ:ALIGN_BWA_MEM:BWA_MEM (EZH2_IP_NTKO_REP2_T1) (43),NFCORE_CHIPSEQ:CHIPSEQ:ALIGN_BWA_MEM:BWA_MEM (EZH2_IP_NTKO_REP2_T1) (43),1478667,43
,,0,2024-01-24T01:04:49.09644135Z,2024-02-23T01:04:49.09644135Z,2024-02-22T07:29:11.952562965Z,1403.0588,docker_cpu_usage_pct,NFCORE_CHIPSEQ:CHIPSEQ:ALIGN_BWA_MEM:BWA_MEM (EZH2_IP_NTKO_REP2_T1) (43),NFCORE_CHIPSEQ:CHIPSEQ:ALIGN_BWA_MEM:BWA_MEM (EZH2_IP_NTKO_REP2_T1) (43),1478667,43
,,0,2024-01-24T01:04:49.09644135Z,2024-02-23T01:04:49.09644135Z,2024-02-22T07:29:13.953104405Z,1438.1216,docker_cpu_usage_pct,NFCORE_CHIPSEQ:CHIPSEQ:ALIGN_BWA_MEM:BWA_MEM (EZH2_IP_NTKO_REP2_T1) (43),NFCORE_CHIPSEQ:CHIPSEQ:ALIGN_BWA_MEM:BWA_MEM (EZH2_IP_NTKO_REP2_T1) (43),1478667,43
,,0,2024-01-24T01:04:49.09644135Z,2024-02-23T01:04:49.09644135Z,2024-02-22T07:29:15.952710173Z,1500.0586,docker_cpu_usage_pct,NFCORE_CHIPSEQ:CHIPSEQ:ALIGN_BWA_MEM:BWA_MEM (EZH2_IP_NTKO_REP2_T1) (43),NFCORE_CHIPSEQ:CHIPSEQ:ALIGN_BWA_MEM:BWA_MEM (EZH2_IP_NTKO_REP2_T1) (43),1478667,43
,,0,2024-01-24T01:04:49.09644135Z,2024-02-23T01:04:49.09644135Z,2024-02-22T07:29:17.953195669Z,1299.294,docker_cpu_usage_pct,NFCORE_CHIPSEQ:CHIPSEQ:ALIGN_BWA_MEM:BWA_MEM (EZH2_IP_NTKO_REP2_T1) (43),NFCORE_CHIPSEQ:CHIPSEQ:ALIGN_BWA_MEM:BWA_MEM (EZH2_IP_NTKO_REP2_T1) (43),1478667,43
,,0,2024-01-24T01:04:49.09644135Z,2024-02-23T01:04:49.09644135Z,2024-02-22T07:29:19.952572826Z,1230.6828,docker_cpu_usage_pct,NFCORE_CHIPSEQ:CHIPSEQ:ALIGN_BWA_MEM:BWA_MEM (EZH2_IP_NTKO_REP2_T1) (43),NFCORE_CHIPSEQ:CHIPSEQ:ALIGN_BWA_MEM:BWA_MEM (EZH2_IP_NTKO_REP2_T1) (43),1478667,43
,,0,2024-01-24T01:04:49.09644135Z,2024-02-23T01:04:49.09644135Z,2024-02-22T07:29:21.952214892Z,1199.0197,docker_cpu_usage_pct,NFCORE_CHIPSEQ:CHIPSEQ:ALIGN_BWA_MEM:BWA_MEM (EZH2_IP_NTKO_REP2_T1) (43),NFCORE_CHIPSEQ:CHIPSEQ:ALIGN_BWA_MEM:BWA_MEM (EZH2_IP_NTKO_REP2_T1) (43),1478667,43
,,0,2024-01-24T01:04:49.09644135Z,2024-02-23T01:04:49.09644135Z,2024-02-22T07:29:23.953006057Z,1201.1123,docker_cpu_usage_pct,NFCORE_CHIPSEQ:CHIPSEQ:ALIGN_BWA_MEM:BWA_MEM (EZH2_IP_NTKO_REP2_T1) (43),NFCORE_CHIPSEQ:CHIPSEQ:ALIGN_BWA_MEM:BWA_MEM (EZH2_IP_NTKO_REP2_T1) (43),1478667,43
,,0,2024-01-24T01:04:49.09644135Z,2024-02-23T01:04:49.09644135Z,2024-02-22T07:29:25.952535398Z,1181.6755,docker_cpu_usage_pct,NFCORE_CHIPSEQ:CHIPSEQ:ALIGN_BWA_MEM:BWA_MEM (EZH2_IP_NTKO_REP2_T1) (43),NFCORE_CHIPSEQ:CHIPSEQ:ALIGN_BWA_MEM:BWA_MEM (EZH2_IP_NTKO_REP2_T1) (43),1478667,43
,,0,2024-01-24T01:04:49.09644135Z,2024-02-23T01:04:49.09644135Z,2024-02-22T07:29:27.952963078Z,1186.7502,docker_cpu_usage_pct,NFCORE_CHIPSEQ:CHIPSEQ:ALIGN_BWA_MEM:BWA_MEM (EZH2_IP_NTKO_REP2_T1) (43),NFCORE_CHIPSEQ:CHIPSEQ:ALIGN_BWA_MEM:BWA_MEM (EZH2_IP_NTKO_REP2_T1) (43),1478667,43
,,0,2024-01-24T01:04:49.09644135Z,2024-02-23T01:04:49.09644135Z,2024-02-22T07:29:29.952756727Z,1185.6572,docker_cpu_usage_pct,NFCORE_CHIPSEQ:CHIPSEQ:ALIGN_BWA_MEM:BWA_MEM (EZH2_IP_NTKO_REP2_T1) (43),NFCORE_CHIPSEQ:CHIPSEQ:ALIGN_BWA_MEM:BWA_MEM (EZH2_IP_NTKO_REP2_T1) (43),1478667,43
,,0,2024-01-24T01:04:49.09644135Z,2024-02-23T01:04:49.09644135Z,2024-02-22T07:29:31.952189693Z,1173.7237,docker_cpu_usage_pct,NFCORE_CHIPSEQ:CHIPSEQ:ALIGN_BWA_MEM:BWA_MEM (EZH2_IP_NTKO_REP2_T1) (43),NFCORE_CHIPSEQ:CHIPSEQ:ALIGN_BWA_MEM:BWA_MEM (EZH2_IP_NTKO_REP2_T1) (43),1478667,43
,,0,2024-01-24T01:04:49.09644135Z,2024-02-23T01:04:49.09644135Z,2024-02-22T07:29:33.952737196Z,1177.7119,docker_cpu_usage_pct,NFCORE_CHIPSEQ:CHIPSEQ:ALIGN_BWA_MEM:BWA_MEM (EZH2_IP_NTKO_REP2_T1) (43),NFCORE_CHIPSEQ:CHIPSEQ:ALIGN_BWA_MEM:BWA_MEM (EZH2_IP_NTKO_REP2_T1) (43),1478667,43
,,0,2024-01-24T01:04:49.09644135Z,2024-02-23T01:04:49.09644135Z,2024-02-22T07:29:35.952272014Z,1190.0988,docker_cpu_usage_pct,NFCORE_CHIPSEQ:CHIPSEQ:ALIGN_BWA_MEM:BWA_MEM (EZH2_IP_NTKO_REP2_T1) (43),NFCORE_CHIPSEQ:CHIPSEQ:ALIGN_BWA_MEM:BWA_MEM (EZH2_IP_NTKO_REP2_T1) (43),1478667,43
,,0,2024-01-24T01:04:49.09644135Z,2024-02-23T01:04:49.09644135Z,2024-02-22T07:29:37.952877148Z,1177.6735,docker_cpu_usage_pct,NFCORE_CHIPSEQ:CHIPSEQ:ALIGN_BWA_MEM:BWA_MEM (EZH2_IP_NTKO_REP2_T1) (43),NFCORE_CHIPSEQ:CHIPSEQ:ALIGN_BWA_MEM:BWA_MEM (EZH2_IP_NTKO_REP2_T1) (43),1478667,43
,,0,2024-01-24T01:04:49.09644135Z,2024-02-23T01:04:49.09644135Z,2024-02-22T07:29:39.952356674Z,1174.7165,docker_cpu_usage_pct,NFCORE_CHIPSEQ:CHIPSEQ:ALIGN_BWA_MEM:BWA_MEM (EZH2_IP_NTKO_REP2_T1) (43),NFCORE_CHIPSEQ:CHIPSEQ:ALIGN_BWA_MEM:BWA_MEM (EZH2_IP_NTKO_REP2_T1) (43),1478667,43
,,0,2024-01-24T01:04:49.09644135Z,2024-02-23T01:04:49.09644135Z,2024-02-22T07:29:41.953013759Z,1181.3231,docker_cpu_usage_pct,NFCORE_CHIPSEQ:CHIPSEQ:ALIGN_BWA_MEM:BWA_MEM (EZH2_IP_NTKO_REP2_T1) (43),NFCORE_CHIPSEQ:CHIPSEQ:ALIGN_BWA_MEM:BWA_MEM (EZH2_IP_NTKO_REP2_T1) (43),1478667,43
,,0,2024-01-24T01:04:49.09644135Z,2024-02-23T01:04:49.09644135Z,2024-02-22T07:29:43.952482243Z,1183.4975,docker_cpu_usage_pct,NFCORE_CHIPSEQ:CHIPSEQ:ALIGN_BWA_MEM:BWA_MEM (EZH2_IP_NTKO_REP2_T1) (43),NFCORE_CHIPSEQ:CHIPSEQ:ALIGN_BWA_MEM:BWA_MEM (EZH2_IP_NTKO_REP2_T1) (43),1478667,43
,,0,2024-01-24T01:04:49.09644135Z,2024-02-23T01:04:49.09644135Z,2024-02-22T07:29:45.953046855Z,1176.608,docker_cpu_usage_pct,NFCORE_CHIPSEQ:CHIPSEQ:ALIGN_BWA_MEM:BWA_MEM (EZH2_IP_NTKO_REP2_T1) (43),NFCORE_CHIPSEQ:CHIPSEQ:ALIGN_BWA_MEM:BWA_MEM (EZH2_IP_NTKO_REP2_T1) (43),1478667,43
,,0,2024-01-24T01:04:49.09644135Z,2024-02-23T01:04:49.09644135Z,2024-02-22T07:29:47.952429826Z,1159.4743,docker_cpu_usage_pct,NFCORE_CHIPSEQ:CHIPSEQ:ALIGN_BWA_MEM:BWA_MEM (EZH2_IP_NTKO_REP2_T1) (43),NFCORE_CHIPSEQ:CHIPSEQ:ALIGN_BWA_MEM:BWA_MEM (EZH2_IP_NTKO_REP2_T1) (43),1478667,43
,,0,2024-01-24T01:04:49.09644135Z,2024-02-23T01:04:49.09644135Z,2024-02-22T07:29:49.953024938Z,1412.166,docker_cpu_usage_pct,NFCORE_CHIPSEQ:CHIPSEQ:ALIGN_BWA_MEM:BWA_MEM (EZH2_IP_NTKO_REP2_T1) (43),NFCORE_CHIPSEQ:CHIPSEQ:ALIGN_BWA_MEM:BWA_MEM (EZH2_IP_NTKO_REP2_T1) (43),1478667,43
,,0,2024-01-24T01:04:49.09644135Z,2024-02-23T01:04:49.09644135Z,2024-02-22T07:29:51.952943227Z,1439.3986,docker_cpu_usage_pct,NFCORE_CHIPSEQ:CHIPSEQ:ALIGN_BWA_MEM:BWA_MEM (EZH2_IP_NTKO_REP2_T1) (43),NFCORE_CHIPSEQ:CHIPSEQ:ALIGN_BWA_MEM:BWA_MEM (EZH2_IP_NTKO_REP2_T1) (43),1478667,43
,,0,2024-01-24T01:04:49.09644135Z,2024-02-23T01:04:49.09644135Z,2024-02-22T07:29:53.952271686Z,1487.8339,docker_cpu_usage_pct,NFCORE_CHIPSEQ:CHIPSEQ:ALIGN_BWA_MEM:BWA_MEM (EZH2_IP_NTKO_REP2_T1) (43),NFCORE_CHIPSEQ:CHIPSEQ:ALIGN_BWA_MEM:BWA_MEM (EZH2_IP_NTKO_REP2_T1) (43),1478667,43
,,0,2024-01-24T01:04:49.09644135Z,2024-02-23T01:04:49.09644135Z,2024-02-22T07:29:55.952865567Z,1290.0679,docker_cpu_usage_pct,NFCORE_CHIPSEQ:CHIPSEQ:ALIGN_BWA_MEM:BWA_MEM (EZH2_IP_NTKO_REP2_T1) (43),NFCORE_CHIPSEQ:CHIPSEQ:ALIGN_BWA_MEM:BWA_MEM (EZH2_IP_NTKO_REP2_T1) (43),1478667,43
,,0,2024-01-24T01:04:49.09644135Z,2024-02-23T01:04:49.09644135Z,2024-02-22T07:29:57.952488205Z,1183.5701,docker_cpu_usage_pct,NFCORE_CHIPSEQ:CHIPSEQ:ALIGN_BWA_MEM:BWA_MEM (EZH2_IP_NTKO_REP2_T1) (43),NFCORE_CHIPSEQ:CHIPSEQ:ALIGN_BWA_MEM:BWA_MEM (EZH2_IP_NTKO_REP2_T1) (43),1478667,43
,,0,2024-01-24T01:04:49.09644135Z,2024-02-23T01:04:49.09644135Z,2024-02-22T07:29:59.953010885Z,1190.0876,docker_cpu_usage_pct,NFCORE_CHIPSEQ:CHIPSEQ:ALIGN_BWA_MEM:BWA_MEM (EZH2_IP_NTKO_REP2_T1) (43),NFCORE_CHIPSEQ:CHIPSEQ:ALIGN_BWA_MEM:BWA_MEM (EZH2_IP_NTKO_REP2_T1) (43),1478667,43
,,0,2024-01-24T01:04:49.09644135Z,2024-02-23T01:04:49.09644135Z,2024-02-22T07:30:01.952550401Z,1175.0652,docker_cpu_usage_pct,NFCORE_CHIPSEQ:CHIPSEQ:ALIGN_BWA_MEM:BWA_MEM (EZH2_IP_NTKO_REP2_T1) (43),NFCORE_CHIPSEQ:CHIPSEQ:ALIGN_BWA_MEM:BWA_MEM (EZH2_IP_NTKO_REP2_T1) (43),1478667,43
,,0,2024-01-24T01:04:49.09644135Z,2024-02-23T01:04:49.09644135Z,2024-02-22T07:30:03.952982266Z,1191.192,docker_cpu_usage_pct,NFCORE_CHIPSEQ:CHIPSEQ:ALIGN_BWA_MEM:BWA_MEM (EZH2_IP_NTKO_REP2_T1) (43),NFCORE_CHIPSEQ:CHIPSEQ:ALIGN_BWA_MEM:BWA_MEM (EZH2_IP_NTKO_REP2_T1) (43),1478667,43
,,0,2024-01-24T01:04:49.09644135Z,2024-02-23T01:04:49.09644135Z,2024-02-22T07:30:05.952769061Z,1195.6628,docker_cpu_usage_pct,NFCORE_CHIPSEQ:CHIPSEQ:ALIGN_BWA_MEM:BWA_MEM (EZH2_IP_NTKO_REP2_T1) (43),NFCORE_CHIPSEQ:CHIPSEQ:ALIGN_BWA_MEM:BWA_MEM (EZH2_IP_NTKO_REP2_T1) (43),1478667,43
,,0,2024-01-24T01:04:49.09644135Z,2024-02-23T01:04:49.09644135Z,2024-02-22T07:30:07.953356552Z,1189.7464,docker_cpu_usage_pct,NFCORE_CHIPSEQ:CHIPSEQ:ALIGN_BWA_MEM:BWA_MEM (EZH2_IP_NTKO_REP2_T1) (43),NFCORE_CHIPSEQ:CHIPSEQ:ALIGN_BWA_MEM:BWA_MEM (EZH2_IP_NTKO_REP2_T1) (43),1478667,43
,,0,2024-01-24T01:04:49.09644135Z,2024-02-23T01:04:49.09644135Z,2024-02-22T07:30:09.952895639Z,1189.7188,docker_cpu_usage_pct,NFCORE_CHIPSEQ:CHIPSEQ:ALIGN_BWA_MEM:BWA_MEM (EZH2_IP_NTKO_REP2_T1) (43),NFCORE_CHIPSEQ:CHIPSEQ:ALIGN_BWA_MEM:BWA_MEM (EZH2_IP_NTKO_REP2_T1) (43),1478667,43
,,0,2024-01-24T01:04:49.09644135Z,2024-02-23T01:04:49.09644135Z,2024-02-22T07:30:11.952520889Z,1184.9397,docker_cpu_usage_pct,NFCORE_CHIPSEQ:CHIPSEQ:ALIGN_BWA_MEM:BWA_MEM (EZH2_IP_NTKO_REP2_T1) (43),NFCORE_CHIPSEQ:CHIPSEQ:ALIGN_BWA_MEM:BWA_MEM (EZH2_IP_NTKO_REP2_T1) (43),1478667,43
,,0,2024-01-24T01:04:49.09644135Z,2024-02-23T01:04:49.09644135Z,2024-02-22T07:30:13.953154112Z,1184.5862,docker_cpu_usage_pct,NFCORE_CHIPSEQ:CHIPSEQ:ALIGN_BWA_MEM:BWA_MEM (EZH2_IP_NTKO_REP2_T1) (43),NFCORE_CHIPSEQ:CHIPSEQ:ALIGN_BWA_MEM:BWA_MEM (EZH2_IP_NTKO_REP2_T1) (43),1478667,43
,,0,2024-01-24T01:04:49.09644135Z,2024-02-23T01:04:49.09644135Z,2024-02-22T07:30:15.952712Z,1182.3872,docker_cpu_usage_pct,NFCORE_CHIPSEQ:CHIPSEQ:ALIGN_BWA_MEM:BWA_MEM (EZH2_IP_NTKO_REP2_T1) (43),NFCORE_CHIPSEQ:CHIPSEQ:ALIGN_BWA_MEM:BWA_MEM (EZH2_IP_NTKO_REP2_T1) (43),1478667,43
,,0,2024-01-24T01:04:49.09644135Z,2024-02-23T01:04:49.09644135Z,2024-02-22T07:30:17.953286343Z,1183.8471,docker_cpu_usage_pct,NFCORE_CHIPSEQ:CHIPSEQ:ALIGN_BWA_MEM:BWA_MEM (EZH2_IP_NTKO_REP2_T1) (43),NFCORE_CHIPSEQ:CHIPSEQ:ALIGN_BWA_MEM:BWA_MEM (EZH2_IP_NTKO_REP2_T1) (43),1478667,43
,,0,2024-01-24T01:04:49.09644135Z,2024-02-23T01:04:49.09644135Z,2024-02-22T07:30:19.952702887Z,1179.8398,docker_cpu_usage_pct,NFCORE_CHIPSEQ:CHIPSEQ:ALIGN_BWA_MEM:BWA_MEM (EZH2_IP_NTKO_REP2_T1) (43),NFCORE_CHIPSEQ:CHIPSEQ:ALIGN_BWA_MEM:BWA_MEM (EZH2_IP_NTKO_REP2_T1) (43),1478667,43
,,0,2024-01-24T01:04:49.09644135Z,2024-02-23T01:04:49.09644135Z,2024-02-22T07:30:21.952409361Z,1180.944,docker_cpu_usage_pct,NFCORE_CHIPSEQ:CHIPSEQ:ALIGN_BWA_MEM:BWA_MEM (EZH2_IP_NTKO_REP2_T1) (43),NFCORE_CHIPSEQ:CHIPSEQ:ALIGN_BWA_MEM:BWA_MEM (EZH2_IP_NTKO_REP2_T1) (43),1478667,43
,,0,2024-01-24T01:04:49.09644135Z,2024-02-23T01:04:49.09644135Z,2024-02-22T07:30:23.952896981Z,1195.9207,docker_cpu_usage_pct,NFCORE_CHIPSEQ:CHIPSEQ:ALIGN_BWA_MEM:BWA_MEM (EZH2_IP_NTKO_REP2_T1) (43),NFCORE_CHIPSEQ:CHIPSEQ:ALIGN_BWA_MEM:BWA_MEM (EZH2_IP_NTKO_REP2_T1) (43),1478667,43
,,0,2024-01-24T01:04:49.09644135Z,2024-02-23T01:04:49.09644135Z,2024-02-22T07:30:25.95242948Z,1128.0633,docker_cpu_usage_pct,NFCORE_CHIPSEQ:CHIPSEQ:ALIGN_BWA_MEM:BWA_MEM (EZH2_IP_NTKO_REP2_T1) (43),NFCORE_CHIPSEQ:CHIPSEQ:ALIGN_BWA_MEM:BWA_MEM (EZH2_IP_NTKO_REP2_T1) (43),1478667,43
,,0,2024-01-24T01:04:49.09644135Z,2024-02-23T01:04:49.09644135Z,2024-02-22T07:30:27.952777157Z,1434.2024,docker_cpu_usage_pct,NFCORE_CHIPSEQ:CHIPSEQ:ALIGN_BWA_MEM:BWA_MEM (EZH2_IP_NTKO_REP2_T1) (43),NFCORE_CHIPSEQ:CHIPSEQ:ALIGN_BWA_MEM:BWA_MEM (EZH2_IP_NTKO_REP2_T1) (43),1478667,43
,,0,2024-01-24T01:04:49.09644135Z,2024-02-23T01:04:49.09644135Z,2024-02-22T07:30:29.952286687Z,1446.4856,docker_cpu_usage_pct,NFCORE_CHIPSEQ:CHIPSEQ:ALIGN_BWA_MEM:BWA_MEM (EZH2_IP_NTKO_REP2_T1) (43),NFCORE_CHIPSEQ:CHIPSEQ:ALIGN_BWA_MEM:BWA_MEM (EZH2_IP_NTKO_REP2_T1) (43),1478667,43
,,0,2024-01-24T01:04:49.09644135Z,2024-02-23T01:04:49.09644135Z,2024-02-22T07:30:31.952902594Z,1492.2574,docker_cpu_usage_pct,NFCORE_CHIPSEQ:CHIPSEQ:ALIGN_BWA_MEM:BWA_MEM (EZH2_IP_NTKO_REP2_T1) (43),NFCORE_CHIPSEQ:CHIPSEQ:ALIGN_BWA_MEM:BWA_MEM (EZH2_IP_NTKO_REP2_T1) (43),1478667,43
,,0,2024-01-24T01:04:49.09644135Z,2024-02-23T01:04:49.09644135Z,2024-02-22T07:30:33.952727695Z,1299.2972,docker_cpu_usage_pct,NFCORE_CHIPSEQ:CHIPSEQ:ALIGN_BWA_MEM:BWA_MEM (EZH2_IP_NTKO_REP2_T1) (43),NFCORE_CHIPSEQ:CHIPSEQ:ALIGN_BWA_MEM:BWA_MEM (EZH2_IP_NTKO_REP2_T1) (43),1478667,43
,,0,2024-01-24T01:04:49.09644135Z,2024-02-23T01:04:49.09644135Z,2024-02-22T07:30:35.9532383Z,1181.6805,docker_cpu_usage_pct,NFCORE_CHIPSEQ:CHIPSEQ:ALIGN_BWA_MEM:BWA_MEM (EZH2_IP_NTKO_REP2_T1) (43),NFCORE_CHIPSEQ:CHIPSEQ:ALIGN_BWA_MEM:BWA_MEM (EZH2_IP_NTKO_REP2_T1) (43),1478667,43
,,0,2024-01-24T01:04:49.09644135Z,2024-02-23T01:04:49.09644135Z,2024-02-22T07:30:37.952809504Z,1175.8656,docker_cpu_usage_pct,NFCORE_CHIPSEQ:CHIPSEQ:ALIGN_BWA_MEM:BWA_MEM (EZH2_IP_NTKO_REP2_T1) (43),NFCORE_CHIPSEQ:CHIPSEQ:ALIGN_BWA_MEM:BWA_MEM (EZH2_IP_NTKO_REP2_T1) (43),1478667,43
,,0,2024-01-24T01:04:49.09644135Z,2024-02-23T01:04:49.09644135Z,2024-02-22T07:30:39.952442142Z,1171.946,docker_cpu_usage_pct,NFCORE_CHIPSEQ:CHIPSEQ:ALIGN_BWA_MEM:BWA_MEM (EZH2_IP_NTKO_REP2_T1) (43),NFCORE_CHIPSEQ:CHIPSEQ:ALIGN_BWA_MEM:BWA_MEM (EZH2_IP_NTKO_REP2_T1) (43),1478667,43
,,0,2024-01-24T01:04:49.09644135Z,2024-02-23T01:04:49.09644135Z,2024-02-22T07:30:41.952957229Z,1177.3329,docker_cpu_usage_pct,NFCORE_CHIPSEQ:CHIPSEQ:ALIGN_BWA_MEM:BWA_MEM (EZH2_IP_NTKO_REP2_T1) (43),NFCORE_CHIPSEQ:CHIPSEQ:ALIGN_BWA_MEM:BWA_MEM (EZH2_IP_NTKO_REP2_T1) (43),1478667,43
,,0,2024-01-24T01:04:49.09644135Z,2024-02-23T01:04:49.09644135Z,2024-02-22T07:30:43.95265273Z,1176.6216,docker_cpu_usage_pct,NFCORE_CHIPSEQ:CHIPSEQ:ALIGN_BWA_MEM:BWA_MEM (EZH2_IP_NTKO_REP2_T1) (43),NFCORE_CHIPSEQ:CHIPSEQ:ALIGN_BWA_MEM:BWA_MEM (EZH2_IP_NTKO_REP2_T1) (43),1478667,43
,,0,2024-01-24T01:04:49.09644135Z,2024-02-23T01:04:49.09644135Z,2024-02-22T07:30:45.953166869Z,1179.488,docker_cpu_usage_pct,NFCORE_CHIPSEQ:CHIPSEQ:ALIGN_BWA_MEM:BWA_MEM (EZH2_IP_NTKO_REP2_T1) (43),NFCORE_CHIPSEQ:CHIPSEQ:ALIGN_BWA_MEM:BWA_MEM (EZH2_IP_NTKO_REP2_T1) (43),1478667,43
,,0,2024-01-24T01:04:49.09644135Z,2024-02-23T01:04:49.09644135Z,2024-02-22T07:30:47.952697016Z,1178.433,docker_cpu_usage_pct,NFCORE_CHIPSEQ:CHIPSEQ:ALIGN_BWA_MEM:BWA_MEM (EZH2_IP_NTKO_REP2_T1) (43),NFCORE_CHIPSEQ:CHIPSEQ:ALIGN_BWA_MEM:BWA_MEM (EZH2_IP_NTKO_REP2_T1) (43),1478667,43
,,0,2024-01-24T01:04:49.09644135Z,2024-02-23T01:04:49.09644135Z,2024-02-22T07:30:49.953211397Z,1178.0458,docker_cpu_usage_pct,NFCORE_CHIPSEQ:CHIPSEQ:ALIGN_BWA_MEM:BWA_MEM (EZH2_IP_NTKO_REP2_T1) (43),NFCORE_CHIPSEQ:CHIPSEQ:ALIGN_BWA_MEM:BWA_MEM (EZH2_IP_NTKO_REP2_T1) (43),1478667,43
,,0,2024-01-24T01:04:49.09644135Z,2024-02-23T01:04:49.09644135Z,2024-02-22T07:30:51.952976704Z,1172.6515,docker_cpu_usage_pct,NFCORE_CHIPSEQ:CHIPSEQ:ALIGN_BWA_MEM:BWA_MEM (EZH2_IP_NTKO_REP2_T1) (43),NFCORE_CHIPSEQ:CHIPSEQ:ALIGN_BWA_MEM:BWA_MEM (EZH2_IP_NTKO_REP2_T1) (43),1478667,43
,,0,2024-01-24T01:04:49.09644135Z,2024-02-23T01:04:49.09644135Z,2024-02-22T07:30:53.952305817Z,1182.1096,docker_cpu_usage_pct,NFCORE_CHIPSEQ:CHIPSEQ:ALIGN_BWA_MEM:BWA_MEM (EZH2_IP_NTKO_REP2_T1) (43),NFCORE_CHIPSEQ:CHIPSEQ:ALIGN_BWA_MEM:BWA_MEM (EZH2_IP_NTKO_REP2_T1) (43),1478667,43
,,0,2024-01-24T01:04:49.09644135Z,2024-02-23T01:04:49.09644135Z,2024-02-22T07:30:55.953073729Z,1177.6876,docker_cpu_usage_pct,NFCORE_CHIPSEQ:CHIPSEQ:ALIGN_BWA_MEM:BWA_MEM (EZH2_IP_NTKO_REP2_T1) (43),NFCORE_CHIPSEQ:CHIPSEQ:ALIGN_BWA_MEM:BWA_MEM (EZH2_IP_NTKO_REP2_T1) (43),1478667,43
,,0,2024-01-24T01:04:49.09644135Z,2024-02-23T01:04:49.09644135Z,2024-02-22T07:30:57.952510038Z,1183.491,docker_cpu_usage_pct,NFCORE_CHIPSEQ:CHIPSEQ:ALIGN_BWA_MEM:BWA_MEM (EZH2_IP_NTKO_REP2_T1) (43),NFCORE_CHIPSEQ:CHIPSEQ:ALIGN_BWA_MEM:BWA_MEM (EZH2_IP_NTKO_REP2_T1) (43),1478667,43
,,0,2024-01-24T01:04:49.09644135Z,2024-02-23T01:04:49.09644135Z,2024-02-22T07:30:59.953119767Z,1176.9503,docker_cpu_usage_pct,NFCORE_CHIPSEQ:CHIPSEQ:ALIGN_BWA_MEM:BWA_MEM (EZH2_IP_NTKO_REP2_T1) (43),NFCORE_CHIPSEQ:CHIPSEQ:ALIGN_BWA_MEM:BWA_MEM (EZH2_IP_NTKO_REP2_T1) (43),1478667,43
,,0,2024-01-24T01:04:49.09644135Z,2024-02-23T01:04:49.09644135Z,2024-02-22T07:31:01.952662152Z,1180.5835,docker_cpu_usage_pct,NFCORE_CHIPSEQ:CHIPSEQ:ALIGN_BWA_MEM:BWA_MEM (EZH2_IP_NTKO_REP2_T1) (43),NFCORE_CHIPSEQ:CHIPSEQ:ALIGN_BWA_MEM:BWA_MEM (EZH2_IP_NTKO_REP2_T1) (43),1478667,43
,,0,2024-01-24T01:04:49.09644135Z,2024-02-23T01:04:49.09644135Z,2024-02-22T07:31:03.952424705Z,1120.277,docker_cpu_usage_pct,NFCORE_CHIPSEQ:CHIPSEQ:ALIGN_BWA_MEM:BWA_MEM (EZH2_IP_NTKO_REP2_T1) (43),NFCORE_CHIPSEQ:CHIPSEQ:ALIGN_BWA_MEM:BWA_MEM (EZH2_IP_NTKO_REP2_T1) (43),1478667,43
,,0,2024-01-24T01:04:49.09644135Z,2024-02-23T01:04:49.09644135Z,2024-02-22T07:31:05.952632234Z,1415.6226,docker_cpu_usage_pct,NFCORE_CHIPSEQ:CHIPSEQ:ALIGN_BWA_MEM:BWA_MEM (EZH2_IP_NTKO_REP2_T1) (43),NFCORE_CHIPSEQ:CHIPSEQ:ALIGN_BWA_MEM:BWA_MEM (EZH2_IP_NTKO_REP2_T1) (43),1478667,43
,,0,2024-01-24T01:04:49.09644135Z,2024-02-23T01:04:49.09644135Z,2024-02-22T07:31:07.952193473Z,1482.0091,docker_cpu_usage_pct,NFCORE_CHIPSEQ:CHIPSEQ:ALIGN_BWA_MEM:BWA_MEM (EZH2_IP_NTKO_REP2_T1) (43),NFCORE_CHIPSEQ:CHIPSEQ:ALIGN_BWA_MEM:BWA_MEM (EZH2_IP_NTKO_REP2_T1) (43),1478667,43
,,0,2024-01-24T01:04:49.09644135Z,2024-02-23T01:04:49.09644135Z,2024-02-22T07:31:09.952783178Z,1500.724,docker_cpu_usage_pct,NFCORE_CHIPSEQ:CHIPSEQ:ALIGN_BWA_MEM:BWA_MEM (EZH2_IP_NTKO_REP2_T1) (43),NFCORE_CHIPSEQ:CHIPSEQ:ALIGN_BWA_MEM:BWA_MEM (EZH2_IP_NTKO_REP2_T1) (43),1478667,43
,,0,2024-01-24T01:04:49.09644135Z,2024-02-23T01:04:49.09644135Z,2024-02-22T07:31:11.952457914Z,1276.1859,docker_cpu_usage_pct,NFCORE_CHIPSEQ:CHIPSEQ:ALIGN_BWA_MEM:BWA_MEM (EZH2_IP_NTKO_REP2_T1) (43),NFCORE_CHIPSEQ:CHIPSEQ:ALIGN_BWA_MEM:BWA_MEM (EZH2_IP_NTKO_REP2_T1) (43),1478667,43
,,0,2024-01-24T01:04:49.09644135Z,2024-02-23T01:04:49.09644135Z,2024-02-22T07:31:13.952937607Z,1184.5804,docker_cpu_usage_pct,NFCORE_CHIPSEQ:CHIPSEQ:ALIGN_BWA_MEM:BWA_MEM (EZH2_IP_NTKO_REP2_T1) (43),NFCORE_CHIPSEQ:CHIPSEQ:ALIGN_BWA_MEM:BWA_MEM (EZH2_IP_NTKO_REP2_T1) (43),1478667,43
,,0,2024-01-24T01:04:49.09644135Z,2024-02-23T01:04:49.09644135Z,2024-02-22T07:31:15.952564053Z,1179.4988,docker_cpu_usage_pct,NFCORE_CHIPSEQ:CHIPSEQ:ALIGN_BWA_MEM:BWA_MEM (EZH2_IP_NTKO_REP2_T1) (43),NFCORE_CHIPSEQ:CHIPSEQ:ALIGN_BWA_MEM:BWA_MEM (EZH2_IP_NTKO_REP2_T1) (43),1478667,43
,,0,2024-01-24T01:04:49.09644135Z,2024-02-23T01:04:49.09644135Z,2024-02-22T07:31:17.953090882Z,1176.612,docker_cpu_usage_pct,NFCORE_CHIPSEQ:CHIPSEQ:ALIGN_BWA_MEM:BWA_MEM (EZH2_IP_NTKO_REP2_T1) (43),NFCORE_CHIPSEQ:CHIPSEQ:ALIGN_BWA_MEM:BWA_MEM (EZH2_IP_NTKO_REP2_T1) (43),1478667,43
,,0,2024-01-24T01:04:49.09644135Z,2024-02-23T01:04:49.09644135Z,2024-02-22T07:31:19.952900207Z,1174.8049,docker_cpu_usage_pct,NFCORE_CHIPSEQ:CHIPSEQ:ALIGN_BWA_MEM:BWA_MEM (EZH2_IP_NTKO_REP2_T1) (43),NFCORE_CHIPSEQ:CHIPSEQ:ALIGN_BWA_MEM:BWA_MEM (EZH2_IP_NTKO_REP2_T1) (43),1478667,43
,,0,2024-01-24T01:04:49.09644135Z,2024-02-23T01:04:49.09644135Z,2024-02-22T07:31:21.952137265Z,1176.2491,docker_cpu_usage_pct,NFCORE_CHIPSEQ:CHIPSEQ:ALIGN_BWA_MEM:BWA_MEM (EZH2_IP_NTKO_REP2_T1) (43),NFCORE_CHIPSEQ:CHIPSEQ:ALIGN_BWA_MEM:BWA_MEM (EZH2_IP_NTKO_REP2_T1) (43),1478667,43
,,0,2024-01-24T01:04:49.09644135Z,2024-02-23T01:04:49.09644135Z,2024-02-22T07:31:23.952906466Z,1182.4651,docker_cpu_usage_pct,NFCORE_CHIPSEQ:CHIPSEQ:ALIGN_BWA_MEM:BWA_MEM (EZH2_IP_NTKO_REP2_T1) (43),NFCORE_CHIPSEQ:CHIPSEQ:ALIGN_BWA_MEM:BWA_MEM (EZH2_IP_NTKO_REP2_T1) (43),1478667,43
,,0,2024-01-24T01:04:49.09644135Z,2024-02-23T01:04:49.09644135Z,2024-02-22T07:31:25.952315672Z,1178.0482,docker_cpu_usage_pct,NFCORE_CHIPSEQ:CHIPSEQ:ALIGN_BWA_MEM:BWA_MEM (EZH2_IP_NTKO_REP2_T1) (43),NFCORE_CHIPSEQ:CHIPSEQ:ALIGN_BWA_MEM:BWA_MEM (EZH2_IP_NTKO_REP2_T1) (43),1478667,43
,,0,2024-01-24T01:04:49.09644135Z,2024-02-23T01:04:49.09644135Z,2024-02-22T07:31:27.952858888Z,1183.8522,docker_cpu_usage_pct,NFCORE_CHIPSEQ:CHIPSEQ:ALIGN_BWA_MEM:BWA_MEM (EZH2_IP_NTKO_REP2_T1) (43),NFCORE_CHIPSEQ:CHIPSEQ:ALIGN_BWA_MEM:BWA_MEM (EZH2_IP_NTKO_REP2_T1) (43),1478667,43
,,0,2024-01-24T01:04:49.09644135Z,2024-02-23T01:04:49.09644135Z,2024-02-22T07:31:29.952453494Z,1199.36,docker_cpu_usage_pct,NFCORE_CHIPSEQ:CHIPSEQ:ALIGN_BWA_MEM:BWA_MEM (EZH2_IP_NTKO_REP2_T1) (43),NFCORE_CHIPSEQ:CHIPSEQ:ALIGN_BWA_MEM:BWA_MEM (EZH2_IP_NTKO_REP2_T1) (43),1478667,43
,,0,2024-01-24T01:04:49.09644135Z,2024-02-23T01:04:49.09644135Z,2024-02-22T07:31:31.95289939Z,1199.0321,docker_cpu_usage_pct,NFCORE_CHIPSEQ:CHIPSEQ:ALIGN_BWA_MEM:BWA_MEM (EZH2_IP_NTKO_REP2_T1) (43),NFCORE_CHIPSEQ:CHIPSEQ:ALIGN_BWA_MEM:BWA_MEM (EZH2_IP_NTKO_REP2_T1) (43),1478667,43
,,0,2024-01-24T01:04:49.09644135Z,2024-02-23T01:04:49.09644135Z,2024-02-22T07:31:33.952692476Z,1193.442,docker_cpu_usage_pct,NFCORE_CHIPSEQ:CHIPSEQ:ALIGN_BWA_MEM:BWA_MEM (EZH2_IP_NTKO_REP2_T1) (43),NFCORE_CHIPSEQ:CHIPSEQ:ALIGN_BWA_MEM:BWA_MEM (EZH2_IP_NTKO_REP2_T1) (43),1478667,43
,,0,2024-01-24T01:04:49.09644135Z,2024-02-23T01:04:49.09644135Z,2024-02-22T07:31:35.952216125Z,1190.8468,docker_cpu_usage_pct,NFCORE_CHIPSEQ:CHIPSEQ:ALIGN_BWA_MEM:BWA_MEM (EZH2_IP_NTKO_REP2_T1) (43),NFCORE_CHIPSEQ:CHIPSEQ:ALIGN_BWA_MEM:BWA_MEM (EZH2_IP_NTKO_REP2_T1) (43),1478667,43
,,0,2024-01-24T01:04:49.09644135Z,2024-02-23T01:04:49.09644135Z,2024-02-22T07:31:37.952796781Z,1180.5778,docker_cpu_usage_pct,NFCORE_CHIPSEQ:CHIPSEQ:ALIGN_BWA_MEM:BWA_MEM (EZH2_IP_NTKO_REP2_T1) (43),NFCORE_CHIPSEQ:CHIPSEQ:ALIGN_BWA_MEM:BWA_MEM (EZH2_IP_NTKO_REP2_T1) (43),1478667,43
,,0,2024-01-24T01:04:49.09644135Z,2024-02-23T01:04:49.09644135Z,2024-02-22T07:31:39.952407205Z,1175.8651,docker_cpu_usage_pct,NFCORE_CHIPSEQ:CHIPSEQ:ALIGN_BWA_MEM:BWA_MEM (EZH2_IP_NTKO_REP2_T1) (43),NFCORE_CHIPSEQ:CHIPSEQ:ALIGN_BWA_MEM:BWA_MEM (EZH2_IP_NTKO_REP2_T1) (43),1478667,43
,,0,2024-01-24T01:04:49.09644135Z,2024-02-23T01:04:49.09644135Z,2024-02-22T07:31:41.953024386Z,1113.7025,docker_cpu_usage_pct,NFCORE_CHIPSEQ:CHIPSEQ:ALIGN_BWA_MEM:BWA_MEM (EZH2_IP_NTKO_REP2_T1) (43),NFCORE_CHIPSEQ:CHIPSEQ:ALIGN_BWA_MEM:BWA_MEM (EZH2_IP_NTKO_REP2_T1) (43),1478667,43
,,0,2024-01-24T01:04:49.09644135Z,2024-02-23T01:04:49.09644135Z,2024-02-22T07:31:43.952333955Z,1432.2768,docker_cpu_usage_pct,NFCORE_CHIPSEQ:CHIPSEQ:ALIGN_BWA_MEM:BWA_MEM (EZH2_IP_NTKO_REP2_T1) (43),NFCORE_CHIPSEQ:CHIPSEQ:ALIGN_BWA_MEM:BWA_MEM (EZH2_IP_NTKO_REP2_T1) (43),1478667,43
,,0,2024-01-24T01:04:49.09644135Z,2024-02-23T01:04:49.09644135Z,2024-02-22T07:31:45.952881296Z,1476.8985,docker_cpu_usage_pct,NFCORE_CHIPSEQ:CHIPSEQ:ALIGN_BWA_MEM:BWA_MEM (EZH2_IP_NTKO_REP2_T1) (43),NFCORE_CHIPSEQ:CHIPSEQ:ALIGN_BWA_MEM:BWA_MEM (EZH2_IP_NTKO_REP2_T1) (43),1478667,43
,,0,2024-01-24T01:04:49.09644135Z,2024-02-23T01:04:49.09644135Z,2024-02-22T07:31:47.952581132Z,1453.3165,docker_cpu_usage_pct,NFCORE_CHIPSEQ:CHIPSEQ:ALIGN_BWA_MEM:BWA_MEM (EZH2_IP_NTKO_REP2_T1) (43),NFCORE_CHIPSEQ:CHIPSEQ:ALIGN_BWA_MEM:BWA_MEM (EZH2_IP_NTKO_REP2_T1) (43),1478667,43
,,0,2024-01-24T01:04:49.09644135Z,2024-02-23T01:04:49.09644135Z,2024-02-22T07:31:49.953314284Z,1280.5281,docker_cpu_usage_pct,NFCORE_CHIPSEQ:CHIPSEQ:ALIGN_BWA_MEM:BWA_MEM (EZH2_IP_NTKO_REP2_T1) (43),NFCORE_CHIPSEQ:CHIPSEQ:ALIGN_BWA_MEM:BWA_MEM (EZH2_IP_NTKO_REP2_T1) (43),1478667,43
,,0,2024-01-24T01:04:49.09644135Z,2024-02-23T01:04:49.09644135Z,2024-02-22T07:31:51.952661801Z,1178.4182,docker_cpu_usage_pct,NFCORE_CHIPSEQ:CHIPSEQ:ALIGN_BWA_MEM:BWA_MEM (EZH2_IP_NTKO_REP2_T1) (43),NFCORE_CHIPSEQ:CHIPSEQ:ALIGN_BWA_MEM:BWA_MEM (EZH2_IP_NTKO_REP2_T1) (43),1478667,43
,,0,2024-01-24T01:04:49.09644135Z,2024-02-23T01:04:49.09644135Z,2024-02-22T07:31:53.951958749Z,1193.2774,docker_cpu_usage_pct,NFCORE_CHIPSEQ:CHIPSEQ:ALIGN_BWA_MEM:BWA_MEM (EZH2_IP_NTKO_REP2_T1) (43),NFCORE_CHIPSEQ:CHIPSEQ:ALIGN_BWA_MEM:BWA_MEM (EZH2_IP_NTKO_REP2_T1) (43),1478667,43
,,0,2024-01-24T01:04:49.09644135Z,2024-02-23T01:04:49.09644135Z,2024-02-22T07:31:55.952702178Z,1176.2224,docker_cpu_usage_pct,NFCORE_CHIPSEQ:CHIPSEQ:ALIGN_BWA_MEM:BWA_MEM (EZH2_IP_NTKO_REP2_T1) (43),NFCORE_CHIPSEQ:CHIPSEQ:ALIGN_BWA_MEM:BWA_MEM (EZH2_IP_NTKO_REP2_T1) (43),1478667,43
,,0,2024-01-24T01:04:49.09644135Z,2024-02-23T01:04:49.09644135Z,2024-02-22T07:31:57.952283739Z,1189.3559,docker_cpu_usage_pct,NFCORE_CHIPSEQ:CHIPSEQ:ALIGN_BWA_MEM:BWA_MEM (EZH2_IP_NTKO_REP2_T1) (43),NFCORE_CHIPSEQ:CHIPSEQ:ALIGN_BWA_MEM:BWA_MEM (EZH2_IP_NTKO_REP2_T1) (43),1478667,43
,,0,2024-01-24T01:04:49.09644135Z,2024-02-23T01:04:49.09644135Z,2024-02-22T07:31:59.952906668Z,1188.9871,docker_cpu_usage_pct,NFCORE_CHIPSEQ:CHIPSEQ:ALIGN_BWA_MEM:BWA_MEM (EZH2_IP_NTKO_REP2_T1) (43),NFCORE_CHIPSEQ:CHIPSEQ:ALIGN_BWA_MEM:BWA_MEM (EZH2_IP_NTKO_REP2_T1) (43),1478667,43
,,0,2024-01-24T01:04:49.09644135Z,2024-02-23T01:04:49.09644135Z,2024-02-22T07:32:01.952314557Z,1190.0892,docker_cpu_usage_pct,NFCORE_CHIPSEQ:CHIPSEQ:ALIGN_BWA_MEM:BWA_MEM (EZH2_IP_NTKO_REP2_T1) (43),NFCORE_CHIPSEQ:CHIPSEQ:ALIGN_BWA_MEM:BWA_MEM (EZH2_IP_NTKO_REP2_T1) (43),1478667,43
,,0,2024-01-24T01:04:49.09644135Z,2024-02-23T01:04:49.09644135Z,2024-02-22T07:32:03.953048834Z,1188.2596,docker_cpu_usage_pct,NFCORE_CHIPSEQ:CHIPSEQ:ALIGN_BWA_MEM:BWA_MEM (EZH2_IP_NTKO_REP2_T1) (43),NFCORE_CHIPSEQ:CHIPSEQ:ALIGN_BWA_MEM:BWA_MEM (EZH2_IP_NTKO_REP2_T1) (43),1478667,43
,,0,2024-01-24T01:04:49.09644135Z,2024-02-23T01:04:49.09644135Z,2024-02-22T07:32:05.952357745Z,1189.7462,docker_cpu_usage_pct,NFCORE_CHIPSEQ:CHIPSEQ:ALIGN_BWA_MEM:BWA_MEM (EZH2_IP_NTKO_REP2_T1) (43),NFCORE_CHIPSEQ:CHIPSEQ:ALIGN_BWA_MEM:BWA_MEM (EZH2_IP_NTKO_REP2_T1) (43),1478667,43
,,0,2024-01-24T01:04:49.09644135Z,2024-02-23T01:04:49.09644135Z,2024-02-22T07:32:07.952833147Z,1189.0195,docker_cpu_usage_pct,NFCORE_CHIPSEQ:CHIPSEQ:ALIGN_BWA_MEM:BWA_MEM (EZH2_IP_NTKO_REP2_T1) (43),NFCORE_CHIPSEQ:CHIPSEQ:ALIGN_BWA_MEM:BWA_MEM (EZH2_IP_NTKO_REP2_T1) (43),1478667,43
,,0,2024-01-24T01:04:49.09644135Z,2024-02-23T01:04:49.09644135Z,2024-02-22T07:32:09.952506944Z,1195.5978,docker_cpu_usage_pct,NFCORE_CHIPSEQ:CHIPSEQ:ALIGN_BWA_MEM:BWA_MEM (EZH2_IP_NTKO_REP2_T1) (43),NFCORE_CHIPSEQ:CHIPSEQ:ALIGN_BWA_MEM:BWA_MEM (EZH2_IP_NTKO_REP2_T1) (43),1478667,43
,,0,2024-01-24T01:04:49.09644135Z,2024-02-23T01:04:49.09644135Z,2024-02-22T07:32:11.953276391Z,1180.2469,docker_cpu_usage_pct,NFCORE_CHIPSEQ:CHIPSEQ:ALIGN_BWA_MEM:BWA_MEM (EZH2_IP_NTKO_REP2_T1) (43),NFCORE_CHIPSEQ:CHIPSEQ:ALIGN_BWA_MEM:BWA_MEM (EZH2_IP_NTKO_REP2_T1) (43),1478667,43
,,0,2024-01-24T01:04:49.09644135Z,2024-02-23T01:04:49.09644135Z,2024-02-22T07:32:13.952730136Z,1185.6876,docker_cpu_usage_pct,NFCORE_CHIPSEQ:CHIPSEQ:ALIGN_BWA_MEM:BWA_MEM (EZH2_IP_NTKO_REP2_T1) (43),NFCORE_CHIPSEQ:CHIPSEQ:ALIGN_BWA_MEM:BWA_MEM (EZH2_IP_NTKO_REP2_T1) (43),1478667,43
,,0,2024-01-24T01:04:49.09644135Z,2024-02-23T01:04:49.09644135Z,2024-02-22T07:32:15.952542355Z,1178.045,docker_cpu_usage_pct,NFCORE_CHIPSEQ:CHIPSEQ:ALIGN_BWA_MEM:BWA_MEM (EZH2_IP_NTKO_REP2_T1) (43),NFCORE_CHIPSEQ:CHIPSEQ:ALIGN_BWA_MEM:BWA_MEM (EZH2_IP_NTKO_REP2_T1) (43),1478667,43
,,0,2024-01-24T01:04:49.09644135Z,2024-02-23T01:04:49.09644135Z,2024-02-22T07:32:17.952848013Z,1176.9757,docker_cpu_usage_pct,NFCORE_CHIPSEQ:CHIPSEQ:ALIGN_BWA_MEM:BWA_MEM (EZH2_IP_NTKO_REP2_T1) (43),NFCORE_CHIPSEQ:CHIPSEQ:ALIGN_BWA_MEM:BWA_MEM (EZH2_IP_NTKO_REP2_T1) (43),1478667,43
,,0,2024-01-24T01:04:49.09644135Z,2024-02-23T01:04:49.09644135Z,2024-02-22T07:32:19.952406058Z,1102.2582,docker_cpu_usage_pct,NFCORE_CHIPSEQ:CHIPSEQ:ALIGN_BWA_MEM:BWA_MEM (EZH2_IP_NTKO_REP2_T1) (43),NFCORE_CHIPSEQ:CHIPSEQ:ALIGN_BWA_MEM:BWA_MEM (EZH2_IP_NTKO_REP2_T1) (43),1478667,43
,,0,2024-01-24T01:04:49.09644135Z,2024-02-23T01:04:49.09644135Z,2024-02-22T07:32:21.952931618Z,1427.8689,docker_cpu_usage_pct,NFCORE_CHIPSEQ:CHIPSEQ:ALIGN_BWA_MEM:BWA_MEM (EZH2_IP_NTKO_REP2_T1) (43),NFCORE_CHIPSEQ:CHIPSEQ:ALIGN_BWA_MEM:BWA_MEM (EZH2_IP_NTKO_REP2_T1) (43),1478667,43
,,0,2024-01-24T01:04:49.09644135Z,2024-02-23T01:04:49.09644135Z,2024-02-22T07:32:23.952261811Z,1464.3842,docker_cpu_usage_pct,NFCORE_CHIPSEQ:CHIPSEQ:ALIGN_BWA_MEM:BWA_MEM (EZH2_IP_NTKO_REP2_T1) (43),NFCORE_CHIPSEQ:CHIPSEQ:ALIGN_BWA_MEM:BWA_MEM (EZH2_IP_NTKO_REP2_T1) (43),1478667,43
,,0,2024-01-24T01:04:49.09644135Z,2024-02-23T01:04:49.09644135Z,2024-02-22T07:32:25.953072216Z,1478.9864,docker_cpu_usage_pct,NFCORE_CHIPSEQ:CHIPSEQ:ALIGN_BWA_MEM:BWA_MEM (EZH2_IP_NTKO_REP2_T1) (43),NFCORE_CHIPSEQ:CHIPSEQ:ALIGN_BWA_MEM:BWA_MEM (EZH2_IP_NTKO_REP2_T1) (43),1478667,43
,,0,2024-01-24T01:04:49.09644135Z,2024-02-23T01:04:49.09644135Z,2024-02-22T07:32:27.952644621Z,1281.7136,docker_cpu_usage_pct,NFCORE_CHIPSEQ:CHIPSEQ:ALIGN_BWA_MEM:BWA_MEM (EZH2_IP_NTKO_REP2_T1) (43),NFCORE_CHIPSEQ:CHIPSEQ:ALIGN_BWA_MEM:BWA_MEM (EZH2_IP_NTKO_REP2_T1) (43),1478667,43
,,0,2024-01-24T01:04:49.09644135Z,2024-02-23T01:04:49.09644135Z,2024-02-22T07:32:29.952978145Z,1180.2195,docker_cpu_usage_pct,NFCORE_CHIPSEQ:CHIPSEQ:ALIGN_BWA_MEM:BWA_MEM (EZH2_IP_NTKO_REP2_T1) (43),NFCORE_CHIPSEQ:CHIPSEQ:ALIGN_BWA_MEM:BWA_MEM (EZH2_IP_NTKO_REP2_T1) (43),1478667,43
,,0,2024-01-24T01:04:49.09644135Z,2024-02-23T01:04:49.09644135Z,2024-02-22T07:32:31.952559836Z,1182.0441,docker_cpu_usage_pct,NFCORE_CHIPSEQ:CHIPSEQ:ALIGN_BWA_MEM:BWA_MEM (EZH2_IP_NTKO_REP2_T1) (43),NFCORE_CHIPSEQ:CHIPSEQ:ALIGN_BWA_MEM:BWA_MEM (EZH2_IP_NTKO_REP2_T1) (43),1478667,43
,,0,2024-01-24T01:04:49.09644135Z,2024-02-23T01:04:49.09644135Z,2024-02-22T07:32:33.953088542Z,1180.9368,docker_cpu_usage_pct,NFCORE_CHIPSEQ:CHIPSEQ:ALIGN_BWA_MEM:BWA_MEM (EZH2_IP_NTKO_REP2_T1) (43),NFCORE_CHIPSEQ:CHIPSEQ:ALIGN_BWA_MEM:BWA_MEM (EZH2_IP_NTKO_REP2_T1) (43),1478667,43
,,0,2024-01-24T01:04:49.09644135Z,2024-02-23T01:04:49.09644135Z,2024-02-22T07:32:35.952617137Z,1181.3242,docker_cpu_usage_pct,NFCORE_CHIPSEQ:CHIPSEQ:ALIGN_BWA_MEM:BWA_MEM (EZH2_IP_NTKO_REP2_T1) (43),NFCORE_CHIPSEQ:CHIPSEQ:ALIGN_BWA_MEM:BWA_MEM (EZH2_IP_NTKO_REP2_T1) (43),1478667,43
,,0,2024-01-24T01:04:49.09644135Z,2024-02-23T01:04:49.09644135Z,2024-02-22T07:32:37.952353631Z,1178.0388,docker_cpu_usage_pct,NFCORE_CHIPSEQ:CHIPSEQ:ALIGN_BWA_MEM:BWA_MEM (EZH2_IP_NTKO_REP2_T1) (43),NFCORE_CHIPSEQ:CHIPSEQ:ALIGN_BWA_MEM:BWA_MEM (EZH2_IP_NTKO_REP2_T1) (43),1478667,43
,,0,2024-01-24T01:04:49.09644135Z,2024-02-23T01:04:49.09644135Z,2024-02-22T07:32:39.95274184Z,1179.8532,docker_cpu_usage_pct,NFCORE_CHIPSEQ:CHIPSEQ:ALIGN_BWA_MEM:BWA_MEM (EZH2_IP_NTKO_REP2_T1) (43),NFCORE_CHIPSEQ:CHIPSEQ:ALIGN_BWA_MEM:BWA_MEM (EZH2_IP_NTKO_REP2_T1) (43),1478667,43
,,0,2024-01-24T01:04:49.09644135Z,2024-02-23T01:04:49.09644135Z,2024-02-22T07:32:41.952282983Z,1178.0622,docker_cpu_usage_pct,NFCORE_CHIPSEQ:CHIPSEQ:ALIGN_BWA_MEM:BWA_MEM (EZH2_IP_NTKO_REP2_T1) (43),NFCORE_CHIPSEQ:CHIPSEQ:ALIGN_BWA_MEM:BWA_MEM (EZH2_IP_NTKO_REP2_T1) (43),1478667,43
,,0,2024-01-24T01:04:49.09644135Z,2024-02-23T01:04:49.09644135Z,2024-02-22T07:32:43.952909374Z,1186.4086,docker_cpu_usage_pct,NFCORE_CHIPSEQ:CHIPSEQ:ALIGN_BWA_MEM:BWA_MEM (EZH2_IP_NTKO_REP2_T1) (43),NFCORE_CHIPSEQ:CHIPSEQ:ALIGN_BWA_MEM:BWA_MEM (EZH2_IP_NTKO_REP2_T1) (43),1478667,43
,,0,2024-01-24T01:04:49.09644135Z,2024-02-23T01:04:49.09644135Z,2024-02-22T07:32:45.952507435Z,1201.203,docker_cpu_usage_pct,NFCORE_CHIPSEQ:CHIPSEQ:ALIGN_BWA_MEM:BWA_MEM (EZH2_IP_NTKO_REP2_T1) (43),NFCORE_CHIPSEQ:CHIPSEQ:ALIGN_BWA_MEM:BWA_MEM (EZH2_IP_NTKO_REP2_T1) (43),1478667,43
,,0,2024-01-24T01:04:49.09644135Z,2024-02-23T01:04:49.09644135Z,2024-02-22T07:32:47.95304952Z,1180.2449,docker_cpu_usage_pct,NFCORE_CHIPSEQ:CHIPSEQ:ALIGN_BWA_MEM:BWA_MEM (EZH2_IP_NTKO_REP2_T1) (43),NFCORE_CHIPSEQ:CHIPSEQ:ALIGN_BWA_MEM:BWA_MEM (EZH2_IP_NTKO_REP2_T1) (43),1478667,43
,,0,2024-01-24T01:04:49.09644135Z,2024-02-23T01:04:49.09644135Z,2024-02-22T07:32:49.952576104Z,1182.7634,docker_cpu_usage_pct,NFCORE_CHIPSEQ:CHIPSEQ:ALIGN_BWA_MEM:BWA_MEM (EZH2_IP_NTKO_REP2_T1) (43),NFCORE_CHIPSEQ:CHIPSEQ:ALIGN_BWA_MEM:BWA_MEM (EZH2_IP_NTKO_REP2_T1) (43),1478667,43
,,0,2024-01-24T01:04:49.09644135Z,2024-02-23T01:04:49.09644135Z,2024-02-22T07:32:51.952165252Z,1180.9583,docker_cpu_usage_pct,NFCORE_CHIPSEQ:CHIPSEQ:ALIGN_BWA_MEM:BWA_MEM (EZH2_IP_NTKO_REP2_T1) (43),NFCORE_CHIPSEQ:CHIPSEQ:ALIGN_BWA_MEM:BWA_MEM (EZH2_IP_NTKO_REP2_T1) (43),1478667,43
,,0,2024-01-24T01:04:49.09644135Z,2024-02-23T01:04:49.09644135Z,2024-02-22T07:32:53.952946644Z,1187.3432,docker_cpu_usage_pct,NFCORE_CHIPSEQ:CHIPSEQ:ALIGN_BWA_MEM:BWA_MEM (EZH2_IP_NTKO_REP2_T1) (43),NFCORE_CHIPSEQ:CHIPSEQ:ALIGN_BWA_MEM:BWA_MEM (EZH2_IP_NTKO_REP2_T1) (43),1478667,43
,,0,2024-01-24T01:04:49.09644135Z,2024-02-23T01:04:49.09644135Z,2024-02-22T07:32:55.952426555Z,1180.5935,docker_cpu_usage_pct,NFCORE_CHIPSEQ:CHIPSEQ:ALIGN_BWA_MEM:BWA_MEM (EZH2_IP_NTKO_REP2_T1) (43),NFCORE_CHIPSEQ:CHIPSEQ:ALIGN_BWA_MEM:BWA_MEM (EZH2_IP_NTKO_REP2_T1) (43),1478667,43
,,0,2024-01-24T01:04:49.09644135Z,2024-02-23T01:04:49.09644135Z,2024-02-22T07:32:57.952829959Z,1110.5324,docker_cpu_usage_pct,NFCORE_CHIPSEQ:CHIPSEQ:ALIGN_BWA_MEM:BWA_MEM (EZH2_IP_NTKO_REP2_T1) (43),NFCORE_CHIPSEQ:CHIPSEQ:ALIGN_BWA_MEM:BWA_MEM (EZH2_IP_NTKO_REP2_T1) (43),1478667,43
,,0,2024-01-24T01:04:49.09644135Z,2024-02-23T01:04:49.09644135Z,2024-02-22T07:32:59.952345247Z,1422.381,docker_cpu_usage_pct,NFCORE_CHIPSEQ:CHIPSEQ:ALIGN_BWA_MEM:BWA_MEM (EZH2_IP_NTKO_REP2_T1) (43),NFCORE_CHIPSEQ:CHIPSEQ:ALIGN_BWA_MEM:BWA_MEM (EZH2_IP_NTKO_REP2_T1) (43),1478667,43
,,0,2024-01-24T01:04:49.09644135Z,2024-02-23T01:04:49.09644135Z,2024-02-22T07:33:01.952853591Z,1446.137,docker_cpu_usage_pct,NFCORE_CHIPSEQ:CHIPSEQ:ALIGN_BWA_MEM:BWA_MEM (EZH2_IP_NTKO_REP2_T1) (43),NFCORE_CHIPSEQ:CHIPSEQ:ALIGN_BWA_MEM:BWA_MEM (EZH2_IP_NTKO_REP2_T1) (43),1478667,43
,,0,2024-01-24T01:04:49.09644135Z,2024-02-23T01:04:49.09644135Z,2024-02-22T07:33:03.95250184Z,1489.8481,docker_cpu_usage_pct,NFCORE_CHIPSEQ:CHIPSEQ:ALIGN_BWA_MEM:BWA_MEM (EZH2_IP_NTKO_REP2_T1) (43),NFCORE_CHIPSEQ:CHIPSEQ:ALIGN_BWA_MEM:BWA_MEM (EZH2_IP_NTKO_REP2_T1) (43),1478667,43
,,0,2024-01-24T01:04:49.09644135Z,2024-02-23T01:04:49.09644135Z,2024-02-22T07:33:05.953110333Z,1298.0903,docker_cpu_usage_pct,NFCORE_CHIPSEQ:CHIPSEQ:ALIGN_BWA_MEM:BWA_MEM (EZH2_IP_NTKO_REP2_T1) (43),NFCORE_CHIPSEQ:CHIPSEQ:ALIGN_BWA_MEM:BWA_MEM (EZH2_IP_NTKO_REP2_T1) (43),1478667,43
,,0,2024-01-24T01:04:49.09644135Z,2024-02-23T01:04:49.09644135Z,2024-02-22T07:33:07.952723966Z,1183.4994,docker_cpu_usage_pct,NFCORE_CHIPSEQ:CHIPSEQ:ALIGN_BWA_MEM:BWA_MEM (EZH2_IP_NTKO_REP2_T1) (43),NFCORE_CHIPSEQ:CHIPSEQ:ALIGN_BWA_MEM:BWA_MEM (EZH2_IP_NTKO_REP2_T1) (43),1478667,43
,,0,2024-01-24T01:04:49.09644135Z,2024-02-23T01:04:49.09644135Z,2024-02-22T07:33:09.952406445Z,1177.3319,docker_cpu_usage_pct,NFCORE_CHIPSEQ:CHIPSEQ:ALIGN_BWA_MEM:BWA_MEM (EZH2_IP_NTKO_REP2_T1) (43),NFCORE_CHIPSEQ:CHIPSEQ:ALIGN_BWA_MEM:BWA_MEM (EZH2_IP_NTKO_REP2_T1) (43),1478667,43
,,0,2024-01-24T01:04:49.09644135Z,2024-02-23T01:04:49.09644135Z,2024-02-22T07:33:11.952828841Z,1180.2369,docker_cpu_usage_pct,NFCORE_CHIPSEQ:CHIPSEQ:ALIGN_BWA_MEM:BWA_MEM (EZH2_IP_NTKO_REP2_T1) (43),NFCORE_CHIPSEQ:CHIPSEQ:ALIGN_BWA_MEM:BWA_MEM (EZH2_IP_NTKO_REP2_T1) (43),1478667,43
,,0,2024-01-24T01:04:49.09644135Z,2024-02-23T01:04:49.09644135Z,2024-02-22T07:33:13.952413503Z,1175.5468,docker_cpu_usage_pct,NFCORE_CHIPSEQ:CHIPSEQ:ALIGN_BWA_MEM:BWA_MEM (EZH2_IP_NTKO_REP2_T1) (43),NFCORE_CHIPSEQ:CHIPSEQ:ALIGN_BWA_MEM:BWA_MEM (EZH2_IP_NTKO_REP2_T1) (43),1478667,43
,,0,2024-01-24T01:04:49.09644135Z,2024-02-23T01:04:49.09644135Z,2024-02-22T07:33:15.959607191Z,1175.5353,docker_cpu_usage_pct,NFCORE_CHIPSEQ:CHIPSEQ:ALIGN_BWA_MEM:BWA_MEM (EZH2_IP_NTKO_REP2_T1) (43),NFCORE_CHIPSEQ:CHIPSEQ:ALIGN_BWA_MEM:BWA_MEM (EZH2_IP_NTKO_REP2_T1) (43),1478667,43
,,0,2024-01-24T01:04:49.09644135Z,2024-02-23T01:04:49.09644135Z,2024-02-22T07:33:17.952553559Z,1178.4296,docker_cpu_usage_pct,NFCORE_CHIPSEQ:CHIPSEQ:ALIGN_BWA_MEM:BWA_MEM (EZH2_IP_NTKO_REP2_T1) (43),NFCORE_CHIPSEQ:CHIPSEQ:ALIGN_BWA_MEM:BWA_MEM (EZH2_IP_NTKO_REP2_T1) (43),1478667,43
,,0,2024-01-24T01:04:49.09644135Z,2024-02-23T01:04:49.09644135Z,2024-02-22T07:33:19.953249197Z,1203.4584,docker_cpu_usage_pct,NFCORE_CHIPSEQ:CHIPSEQ:ALIGN_BWA_MEM:BWA_MEM (EZH2_IP_NTKO_REP2_T1) (43),NFCORE_CHIPSEQ:CHIPSEQ:ALIGN_BWA_MEM:BWA_MEM (EZH2_IP_NTKO_REP2_T1) (43),1478667,43
,,0,2024-01-24T01:04:49.09644135Z,2024-02-23T01:04:49.09644135Z,2024-02-22T07:33:21.952801691Z,1191.9053,docker_cpu_usage_pct,NFCORE_CHIPSEQ:CHIPSEQ:ALIGN_BWA_MEM:BWA_MEM (EZH2_IP_NTKO_REP2_T1) (43),NFCORE_CHIPSEQ:CHIPSEQ:ALIGN_BWA_MEM:BWA_MEM (EZH2_IP_NTKO_REP2_T1) (43),1478667,43
,,0,2024-01-24T01:04:49.09644135Z,2024-02-23T01:04:49.09644135Z,2024-02-22T07:33:23.952238744Z,1201.2706,docker_cpu_usage_pct,NFCORE_CHIPSEQ:CHIPSEQ:ALIGN_BWA_MEM:BWA_MEM (EZH2_IP_NTKO_REP2_T1) (43),NFCORE_CHIPSEQ:CHIPSEQ:ALIGN_BWA_MEM:BWA_MEM (EZH2_IP_NTKO_REP2_T1) (43),1478667,43
,,0,2024-01-24T01:04:49.09644135Z,2024-02-23T01:04:49.09644135Z,2024-02-22T07:33:25.952808078Z,1192.6539,docker_cpu_usage_pct,NFCORE_CHIPSEQ:CHIPSEQ:ALIGN_BWA_MEM:BWA_MEM (EZH2_IP_NTKO_REP2_T1) (43),NFCORE_CHIPSEQ:CHIPSEQ:ALIGN_BWA_MEM:BWA_MEM (EZH2_IP_NTKO_REP2_T1) (43),1478667,43
,,0,2024-01-24T01:04:49.09644135Z,2024-02-23T01:04:49.09644135Z,2024-02-22T07:33:27.952629491Z,1187.912,docker_cpu_usage_pct,NFCORE_CHIPSEQ:CHIPSEQ:ALIGN_BWA_MEM:BWA_MEM (EZH2_IP_NTKO_REP2_T1) (43),NFCORE_CHIPSEQ:CHIPSEQ:ALIGN_BWA_MEM:BWA_MEM (EZH2_IP_NTKO_REP2_T1) (43),1478667,43
,,0,2024-01-24T01:04:49.09644135Z,2024-02-23T01:04:49.09644135Z,2024-02-22T07:33:29.952946423Z,1180.9546,docker_cpu_usage_pct,NFCORE_CHIPSEQ:CHIPSEQ:ALIGN_BWA_MEM:BWA_MEM (EZH2_IP_NTKO_REP2_T1) (43),NFCORE_CHIPSEQ:CHIPSEQ:ALIGN_BWA_MEM:BWA_MEM (EZH2_IP_NTKO_REP2_T1) (43),1478667,43
,,0,2024-01-24T01:04:49.09644135Z,2024-02-23T01:04:49.09644135Z,2024-02-22T07:33:31.952753882Z,1178.4089,docker_cpu_usage_pct,NFCORE_CHIPSEQ:CHIPSEQ:ALIGN_BWA_MEM:BWA_MEM (EZH2_IP_NTKO_REP2_T1) (43),NFCORE_CHIPSEQ:CHIPSEQ:ALIGN_BWA_MEM:BWA_MEM (EZH2_IP_NTKO_REP2_T1) (43),1478667,43
,,0,2024-01-24T01:04:49.09644135Z,2024-02-23T01:04:49.09644135Z,2024-02-22T07:33:33.952106289Z,1179.8626,docker_cpu_usage_pct,NFCORE_CHIPSEQ:CHIPSEQ:ALIGN_BWA_MEM:BWA_MEM (EZH2_IP_NTKO_REP2_T1) (43),NFCORE_CHIPSEQ:CHIPSEQ:ALIGN_BWA_MEM:BWA_MEM (EZH2_IP_NTKO_REP2_T1) (43),1478667,43
,,0,2024-01-24T01:04:49.09644135Z,2024-02-23T01:04:49.09644135Z,2024-02-22T07:33:35.952628369Z,1103.8688,docker_cpu_usage_pct,NFCORE_CHIPSEQ:CHIPSEQ:ALIGN_BWA_MEM:BWA_MEM (EZH2_IP_NTKO_REP2_T1) (43),NFCORE_CHIPSEQ:CHIPSEQ:ALIGN_BWA_MEM:BWA_MEM (EZH2_IP_NTKO_REP2_T1) (43),1478667,43
,,0,2024-01-24T01:04:49.09644135Z,2024-02-23T01:04:49.09644135Z,2024-02-22T07:33:37.951999794Z,1420.0949,docker_cpu_usage_pct,NFCORE_CHIPSEQ:CHIPSEQ:ALIGN_BWA_MEM:BWA_MEM (EZH2_IP_NTKO_REP2_T1) (43),NFCORE_CHIPSEQ:CHIPSEQ:ALIGN_BWA_MEM:BWA_MEM (EZH2_IP_NTKO_REP2_T1) (43),1478667,43
,,0,2024-01-24T01:04:49.09644135Z,2024-02-23T01:04:49.09644135Z,2024-02-22T07:33:39.952685175Z,1451.0664,docker_cpu_usage_pct,NFCORE_CHIPSEQ:CHIPSEQ:ALIGN_BWA_MEM:BWA_MEM (EZH2_IP_NTKO_REP2_T1) (43),NFCORE_CHIPSEQ:CHIPSEQ:ALIGN_BWA_MEM:BWA_MEM (EZH2_IP_NTKO_REP2_T1) (43),1478667,43
,,0,2024-01-24T01:04:49.09644135Z,2024-02-23T01:04:49.09644135Z,2024-02-22T07:33:41.952229953Z,1495.641,docker_cpu_usage_pct,NFCORE_CHIPSEQ:CHIPSEQ:ALIGN_BWA_MEM:BWA_MEM (EZH2_IP_NTKO_REP2_T1) (43),NFCORE_CHIPSEQ:CHIPSEQ:ALIGN_BWA_MEM:BWA_MEM (EZH2_IP_NTKO_REP2_T1) (43),1478667,43
,,0,2024-01-24T01:04:49.09644135Z,2024-02-23T01:04:49.09644135Z,2024-02-22T07:33:43.952879701Z,1282.8975,docker_cpu_usage_pct,NFCORE_CHIPSEQ:CHIPSEQ:ALIGN_BWA_MEM:BWA_MEM (EZH2_IP_NTKO_REP2_T1) (43),NFCORE_CHIPSEQ:CHIPSEQ:ALIGN_BWA_MEM:BWA_MEM (EZH2_IP_NTKO_REP2_T1) (43),1478667,43
,,0,2024-01-24T01:04:49.09644135Z,2024-02-23T01:04:49.09644135Z,2024-02-22T07:33:45.952517658Z,1184.206,docker_cpu_usage_pct,NFCORE_CHIPSEQ:CHIPSEQ:ALIGN_BWA_MEM:BWA_MEM (EZH2_IP_NTKO_REP2_T1) (43),NFCORE_CHIPSEQ:CHIPSEQ:ALIGN_BWA_MEM:BWA_MEM (EZH2_IP_NTKO_REP2_T1) (43),1478667,43
,,0,2024-01-24T01:04:49.09644135Z,2024-02-23T01:04:49.09644135Z,2024-02-22T07:33:47.95338984Z,1183.4653,docker_cpu_usage_pct,NFCORE_CHIPSEQ:CHIPSEQ:ALIGN_BWA_MEM:BWA_MEM (EZH2_IP_NTKO_REP2_T1) (43),NFCORE_CHIPSEQ:CHIPSEQ:ALIGN_BWA_MEM:BWA_MEM (EZH2_IP_NTKO_REP2_T1) (43),1478667,43
,,0,2024-01-24T01:04:49.09644135Z,2024-02-23T01:04:49.09644135Z,2024-02-22T07:33:49.952837619Z,1181.6707,docker_cpu_usage_pct,NFCORE_CHIPSEQ:CHIPSEQ:ALIGN_BWA_MEM:BWA_MEM (EZH2_IP_NTKO_REP2_T1) (43),NFCORE_CHIPSEQ:CHIPSEQ:ALIGN_BWA_MEM:BWA_MEM (EZH2_IP_NTKO_REP2_T1) (43),1478667,43
,,0,2024-01-24T01:04:49.09644135Z,2024-02-23T01:04:49.09644135Z,2024-02-22T07:33:51.952523669Z,1180.9426,docker_cpu_usage_pct,NFCORE_CHIPSEQ:CHIPSEQ:ALIGN_BWA_MEM:BWA_MEM (EZH2_IP_NTKO_REP2_T1) (43),NFCORE_CHIPSEQ:CHIPSEQ:ALIGN_BWA_MEM:BWA_MEM (EZH2_IP_NTKO_REP2_T1) (43),1478667,43
,,0,2024-01-24T01:04:49.09644135Z,2024-02-23T01:04:49.09644135Z,2024-02-22T07:33:53.953008099Z,1203.747,docker_cpu_usage_pct,NFCORE_CHIPSEQ:CHIPSEQ:ALIGN_BWA_MEM:BWA_MEM (EZH2_IP_NTKO_REP2_T1) (43),NFCORE_CHIPSEQ:CHIPSEQ:ALIGN_BWA_MEM:BWA_MEM (EZH2_IP_NTKO_REP2_T1) (43),1478667,43
,,0,2024-01-24T01:04:49.09644135Z,2024-02-23T01:04:49.09644135Z,2024-02-22T07:33:55.952576973Z,1173.3779,docker_cpu_usage_pct,NFCORE_CHIPSEQ:CHIPSEQ:ALIGN_BWA_MEM:BWA_MEM (EZH2_IP_NTKO_REP2_T1) (43),NFCORE_CHIPSEQ:CHIPSEQ:ALIGN_BWA_MEM:BWA_MEM (EZH2_IP_NTKO_REP2_T1) (43),1478667,43
,,0,2024-01-24T01:04:49.09644135Z,2024-02-23T01:04:49.09644135Z,2024-02-22T07:33:57.953227896Z,1178.0507,docker_cpu_usage_pct,NFCORE_CHIPSEQ:CHIPSEQ:ALIGN_BWA_MEM:BWA_MEM (EZH2_IP_NTKO_REP2_T1) (43),NFCORE_CHIPSEQ:CHIPSEQ:ALIGN_BWA_MEM:BWA_MEM (EZH2_IP_NTKO_REP2_T1) (43),1478667,43
,,0,2024-01-24T01:04:49.09644135Z,2024-02-23T01:04:49.09644135Z,2024-02-22T07:33:59.952924452Z,1181.3072,docker_cpu_usage_pct,NFCORE_CHIPSEQ:CHIPSEQ:ALIGN_BWA_MEM:BWA_MEM (EZH2_IP_NTKO_REP2_T1) (43),NFCORE_CHIPSEQ:CHIPSEQ:ALIGN_BWA_MEM:BWA_MEM (EZH2_IP_NTKO_REP2_T1) (43),1478667,43
,,0,2024-01-24T01:04:49.09644135Z,2024-02-23T01:04:49.09644135Z,2024-02-22T07:34:01.952251329Z,1179.5134,docker_cpu_usage_pct,NFCORE_CHIPSEQ:CHIPSEQ:ALIGN_BWA_MEM:BWA_MEM (EZH2_IP_NTKO_REP2_T1) (43),NFCORE_CHIPSEQ:CHIPSEQ:ALIGN_BWA_MEM:BWA_MEM (EZH2_IP_NTKO_REP2_T1) (43),1478667,43
,,0,2024-01-24T01:04:49.09644135Z,2024-02-23T01:04:49.09644135Z,2024-02-22T07:34:03.952829891Z,1183.1239,docker_cpu_usage_pct,NFCORE_CHIPSEQ:CHIPSEQ:ALIGN_BWA_MEM:BWA_MEM (EZH2_IP_NTKO_REP2_T1) (43),NFCORE_CHIPSEQ:CHIPSEQ:ALIGN_BWA_MEM:BWA_MEM (EZH2_IP_NTKO_REP2_T1) (43),1478667,43
,,0,2024-01-24T01:04:49.09644135Z,2024-02-23T01:04:49.09644135Z,2024-02-22T07:34:05.952555198Z,1182.4145,docker_cpu_usage_pct,NFCORE_CHIPSEQ:CHIPSEQ:ALIGN_BWA_MEM:BWA_MEM (EZH2_IP_NTKO_REP2_T1) (43),NFCORE_CHIPSEQ:CHIPSEQ:ALIGN_BWA_MEM:BWA_MEM (EZH2_IP_NTKO_REP2_T1) (43),1478667,43
,,0,2024-01-24T01:04:49.09644135Z,2024-02-23T01:04:49.09644135Z,2024-02-22T07:34:07.953093977Z,1175.8033,docker_cpu_usage_pct,NFCORE_CHIPSEQ:CHIPSEQ:ALIGN_BWA_MEM:BWA_MEM (EZH2_IP_NTKO_REP2_T1) (43),NFCORE_CHIPSEQ:CHIPSEQ:ALIGN_BWA_MEM:BWA_MEM (EZH2_IP_NTKO_REP2_T1) (43),1478667,43
,,0,2024-01-24T01:04:49.09644135Z,2024-02-23T01:04:49.09644135Z,2024-02-22T07:34:09.952732009Z,1180.5716,docker_cpu_usage_pct,NFCORE_CHIPSEQ:CHIPSEQ:ALIGN_BWA_MEM:BWA_MEM (EZH2_IP_NTKO_REP2_T1) (43),NFCORE_CHIPSEQ:CHIPSEQ:ALIGN_BWA_MEM:BWA_MEM (EZH2_IP_NTKO_REP2_T1) (43),1478667,43
,,0,2024-01-24T01:04:49.09644135Z,2024-02-23T01:04:49.09644135Z,2024-02-22T07:34:11.952329514Z,1178.4136,docker_cpu_usage_pct,NFCORE_CHIPSEQ:CHIPSEQ:ALIGN_BWA_MEM:BWA_MEM (EZH2_IP_NTKO_REP2_T1) (43),NFCORE_CHIPSEQ:CHIPSEQ:ALIGN_BWA_MEM:BWA_MEM (EZH2_IP_NTKO_REP2_T1) (43),1478667,43
,,0,2024-01-24T01:04:49.09644135Z,2024-02-23T01:04:49.09644135Z,2024-02-22T07:34:13.952691089Z,1110.9956,docker_cpu_usage_pct,NFCORE_CHIPSEQ:CHIPSEQ:ALIGN_BWA_MEM:BWA_MEM (EZH2_IP_NTKO_REP2_T1) (43),NFCORE_CHIPSEQ:CHIPSEQ:ALIGN_BWA_MEM:BWA_MEM (EZH2_IP_NTKO_REP2_T1) (43),1478667,43
,,0,2024-01-24T01:04:49.09644135Z,2024-02-23T01:04:49.09644135Z,2024-02-22T07:34:15.952195998Z,1431.9956,docker_cpu_usage_pct,NFCORE_CHIPSEQ:CHIPSEQ:ALIGN_BWA_MEM:BWA_MEM (EZH2_IP_NTKO_REP2_T1) (43),NFCORE_CHIPSEQ:CHIPSEQ:ALIGN_BWA_MEM:BWA_MEM (EZH2_IP_NTKO_REP2_T1) (43),1478667,43
,,0,2024-01-24T01:04:49.09644135Z,2024-02-23T01:04:49.09644135Z,2024-02-22T07:34:17.952683395Z,1438.6226,docker_cpu_usage_pct,NFCORE_CHIPSEQ:CHIPSEQ:ALIGN_BWA_MEM:BWA_MEM (EZH2_IP_NTKO_REP2_T1) (43),NFCORE_CHIPSEQ:CHIPSEQ:ALIGN_BWA_MEM:BWA_MEM (EZH2_IP_NTKO_REP2_T1) (43),1478667,43
,,0,2024-01-24T01:04:49.09644135Z,2024-02-23T01:04:49.09644135Z,2024-02-22T07:34:19.952515753Z,1527.636,docker_cpu_usage_pct,NFCORE_CHIPSEQ:CHIPSEQ:ALIGN_BWA_MEM:BWA_MEM (EZH2_IP_NTKO_REP2_T1) (43),NFCORE_CHIPSEQ:CHIPSEQ:ALIGN_BWA_MEM:BWA_MEM (EZH2_IP_NTKO_REP2_T1) (43),1478667,43
,,0,2024-01-24T01:04:49.09644135Z,2024-02-23T01:04:49.09644135Z,2024-02-22T07:34:21.952842063Z,1298.4839,docker_cpu_usage_pct,NFCORE_CHIPSEQ:CHIPSEQ:ALIGN_BWA_MEM:BWA_MEM (EZH2_IP_NTKO_REP2_T1) (43),NFCORE_CHIPSEQ:CHIPSEQ:ALIGN_BWA_MEM:BWA_MEM (EZH2_IP_NTKO_REP2_T1) (43),1478667,43
,,0,2024-01-24T01:04:49.09644135Z,2024-02-23T01:04:49.09644135Z,2024-02-22T07:34:23.952415461Z,1205.3359,docker_cpu_usage_pct,NFCORE_CHIPSEQ:CHIPSEQ:ALIGN_BWA_MEM:BWA_MEM (EZH2_IP_NTKO_REP2_T1) (43),NFCORE_CHIPSEQ:CHIPSEQ:ALIGN_BWA_MEM:BWA_MEM (EZH2_IP_NTKO_REP2_T1) (43),1478667,43
,,0,2024-01-24T01:04:49.09644135Z,2024-02-23T01:04:49.09644135Z,2024-02-22T07:34:25.952985766Z,1185.678,docker_cpu_usage_pct,NFCORE_CHIPSEQ:CHIPSEQ:ALIGN_BWA_MEM:BWA_MEM (EZH2_IP_NTKO_REP2_T1) (43),NFCORE_CHIPSEQ:CHIPSEQ:ALIGN_BWA_MEM:BWA_MEM (EZH2_IP_NTKO_REP2_T1) (43),1478667,43
,,0,2024-01-24T01:04:49.09644135Z,2024-02-23T01:04:49.09644135Z,2024-02-22T07:34:27.952663535Z,1189.7075,docker_cpu_usage_pct,NFCORE_CHIPSEQ:CHIPSEQ:ALIGN_BWA_MEM:BWA_MEM (EZH2_IP_NTKO_REP2_T1) (43),NFCORE_CHIPSEQ:CHIPSEQ:ALIGN_BWA_MEM:BWA_MEM (EZH2_IP_NTKO_REP2_T1) (43),1478667,43
,,0,2024-01-24T01:04:49.09644135Z,2024-02-23T01:04:49.09644135Z,2024-02-22T07:34:29.95329018Z,1190.8385,docker_cpu_usage_pct,NFCORE_CHIPSEQ:CHIPSEQ:ALIGN_BWA_MEM:BWA_MEM (EZH2_IP_NTKO_REP2_T1) (43),NFCORE_CHIPSEQ:CHIPSEQ:ALIGN_BWA_MEM:BWA_MEM (EZH2_IP_NTKO_REP2_T1) (43),1478667,43
,,0,2024-01-24T01:04:49.09644135Z,2024-02-23T01:04:49.09644135Z,2024-02-22T07:34:31.95272261Z,1196.3308,docker_cpu_usage_pct,NFCORE_CHIPSEQ:CHIPSEQ:ALIGN_BWA_MEM:BWA_MEM (EZH2_IP_NTKO_REP2_T1) (43),NFCORE_CHIPSEQ:CHIPSEQ:ALIGN_BWA_MEM:BWA_MEM (EZH2_IP_NTKO_REP2_T1) (43),1478667,43
,,0,2024-01-24T01:04:49.09644135Z,2024-02-23T01:04:49.09644135Z,2024-02-22T07:34:33.952251197Z,1194.8577,docker_cpu_usage_pct,NFCORE_CHIPSEQ:CHIPSEQ:ALIGN_BWA_MEM:BWA_MEM (EZH2_IP_NTKO_REP2_T1) (43),NFCORE_CHIPSEQ:CHIPSEQ:ALIGN_BWA_MEM:BWA_MEM (EZH2_IP_NTKO_REP2_T1) (43),1478667,43
,,0,2024-01-24T01:04:49.09644135Z,2024-02-23T01:04:49.09644135Z,2024-02-22T07:34:35.952884595Z,1189.3852,docker_cpu_usage_pct,NFCORE_CHIPSEQ:CHIPSEQ:ALIGN_BWA_MEM:BWA_MEM (EZH2_IP_NTKO_REP2_T1) (43),NFCORE_CHIPSEQ:CHIPSEQ:ALIGN_BWA_MEM:BWA_MEM (EZH2_IP_NTKO_REP2_T1) (43),1478667,43
,,0,2024-01-24T01:04:49.09644135Z,2024-02-23T01:04:49.09644135Z,2024-02-22T07:34:37.952256086Z,1187.5218,docker_cpu_usage_pct,NFCORE_CHIPSEQ:CHIPSEQ:ALIGN_BWA_MEM:BWA_MEM (EZH2_IP_NTKO_REP2_T1) (43),NFCORE_CHIPSEQ:CHIPSEQ:ALIGN_BWA_MEM:BWA_MEM (EZH2_IP_NTKO_REP2_T1) (43),1478667,43
,,0,2024-01-24T01:04:49.09644135Z,2024-02-23T01:04:49.09644135Z,2024-02-22T07:34:39.95314368Z,1177.6942,docker_cpu_usage_pct,NFCORE_CHIPSEQ:CHIPSEQ:ALIGN_BWA_MEM:BWA_MEM (EZH2_IP_NTKO_REP2_T1) (43),NFCORE_CHIPSEQ:CHIPSEQ:ALIGN_BWA_MEM:BWA_MEM (EZH2_IP_NTKO_REP2_T1) (43),1478667,43
,,0,2024-01-24T01:04:49.09644135Z,2024-02-23T01:04:49.09644135Z,2024-02-22T07:34:41.952690535Z,1182.796,docker_cpu_usage_pct,NFCORE_CHIPSEQ:CHIPSEQ:ALIGN_BWA_MEM:BWA_MEM (EZH2_IP_NTKO_REP2_T1) (43),NFCORE_CHIPSEQ:CHIPSEQ:ALIGN_BWA_MEM:BWA_MEM (EZH2_IP_NTKO_REP2_T1) (43),1478667,43
,,0,2024-01-24T01:04:49.09644135Z,2024-02-23T01:04:49.09644135Z,2024-02-22T07:34:43.95334134Z,1192.319,docker_cpu_usage_pct,NFCORE_CHIPSEQ:CHIPSEQ:ALIGN_BWA_MEM:BWA_MEM (EZH2_IP_NTKO_REP2_T1) (43),NFCORE_CHIPSEQ:CHIPSEQ:ALIGN_BWA_MEM:BWA_MEM (EZH2_IP_NTKO_REP2_T1) (43),1478667,43
,,0,2024-01-24T01:04:49.09644135Z,2024-02-23T01:04:49.09644135Z,2024-02-22T07:34:45.952703697Z,1190.8543,docker_cpu_usage_pct,NFCORE_CHIPSEQ:CHIPSEQ:ALIGN_BWA_MEM:BWA_MEM (EZH2_IP_NTKO_REP2_T1) (43),NFCORE_CHIPSEQ:CHIPSEQ:ALIGN_BWA_MEM:BWA_MEM (EZH2_IP_NTKO_REP2_T1) (43),1478667,43
,,0,2024-01-24T01:04:49.09644135Z,2024-02-23T01:04:49.09644135Z,2024-02-22T07:34:47.952235714Z,1179.4956,docker_cpu_usage_pct,NFCORE_CHIPSEQ:CHIPSEQ:ALIGN_BWA_MEM:BWA_MEM (EZH2_IP_NTKO_REP2_T1) (43),NFCORE_CHIPSEQ:CHIPSEQ:ALIGN_BWA_MEM:BWA_MEM (EZH2_IP_NTKO_REP2_T1) (43),1478667,43
,,0,2024-01-24T01:04:49.09644135Z,2024-02-23T01:04:49.09644135Z,2024-02-22T07:34:49.952774568Z,1184.9603,docker_cpu_usage_pct,NFCORE_CHIPSEQ:CHIPSEQ:ALIGN_BWA_MEM:BWA_MEM (EZH2_IP_NTKO_REP2_T1) (43),NFCORE_CHIPSEQ:CHIPSEQ:ALIGN_BWA_MEM:BWA_MEM (EZH2_IP_NTKO_REP2_T1) (43),1478667,43
,,0,2024-01-24T01:04:49.09644135Z,2024-02-23T01:04:49.09644135Z,2024-02-22T07:34:51.952432928Z,1136.5653,docker_cpu_usage_pct,NFCORE_CHIPSEQ:CHIPSEQ:ALIGN_BWA_MEM:BWA_MEM (EZH2_IP_NTKO_REP2_T1) (43),NFCORE_CHIPSEQ:CHIPSEQ:ALIGN_BWA_MEM:BWA_MEM (EZH2_IP_NTKO_REP2_T1) (43),1478667,43
,,0,2024-01-24T01:04:49.09644135Z,2024-02-23T01:04:49.09644135Z,2024-02-22T07:34:53.95294776Z,1437.8314,docker_cpu_usage_pct,NFCORE_CHIPSEQ:CHIPSEQ:ALIGN_BWA_MEM:BWA_MEM (EZH2_IP_NTKO_REP2_T1) (43),NFCORE_CHIPSEQ:CHIPSEQ:ALIGN_BWA_MEM:BWA_MEM (EZH2_IP_NTKO_REP2_T1) (43),1478667,43
,,0,2024-01-24T01:04:49.09644135Z,2024-02-23T01:04:49.09644135Z,2024-02-22T07:34:55.952611209Z,1458.7493,docker_cpu_usage_pct,NFCORE_CHIPSEQ:CHIPSEQ:ALIGN_BWA_MEM:BWA_MEM (EZH2_IP_NTKO_REP2_T1) (43),NFCORE_CHIPSEQ:CHIPSEQ:ALIGN_BWA_MEM:BWA_MEM (EZH2_IP_NTKO_REP2_T1) (43),1478667,43
,,0,2024-01-24T01:04:49.09644135Z,2024-02-23T01:04:49.09644135Z,2024-02-22T07:34:57.953015656Z,1531.6146,docker_cpu_usage_pct,NFCORE_CHIPSEQ:CHIPSEQ:ALIGN_BWA_MEM:BWA_MEM (EZH2_IP_NTKO_REP2_T1) (43),NFCORE_CHIPSEQ:CHIPSEQ:ALIGN_BWA_MEM:BWA_MEM (EZH2_IP_NTKO_REP2_T1) (43),1478667,43
,,0,2024-01-24T01:04:49.09644135Z,2024-02-23T01:04:49.09644135Z,2024-02-22T07:34:59.952579711Z,1301.6398,docker_cpu_usage_pct,NFCORE_CHIPSEQ:CHIPSEQ:ALIGN_BWA_MEM:BWA_MEM (EZH2_IP_NTKO_REP2_T1) (43),NFCORE_CHIPSEQ:CHIPSEQ:ALIGN_BWA_MEM:BWA_MEM (EZH2_IP_NTKO_REP2_T1) (43),1478667,43
,,0,2024-01-24T01:04:49.09644135Z,2024-02-23T01:04:49.09644135Z,2024-02-22T07:35:01.952250403Z,1191.231,docker_cpu_usage_pct,NFCORE_CHIPSEQ:CHIPSEQ:ALIGN_BWA_MEM:BWA_MEM (EZH2_IP_NTKO_REP2_T1) (43),NFCORE_CHIPSEQ:CHIPSEQ:ALIGN_BWA_MEM:BWA_MEM (EZH2_IP_NTKO_REP2_T1) (43),1478667,43
,,0,2024-01-24T01:04:49.09644135Z,2024-02-23T01:04:49.09644135Z,2024-02-22T07:35:03.952960684Z,1180.9418,docker_cpu_usage_pct,NFCORE_CHIPSEQ:CHIPSEQ:ALIGN_BWA_MEM:BWA_MEM (EZH2_IP_NTKO_REP2_T1) (43),NFCORE_CHIPSEQ:CHIPSEQ:ALIGN_BWA_MEM:BWA_MEM (EZH2_IP_NTKO_REP2_T1) (43),1478667,43
,,0,2024-01-24T01:04:49.09644135Z,2024-02-23T01:04:49.09644135Z,2024-02-22T07:35:05.952604284Z,1190.1107,docker_cpu_usage_pct,NFCORE_CHIPSEQ:CHIPSEQ:ALIGN_BWA_MEM:BWA_MEM (EZH2_IP_NTKO_REP2_T1) (43),NFCORE_CHIPSEQ:CHIPSEQ:ALIGN_BWA_MEM:BWA_MEM (EZH2_IP_NTKO_REP2_T1) (43),1478667,43
,,0,2024-01-24T01:04:49.09644135Z,2024-02-23T01:04:49.09644135Z,2024-02-22T07:35:07.953069716Z,1183.1346,docker_cpu_usage_pct,NFCORE_CHIPSEQ:CHIPSEQ:ALIGN_BWA_MEM:BWA_MEM (EZH2_IP_NTKO_REP2_T1) (43),NFCORE_CHIPSEQ:CHIPSEQ:ALIGN_BWA_MEM:BWA_MEM (EZH2_IP_NTKO_REP2_T1) (43),1478667,43
,,0,2024-01-24T01:04:49.09644135Z,2024-02-23T01:04:49.09644135Z,2024-02-22T07:35:09.952723456Z,1177.3322,docker_cpu_usage_pct,NFCORE_CHIPSEQ:CHIPSEQ:ALIGN_BWA_MEM:BWA_MEM (EZH2_IP_NTKO_REP2_T1) (43),NFCORE_CHIPSEQ:CHIPSEQ:ALIGN_BWA_MEM:BWA_MEM (EZH2_IP_NTKO_REP2_T1) (43),1478667,43
,,0,2024-01-24T01:04:49.09644135Z,2024-02-23T01:04:49.09644135Z,2024-02-22T07:35:11.952449173Z,1189.7423,docker_cpu_usage_pct,NFCORE_CHIPSEQ:CHIPSEQ:ALIGN_BWA_MEM:BWA_MEM (EZH2_IP_NTKO_REP2_T1) (43),NFCORE_CHIPSEQ:CHIPSEQ:ALIGN_BWA_MEM:BWA_MEM (EZH2_IP_NTKO_REP2_T1) (43),1478667,43
,,0,2024-01-24T01:04:49.09644135Z,2024-02-23T01:04:49.09644135Z,2024-02-22T07:35:13.952912649Z,1178.4041,docker_cpu_usage_pct,NFCORE_CHIPSEQ:CHIPSEQ:ALIGN_BWA_MEM:BWA_MEM (EZH2_IP_NTKO_REP2_T1) (43),NFCORE_CHIPSEQ:CHIPSEQ:ALIGN_BWA_MEM:BWA_MEM (EZH2_IP_NTKO_REP2_T1) (43),1478667,43
,,0,2024-01-24T01:04:49.09644135Z,2024-02-23T01:04:49.09644135Z,2024-02-22T07:35:15.952664065Z,1189.7277,docker_cpu_usage_pct,NFCORE_CHIPSEQ:CHIPSEQ:ALIGN_BWA_MEM:BWA_MEM (EZH2_IP_NTKO_REP2_T1) (43),NFCORE_CHIPSEQ:CHIPSEQ:ALIGN_BWA_MEM:BWA_MEM (EZH2_IP_NTKO_REP2_T1) (43),1478667,43
,,0,2024-01-24T01:04:49.09644135Z,2024-02-23T01:04:49.09644135Z,2024-02-22T07:35:17.952182609Z,1184.6007,docker_cpu_usage_pct,NFCORE_CHIPSEQ:CHIPSEQ:ALIGN_BWA_MEM:BWA_MEM (EZH2_IP_NTKO_REP2_T1) (43),NFCORE_CHIPSEQ:CHIPSEQ:ALIGN_BWA_MEM:BWA_MEM (EZH2_IP_NTKO_REP2_T1) (43),1478667,43
,,0,2024-01-24T01:04:49.09644135Z,2024-02-23T01:04:49.09644135Z,2024-02-22T07:35:19.952674459Z,1188.23,docker_cpu_usage_pct,NFCORE_CHIPSEQ:CHIPSEQ:ALIGN_BWA_MEM:BWA_MEM (EZH2_IP_NTKO_REP2_T1) (43),NFCORE_CHIPSEQ:CHIPSEQ:ALIGN_BWA_MEM:BWA_MEM (EZH2_IP_NTKO_REP2_T1) (43),1478667,43
,,0,2024-01-24T01:04:49.09644135Z,2024-02-23T01:04:49.09644135Z,2024-02-22T07:35:21.952436761Z,1181.6739,docker_cpu_usage_pct,NFCORE_CHIPSEQ:CHIPSEQ:ALIGN_BWA_MEM:BWA_MEM (EZH2_IP_NTKO_REP2_T1) (43),NFCORE_CHIPSEQ:CHIPSEQ:ALIGN_BWA_MEM:BWA_MEM (EZH2_IP_NTKO_REP2_T1) (43),1478667,43
,,0,2024-01-24T01:04:49.09644135Z,2024-02-23T01:04:49.09644135Z,2024-02-22T07:35:23.952709044Z,1203.4286,docker_cpu_usage_pct,NFCORE_CHIPSEQ:CHIPSEQ:ALIGN_BWA_MEM:BWA_MEM (EZH2_IP_NTKO_REP2_T1) (43),NFCORE_CHIPSEQ:CHIPSEQ:ALIGN_BWA_MEM:BWA_MEM (EZH2_IP_NTKO_REP2_T1) (43),1478667,43
,,0,2024-01-24T01:04:49.09644135Z,2024-02-23T01:04:49.09644135Z,2024-02-22T07:35:25.952288328Z,1186.7608,docker_cpu_usage_pct,NFCORE_CHIPSEQ:CHIPSEQ:ALIGN_BWA_MEM:BWA_MEM (EZH2_IP_NTKO_REP2_T1) (43),NFCORE_CHIPSEQ:CHIPSEQ:ALIGN_BWA_MEM:BWA_MEM (EZH2_IP_NTKO_REP2_T1) (43),1478667,43
,,0,2024-01-24T01:04:49.09644135Z,2024-02-23T01:04:49.09644135Z,2024-02-22T07:35:27.952948043Z,1196.3971,docker_cpu_usage_pct,NFCORE_CHIPSEQ:CHIPSEQ:ALIGN_BWA_MEM:BWA_MEM (EZH2_IP_NTKO_REP2_T1) (43),NFCORE_CHIPSEQ:CHIPSEQ:ALIGN_BWA_MEM:BWA_MEM (EZH2_IP_NTKO_REP2_T1) (43),1478667,43
,,0,2024-01-24T01:04:49.09644135Z,2024-02-23T01:04:49.09644135Z,2024-02-22T07:35:29.952459225Z,1140.3131,docker_cpu_usage_pct,NFCORE_CHIPSEQ:CHIPSEQ:ALIGN_BWA_MEM:BWA_MEM (EZH2_IP_NTKO_REP2_T1) (43),NFCORE_CHIPSEQ:CHIPSEQ:ALIGN_BWA_MEM:BWA_MEM (EZH2_IP_NTKO_REP2_T1) (43),1478667,43
,,0,2024-01-24T01:04:49.09644135Z,2024-02-23T01:04:49.09644135Z,2024-02-22T07:35:31.952927673Z,1419.7804,docker_cpu_usage_pct,NFCORE_CHIPSEQ:CHIPSEQ:ALIGN_BWA_MEM:BWA_MEM (EZH2_IP_NTKO_REP2_T1) (43),NFCORE_CHIPSEQ:CHIPSEQ:ALIGN_BWA_MEM:BWA_MEM (EZH2_IP_NTKO_REP2_T1) (43),1478667,43
,,0,2024-01-24T01:04:49.09644135Z,2024-02-23T01:04:49.09644135Z,2024-02-22T07:35:33.952667872Z,1436.4744,docker_cpu_usage_pct,NFCORE_CHIPSEQ:CHIPSEQ:ALIGN_BWA_MEM:BWA_MEM (EZH2_IP_NTKO_REP2_T1) (43),NFCORE_CHIPSEQ:CHIPSEQ:ALIGN_BWA_MEM:BWA_MEM (EZH2_IP_NTKO_REP2_T1) (43),1478667,43
,,0,2024-01-24T01:04:49.09644135Z,2024-02-23T01:04:49.09644135Z,2024-02-22T07:35:35.95313855Z,1469.5096,docker_cpu_usage_pct,NFCORE_CHIPSEQ:CHIPSEQ:ALIGN_BWA_MEM:BWA_MEM (EZH2_IP_NTKO_REP2_T1) (43),NFCORE_CHIPSEQ:CHIPSEQ:ALIGN_BWA_MEM:BWA_MEM (EZH2_IP_NTKO_REP2_T1) (43),1478667,43
,,0,2024-01-24T01:04:49.09644135Z,2024-02-23T01:04:49.09644135Z,2024-02-22T07:35:37.95263986Z,1296.8253,docker_cpu_usage_pct,NFCORE_CHIPSEQ:CHIPSEQ:ALIGN_BWA_MEM:BWA_MEM (EZH2_IP_NTKO_REP2_T1) (43),NFCORE_CHIPSEQ:CHIPSEQ:ALIGN_BWA_MEM:BWA_MEM (EZH2_IP_NTKO_REP2_T1) (43),1478667,43
,,0,2024-01-24T01:04:49.09644135Z,2024-02-23T01:04:49.09644135Z,2024-02-22T07:35:39.952270409Z,1257.9122,docker_cpu_usage_pct,NFCORE_CHIPSEQ:CHIPSEQ:ALIGN_BWA_MEM:BWA_MEM (EZH2_IP_NTKO_REP2_T1) (43),NFCORE_CHIPSEQ:CHIPSEQ:ALIGN_BWA_MEM:BWA_MEM (EZH2_IP_NTKO_REP2_T1) (43),1478667,43
,,0,2024-01-24T01:04:49.09644135Z,2024-02-23T01:04:49.09644135Z,2024-02-22T07:35:41.952962609Z,1191.5685,docker_cpu_usage_pct,NFCORE_CHIPSEQ:CHIPSEQ:ALIGN_BWA_MEM:BWA_MEM (EZH2_IP_NTKO_REP2_T1) (43),NFCORE_CHIPSEQ:CHIPSEQ:ALIGN_BWA_MEM:BWA_MEM (EZH2_IP_NTKO_REP2_T1) (43),1478667,43
,,0,2024-01-24T01:04:49.09644135Z,2024-02-23T01:04:49.09644135Z,2024-02-22T07:35:43.952468095Z,1192.6275,docker_cpu_usage_pct,NFCORE_CHIPSEQ:CHIPSEQ:ALIGN_BWA_MEM:BWA_MEM (EZH2_IP_NTKO_REP2_T1) (43),NFCORE_CHIPSEQ:CHIPSEQ:ALIGN_BWA_MEM:BWA_MEM (EZH2_IP_NTKO_REP2_T1) (43),1478667,43
,,0,2024-01-24T01:04:49.09644135Z,2024-02-23T01:04:49.09644135Z,2024-02-22T07:35:45.953092622Z,1194.1243,docker_cpu_usage_pct,NFCORE_CHIPSEQ:CHIPSEQ:ALIGN_BWA_MEM:BWA_MEM (EZH2_IP_NTKO_REP2_T1) (43),NFCORE_CHIPSEQ:CHIPSEQ:ALIGN_BWA_MEM:BWA_MEM (EZH2_IP_NTKO_REP2_T1) (43),1478667,43
,,0,2024-01-24T01:04:49.09644135Z,2024-02-23T01:04:49.09644135Z,2024-02-22T07:35:47.95270281Z,1192.6476,docker_cpu_usage_pct,NFCORE_CHIPSEQ:CHIPSEQ:ALIGN_BWA_MEM:BWA_MEM (EZH2_IP_NTKO_REP2_T1) (43),NFCORE_CHIPSEQ:CHIPSEQ:ALIGN_BWA_MEM:BWA_MEM (EZH2_IP_NTKO_REP2_T1) (43),1478667,43
,,0,2024-01-24T01:04:49.09644135Z,2024-02-23T01:04:49.09644135Z,2024-02-22T07:35:49.95310714Z,1194.116,docker_cpu_usage_pct,NFCORE_CHIPSEQ:CHIPSEQ:ALIGN_BWA_MEM:BWA_MEM (EZH2_IP_NTKO_REP2_T1) (43),NFCORE_CHIPSEQ:CHIPSEQ:ALIGN_BWA_MEM:BWA_MEM (EZH2_IP_NTKO_REP2_T1) (43),1478667,43
,,0,2024-01-24T01:04:49.09644135Z,2024-02-23T01:04:49.09644135Z,2024-02-22T07:35:51.952727329Z,1196.3451,docker_cpu_usage_pct,NFCORE_CHIPSEQ:CHIPSEQ:ALIGN_BWA_MEM:BWA_MEM (EZH2_IP_NTKO_REP2_T1) (43),NFCORE_CHIPSEQ:CHIPSEQ:ALIGN_BWA_MEM:BWA_MEM (EZH2_IP_NTKO_REP2_T1) (43),1478667,43
,,0,2024-01-24T01:04:49.09644135Z,2024-02-23T01:04:49.09644135Z,2024-02-22T07:35:53.952415475Z,1194.5253,docker_cpu_usage_pct,NFCORE_CHIPSEQ:CHIPSEQ:ALIGN_BWA_MEM:BWA_MEM (EZH2_IP_NTKO_REP2_T1) (43),NFCORE_CHIPSEQ:CHIPSEQ:ALIGN_BWA_MEM:BWA_MEM (EZH2_IP_NTKO_REP2_T1) (43),1478667,43
,,0,2024-01-24T01:04:49.09644135Z,2024-02-23T01:04:49.09644135Z,2024-02-22T07:35:55.953019626Z,1188.2833,docker_cpu_usage_pct,NFCORE_CHIPSEQ:CHIPSEQ:ALIGN_BWA_MEM:BWA_MEM (EZH2_IP_NTKO_REP2_T1) (43),NFCORE_CHIPSEQ:CHIPSEQ:ALIGN_BWA_MEM:BWA_MEM (EZH2_IP_NTKO_REP2_T1) (43),1478667,43
,,0,2024-01-24T01:04:49.09644135Z,2024-02-23T01:04:49.09644135Z,2024-02-22T07:35:57.952586389Z,1183.1583,docker_cpu_usage_pct,NFCORE_CHIPSEQ:CHIPSEQ:ALIGN_BWA_MEM:BWA_MEM (EZH2_IP_NTKO_REP2_T1) (43),NFCORE_CHIPSEQ:CHIPSEQ:ALIGN_BWA_MEM:BWA_MEM (EZH2_IP_NTKO_REP2_T1) (43),1478667,43
,,0,2024-01-24T01:04:49.09644135Z,2024-02-23T01:04:49.09644135Z,2024-02-22T07:35:59.952974933Z,1179.1258,docker_cpu_usage_pct,NFCORE_CHIPSEQ:CHIPSEQ:ALIGN_BWA_MEM:BWA_MEM (EZH2_IP_NTKO_REP2_T1) (43),NFCORE_CHIPSEQ:CHIPSEQ:ALIGN_BWA_MEM:BWA_MEM (EZH2_IP_NTKO_REP2_T1) (43),1478667,43
,,0,2024-01-24T01:04:49.09644135Z,2024-02-23T01:04:49.09644135Z,2024-02-22T07:36:01.952572736Z,1179.1431,docker_cpu_usage_pct,NFCORE_CHIPSEQ:CHIPSEQ:ALIGN_BWA_MEM:BWA_MEM (EZH2_IP_NTKO_REP2_T1) (43),NFCORE_CHIPSEQ:CHIPSEQ:ALIGN_BWA_MEM:BWA_MEM (EZH2_IP_NTKO_REP2_T1) (43),1478667,43
,,0,2024-01-24T01:04:49.09644135Z,2024-02-23T01:04:49.09644135Z,2024-02-22T07:36:03.953349444Z,1176.5936,docker_cpu_usage_pct,NFCORE_CHIPSEQ:CHIPSEQ:ALIGN_BWA_MEM:BWA_MEM (EZH2_IP_NTKO_REP2_T1) (43),NFCORE_CHIPSEQ:CHIPSEQ:ALIGN_BWA_MEM:BWA_MEM (EZH2_IP_NTKO_REP2_T1) (43),1478667,43
,,0,2024-01-24T01:04:49.09644135Z,2024-02-23T01:04:49.09644135Z,2024-02-22T07:36:05.952902286Z,1190.8361,docker_cpu_usage_pct,NFCORE_CHIPSEQ:CHIPSEQ:ALIGN_BWA_MEM:BWA_MEM (EZH2_IP_NTKO_REP2_T1) (43),NFCORE_CHIPSEQ:CHIPSEQ:ALIGN_BWA_MEM:BWA_MEM (EZH2_IP_NTKO_REP2_T1) (43),1478667,43
,,0,2024-01-24T01:04:49.09644135Z,2024-02-23T01:04:49.09644135Z,2024-02-22T07:36:07.952338679Z,1182.9518,docker_cpu_usage_pct,NFCORE_CHIPSEQ:CHIPSEQ:ALIGN_BWA_MEM:BWA_MEM (EZH2_IP_NTKO_REP2_T1) (43),NFCORE_CHIPSEQ:CHIPSEQ:ALIGN_BWA_MEM:BWA_MEM (EZH2_IP_NTKO_REP2_T1) (43),1478667,43
,,0,2024-01-24T01:04:49.09644135Z,2024-02-23T01:04:49.09644135Z,2024-02-22T07:36:09.952686808Z,1220.8398,docker_cpu_usage_pct,NFCORE_CHIPSEQ:CHIPSEQ:ALIGN_BWA_MEM:BWA_MEM (EZH2_IP_NTKO_REP2_T1) (43),NFCORE_CHIPSEQ:CHIPSEQ:ALIGN_BWA_MEM:BWA_MEM (EZH2_IP_NTKO_REP2_T1) (43),1478667,43
,,0,2024-01-24T01:04:49.09644135Z,2024-02-23T01:04:49.09644135Z,2024-02-22T07:36:11.952270886Z,1432.0249,docker_cpu_usage_pct,NFCORE_CHIPSEQ:CHIPSEQ:ALIGN_BWA_MEM:BWA_MEM (EZH2_IP_NTKO_REP2_T1) (43),NFCORE_CHIPSEQ:CHIPSEQ:ALIGN_BWA_MEM:BWA_MEM (EZH2_IP_NTKO_REP2_T1) (43),1478667,43
,,0,2024-01-24T01:04:49.09644135Z,2024-02-23T01:04:49.09644135Z,2024-02-22T07:36:13.952733779Z,1454.3323,docker_cpu_usage_pct,NFCORE_CHIPSEQ:CHIPSEQ:ALIGN_BWA_MEM:BWA_MEM (EZH2_IP_NTKO_REP2_T1) (43),NFCORE_CHIPSEQ:CHIPSEQ:ALIGN_BWA_MEM:BWA_MEM (EZH2_IP_NTKO_REP2_T1) (43),1478667,43
,,0,2024-01-24T01:04:49.09644135Z,2024-02-23T01:04:49.09644135Z,2024-02-22T07:36:15.952452402Z,1354.0381,docker_cpu_usage_pct,NFCORE_CHIPSEQ:CHIPSEQ:ALIGN_BWA_MEM:BWA_MEM (EZH2_IP_NTKO_REP2_T1) (43),NFCORE_CHIPSEQ:CHIPSEQ:ALIGN_BWA_MEM:BWA_MEM (EZH2_IP_NTKO_REP2_T1) (43),1478667,43
,,0,2024-01-24T01:04:49.09644135Z,2024-02-23T01:04:49.09644135Z,2024-02-22T07:36:17.952881124Z,1292.6659,docker_cpu_usage_pct,NFCORE_CHIPSEQ:CHIPSEQ:ALIGN_BWA_MEM:BWA_MEM (EZH2_IP_NTKO_REP2_T1) (43),NFCORE_CHIPSEQ:CHIPSEQ:ALIGN_BWA_MEM:BWA_MEM (EZH2_IP_NTKO_REP2_T1) (43),1478667,43
,,0,2024-01-24T01:04:49.09644135Z,2024-02-23T01:04:49.09644135Z,2024-02-22T07:36:19.952409442Z,1171.9272,docker_cpu_usage_pct,NFCORE_CHIPSEQ:CHIPSEQ:ALIGN_BWA_MEM:BWA_MEM (EZH2_IP_NTKO_REP2_T1) (43),NFCORE_CHIPSEQ:CHIPSEQ:ALIGN_BWA_MEM:BWA_MEM (EZH2_IP_NTKO_REP2_T1) (43),1478667,43
,,0,2024-01-24T01:04:49.09644135Z,2024-02-23T01:04:49.09644135Z,2024-02-22T07:36:21.952898126Z,1174.8043,docker_cpu_usage_pct,NFCORE_CHIPSEQ:CHIPSEQ:ALIGN_BWA_MEM:BWA_MEM (EZH2_IP_NTKO_REP2_T1) (43),NFCORE_CHIPSEQ:CHIPSEQ:ALIGN_BWA_MEM:BWA_MEM (EZH2_IP_NTKO_REP2_T1) (43),1478667,43
,,0,2024-01-24T01:04:49.09644135Z,2024-02-23T01:04:49.09644135Z,2024-02-22T07:36:23.952749395Z,1184.7111,docker_cpu_usage_pct,NFCORE_CHIPSEQ:CHIPSEQ:ALIGN_BWA_MEM:BWA_MEM (EZH2_IP_NTKO_REP2_T1) (43),NFCORE_CHIPSEQ:CHIPSEQ:ALIGN_BWA_MEM:BWA_MEM (EZH2_IP_NTKO_REP2_T1) (43),1478667,43
,,0,2024-01-24T01:04:49.09644135Z,2024-02-23T01:04:49.09644135Z,2024-02-22T07:36:25.95294408Z,1171.2188,docker_cpu_usage_pct,NFCORE_CHIPSEQ:CHIPSEQ:ALIGN_BWA_MEM:BWA_MEM (EZH2_IP_NTKO_REP2_T1) (43),NFCORE_CHIPSEQ:CHIPSEQ:ALIGN_BWA_MEM:BWA_MEM (EZH2_IP_NTKO_REP2_T1) (43),1478667,43
,,0,2024-01-24T01:04:49.09644135Z,2024-02-23T01:04:49.09644135Z,2024-02-22T07:36:27.952537451Z,1182.0337,docker_cpu_usage_pct,NFCORE_CHIPSEQ:CHIPSEQ:ALIGN_BWA_MEM:BWA_MEM (EZH2_IP_NTKO_REP2_T1) (43),NFCORE_CHIPSEQ:CHIPSEQ:ALIGN_BWA_MEM:BWA_MEM (EZH2_IP_NTKO_REP2_T1) (43),1478667,43
,,0,2024-01-24T01:04:49.09644135Z,2024-02-23T01:04:49.09644135Z,2024-02-22T07:36:29.95313464Z,1180.9273,docker_cpu_usage_pct,NFCORE_CHIPSEQ:CHIPSEQ:ALIGN_BWA_MEM:BWA_MEM (EZH2_IP_NTKO_REP2_T1) (43),NFCORE_CHIPSEQ:CHIPSEQ:ALIGN_BWA_MEM:BWA_MEM (EZH2_IP_NTKO_REP2_T1) (43),1478667,43
,,0,2024-01-24T01:04:49.09644135Z,2024-02-23T01:04:49.09644135Z,2024-02-22T07:36:31.952638969Z,1176.6114,docker_cpu_usage_pct,NFCORE_CHIPSEQ:CHIPSEQ:ALIGN_BWA_MEM:BWA_MEM (EZH2_IP_NTKO_REP2_T1) (43),NFCORE_CHIPSEQ:CHIPSEQ:ALIGN_BWA_MEM:BWA_MEM (EZH2_IP_NTKO_REP2_T1) (43),1478667,43
,,0,2024-01-24T01:04:49.09644135Z,2024-02-23T01:04:49.09644135Z,2024-02-22T07:36:33.952949049Z,1203.4578,docker_cpu_usage_pct,NFCORE_CHIPSEQ:CHIPSEQ:ALIGN_BWA_MEM:BWA_MEM (EZH2_IP_NTKO_REP2_T1) (43),NFCORE_CHIPSEQ:CHIPSEQ:ALIGN_BWA_MEM:BWA_MEM (EZH2_IP_NTKO_REP2_T1) (43),1478667,43
,,0,2024-01-24T01:04:49.09644135Z,2024-02-23T01:04:49.09644135Z,2024-02-22T07:36:36.952719553Z,1199.4091,docker_cpu_usage_pct,NFCORE_CHIPSEQ:CHIPSEQ:ALIGN_BWA_MEM:BWA_MEM (EZH2_IP_NTKO_REP2_T1) (43),NFCORE_CHIPSEQ:CHIPSEQ:ALIGN_BWA_MEM:BWA_MEM (EZH2_IP_NTKO_REP2_T1) (43),1478667,43
,,0,2024-01-24T01:04:49.09644135Z,2024-02-23T01:04:49.09644135Z,2024-02-22T07:36:38.952387712Z,1179.4975,docker_cpu_usage_pct,NFCORE_CHIPSEQ:CHIPSEQ:ALIGN_BWA_MEM:BWA_MEM (EZH2_IP_NTKO_REP2_T1) (43),NFCORE_CHIPSEQ:CHIPSEQ:ALIGN_BWA_MEM:BWA_MEM (EZH2_IP_NTKO_REP2_T1) (43),1478667,43
,,0,2024-01-24T01:04:49.09644135Z,2024-02-23T01:04:49.09644135Z,2024-02-22T07:36:40.952895803Z,1177.6812,docker_cpu_usage_pct,NFCORE_CHIPSEQ:CHIPSEQ:ALIGN_BWA_MEM:BWA_MEM (EZH2_IP_NTKO_REP2_T1) (43),NFCORE_CHIPSEQ:CHIPSEQ:ALIGN_BWA_MEM:BWA_MEM (EZH2_IP_NTKO_REP2_T1) (43),1478667,43
,,0,2024-01-24T01:04:49.09644135Z,2024-02-23T01:04:49.09644135Z,2024-02-22T07:36:42.952700506Z,1189.7381,docker_cpu_usage_pct,NFCORE_CHIPSEQ:CHIPSEQ:ALIGN_BWA_MEM:BWA_MEM (EZH2_IP_NTKO_REP2_T1) (43),NFCORE_CHIPSEQ:CHIPSEQ:ALIGN_BWA_MEM:BWA_MEM (EZH2_IP_NTKO_REP2_T1) (43),1478667,43
,,0,2024-01-24T01:04:49.09644135Z,2024-02-23T01:04:49.09644135Z,2024-02-22T07:36:44.953177487Z,1191.5718,docker_cpu_usage_pct,NFCORE_CHIPSEQ:CHIPSEQ:ALIGN_BWA_MEM:BWA_MEM (EZH2_IP_NTKO_REP2_T1) (43),NFCORE_CHIPSEQ:CHIPSEQ:ALIGN_BWA_MEM:BWA_MEM (EZH2_IP_NTKO_REP2_T1) (43),1478667,43
,,0,2024-01-24T01:04:49.09644135Z,2024-02-23T01:04:49.09644135Z,2024-02-22T07:36:46.952507795Z,1190.8377,docker_cpu_usage_pct,NFCORE_CHIPSEQ:CHIPSEQ:ALIGN_BWA_MEM:BWA_MEM (EZH2_IP_NTKO_REP2_T1) (43),NFCORE_CHIPSEQ:CHIPSEQ:ALIGN_BWA_MEM:BWA_MEM (EZH2_IP_NTKO_REP2_T1) (43),1478667,43
,,0,2024-01-24T01:04:49.09644135Z,2024-02-23T01:04:49.09644135Z,2024-02-22T07:36:48.952068537Z,1064.8854,docker_cpu_usage_pct,NFCORE_CHIPSEQ:CHIPSEQ:ALIGN_BWA_MEM:BWA_MEM (EZH2_IP_NTKO_REP2_T1) (43),NFCORE_CHIPSEQ:CHIPSEQ:ALIGN_BWA_MEM:BWA_MEM (EZH2_IP_NTKO_REP2_T1) (43),1478667,43
,,0,2024-01-24T01:04:49.09644135Z,2024-02-23T01:04:49.09644135Z,2024-02-22T07:36:50.952554404Z,1424.7321,docker_cpu_usage_pct,NFCORE_CHIPSEQ:CHIPSEQ:ALIGN_BWA_MEM:BWA_MEM (EZH2_IP_NTKO_REP2_T1) (43),NFCORE_CHIPSEQ:CHIPSEQ:ALIGN_BWA_MEM:BWA_MEM (EZH2_IP_NTKO_REP2_T1) (43),1478667,43
,,0,2024-01-24T01:04:49.09644135Z,2024-02-23T01:04:49.09644135Z,2024-02-22T07:36:52.952351045Z,1455.1152,docker_cpu_usage_pct,NFCORE_CHIPSEQ:CHIPSEQ:ALIGN_BWA_MEM:BWA_MEM (EZH2_IP_NTKO_REP2_T1) (43),NFCORE_CHIPSEQ:CHIPSEQ:ALIGN_BWA_MEM:BWA_MEM (EZH2_IP_NTKO_REP2_T1) (43),1478667,43
,,0,2024-01-24T01:04:49.09644135Z,2024-02-23T01:04:49.09644135Z,2024-02-22T07:36:54.952654778Z,1413.1754,docker_cpu_usage_pct,NFCORE_CHIPSEQ:CHIPSEQ:ALIGN_BWA_MEM:BWA_MEM (EZH2_IP_NTKO_REP2_T1) (43),NFCORE_CHIPSEQ:CHIPSEQ:ALIGN_BWA_MEM:BWA_MEM (EZH2_IP_NTKO_REP2_T1) (43),1478667,43
,,0,2024-01-24T01:04:49.09644135Z,2024-02-23T01:04:49.09644135Z,2024-02-22T07:36:56.952551693Z,1279.3483,docker_cpu_usage_pct,NFCORE_CHIPSEQ:CHIPSEQ:ALIGN_BWA_MEM:BWA_MEM (EZH2_IP_NTKO_REP2_T1) (43),NFCORE_CHIPSEQ:CHIPSEQ:ALIGN_BWA_MEM:BWA_MEM (EZH2_IP_NTKO_REP2_T1) (43),1478667,43
,,0,2024-01-24T01:04:49.09644135Z,2024-02-23T01:04:49.09644135Z,2024-02-22T07:36:58.952890868Z,1186.3725,docker_cpu_usage_pct,NFCORE_CHIPSEQ:CHIPSEQ:ALIGN_BWA_MEM:BWA_MEM (EZH2_IP_NTKO_REP2_T1) (43),NFCORE_CHIPSEQ:CHIPSEQ:ALIGN_BWA_MEM:BWA_MEM (EZH2_IP_NTKO_REP2_T1) (43),1478667,43
,,0,2024-01-24T01:04:49.09644135Z,2024-02-23T01:04:49.09644135Z,2024-02-22T07:37:00.952347729Z,1179.1012,docker_cpu_usage_pct,NFCORE_CHIPSEQ:CHIPSEQ:ALIGN_BWA_MEM:BWA_MEM (EZH2_IP_NTKO_REP2_T1) (43),NFCORE_CHIPSEQ:CHIPSEQ:ALIGN_BWA_MEM:BWA_MEM (EZH2_IP_NTKO_REP2_T1) (43),1478667,43
,,0,2024-01-24T01:04:49.09644135Z,2024-02-23T01:04:49.09644135Z,2024-02-22T07:37:02.952929454Z,1180.5714,docker_cpu_usage_pct,NFCORE_CHIPSEQ:CHIPSEQ:ALIGN_BWA_MEM:BWA_MEM (EZH2_IP_NTKO_REP2_T1) (43),NFCORE_CHIPSEQ:CHIPSEQ:ALIGN_BWA_MEM:BWA_MEM (EZH2_IP_NTKO_REP2_T1) (43),1478667,43
,,0,2024-01-24T01:04:49.09644135Z,2024-02-23T01:04:49.09644135Z,2024-02-22T07:37:04.952566413Z,1177.6956,docker_cpu_usage_pct,NFCORE_CHIPSEQ:CHIPSEQ:ALIGN_BWA_MEM:BWA_MEM (EZH2_IP_NTKO_REP2_T1) (43),NFCORE_CHIPSEQ:CHIPSEQ:ALIGN_BWA_MEM:BWA_MEM (EZH2_IP_NTKO_REP2_T1) (43),1478667,43
,,0,2024-01-24T01:04:49.09644135Z,2024-02-23T01:04:49.09644135Z,2024-02-22T07:37:06.9522879Z,1182.0271,docker_cpu_usage_pct,NFCORE_CHIPSEQ:CHIPSEQ:ALIGN_BWA_MEM:BWA_MEM (EZH2_IP_NTKO_REP2_T1) (43),NFCORE_CHIPSEQ:CHIPSEQ:ALIGN_BWA_MEM:BWA_MEM (EZH2_IP_NTKO_REP2_T1) (43),1478667,43
,,0,2024-01-24T01:04:49.09644135Z,2024-02-23T01:04:49.09644135Z,2024-02-22T07:37:08.952836Z,1189.7294,docker_cpu_usage_pct,NFCORE_CHIPSEQ:CHIPSEQ:ALIGN_BWA_MEM:BWA_MEM (EZH2_IP_NTKO_REP2_T1) (43),NFCORE_CHIPSEQ:CHIPSEQ:ALIGN_BWA_MEM:BWA_MEM (EZH2_IP_NTKO_REP2_T1) (43),1478667,43
,,0,2024-01-24T01:04:49.09644135Z,2024-02-23T01:04:49.09644135Z,2024-02-22T07:37:10.952406183Z,1184.581,docker_cpu_usage_pct,NFCORE_CHIPSEQ:CHIPSEQ:ALIGN_BWA_MEM:BWA_MEM (EZH2_IP_NTKO_REP2_T1) (43),NFCORE_CHIPSEQ:CHIPSEQ:ALIGN_BWA_MEM:BWA_MEM (EZH2_IP_NTKO_REP2_T1) (43),1478667,43
,,0,2024-01-24T01:04:49.09644135Z,2024-02-23T01:04:49.09644135Z,2024-02-22T07:37:12.952908863Z,1182.771,docker_cpu_usage_pct,NFCORE_CHIPSEQ:CHIPSEQ:ALIGN_BWA_MEM:BWA_MEM (EZH2_IP_NTKO_REP2_T1) (43),NFCORE_CHIPSEQ:CHIPSEQ:ALIGN_BWA_MEM:BWA_MEM (EZH2_IP_NTKO_REP2_T1) (43),1478667,43
,,0,2024-01-24T01:04:49.09644135Z,2024-02-23T01:04:49.09644135Z,2024-02-22T07:37:14.952498409Z,1183.1378,docker_cpu_usage_pct,NFCORE_CHIPSEQ:CHIPSEQ:ALIGN_BWA_MEM:BWA_MEM (EZH2_IP_NTKO_REP2_T1) (43),NFCORE_CHIPSEQ:CHIPSEQ:ALIGN_BWA_MEM:BWA_MEM (EZH2_IP_NTKO_REP2_T1) (43),1478667,43
,,0,2024-01-24T01:04:49.09644135Z,2024-02-23T01:04:49.09644135Z,2024-02-22T07:37:16.95328674Z,1185.6819,docker_cpu_usage_pct,NFCORE_CHIPSEQ:CHIPSEQ:ALIGN_BWA_MEM:BWA_MEM (EZH2_IP_NTKO_REP2_T1) (43),NFCORE_CHIPSEQ:CHIPSEQ:ALIGN_BWA_MEM:BWA_MEM (EZH2_IP_NTKO_REP2_T1) (43),1478667,43
,,0,2024-01-24T01:04:49.09644135Z,2024-02-23T01:04:49.09644135Z,2024-02-22T07:37:18.952546747Z,1184.5839,docker_cpu_usage_pct,NFCORE_CHIPSEQ:CHIPSEQ:ALIGN_BWA_MEM:BWA_MEM (EZH2_IP_NTKO_REP2_T1) (43),NFCORE_CHIPSEQ:CHIPSEQ:ALIGN_BWA_MEM:BWA_MEM (EZH2_IP_NTKO_REP2_T1) (43),1478667,43
,,0,2024-01-24T01:04:49.09644135Z,2024-02-23T01:04:49.09644135Z,2024-02-22T07:37:20.953116972Z,1183.8357,docker_cpu_usage_pct,NFCORE_CHIPSEQ:CHIPSEQ:ALIGN_BWA_MEM:BWA_MEM (EZH2_IP_NTKO_REP2_T1) (43),NFCORE_CHIPSEQ:CHIPSEQ:ALIGN_BWA_MEM:BWA_MEM (EZH2_IP_NTKO_REP2_T1) (43),1478667,43
,,0,2024-01-24T01:04:49.09644135Z,2024-02-23T01:04:49.09644135Z,2024-02-22T07:37:22.95267567Z,1176.945,docker_cpu_usage_pct,NFCORE_CHIPSEQ:CHIPSEQ:ALIGN_BWA_MEM:BWA_MEM (EZH2_IP_NTKO_REP2_T1) (43),NFCORE_CHIPSEQ:CHIPSEQ:ALIGN_BWA_MEM:BWA_MEM (EZH2_IP_NTKO_REP2_T1) (43),1478667,43
,,0,2024-01-24T01:04:49.09644135Z,2024-02-23T01:04:49.09644135Z,2024-02-22T07:37:24.952356688Z,1185.9247,docker_cpu_usage_pct,NFCORE_CHIPSEQ:CHIPSEQ:ALIGN_BWA_MEM:BWA_MEM (EZH2_IP_NTKO_REP2_T1) (43),NFCORE_CHIPSEQ:CHIPSEQ:ALIGN_BWA_MEM:BWA_MEM (EZH2_IP_NTKO_REP2_T1) (43),1478667,43
,,0,2024-01-24T01:04:49.09644135Z,2024-02-23T01:04:49.09644135Z,2024-02-22T07:37:26.952944242Z,1178.5511,docker_cpu_usage_pct,NFCORE_CHIPSEQ:CHIPSEQ:ALIGN_BWA_MEM:BWA_MEM (EZH2_IP_NTKO_REP2_T1) (43),NFCORE_CHIPSEQ:CHIPSEQ:ALIGN_BWA_MEM:BWA_MEM (EZH2_IP_NTKO_REP2_T1) (43),1478667,43
,,0,2024-01-24T01:04:49.09644135Z,2024-02-23T01:04:49.09644135Z,2024-02-22T07:37:28.952515097Z,1442.4334,docker_cpu_usage_pct,NFCORE_CHIPSEQ:CHIPSEQ:ALIGN_BWA_MEM:BWA_MEM (EZH2_IP_NTKO_REP2_T1) (43),NFCORE_CHIPSEQ:CHIPSEQ:ALIGN_BWA_MEM:BWA_MEM (EZH2_IP_NTKO_REP2_T1) (43),1478667,43
,,0,2024-01-24T01:04:49.09644135Z,2024-02-23T01:04:49.09644135Z,2024-02-22T07:37:30.952868695Z,1476.5311,docker_cpu_usage_pct,NFCORE_CHIPSEQ:CHIPSEQ:ALIGN_BWA_MEM:BWA_MEM (EZH2_IP_NTKO_REP2_T1) (43),NFCORE_CHIPSEQ:CHIPSEQ:ALIGN_BWA_MEM:BWA_MEM (EZH2_IP_NTKO_REP2_T1) (43),1478667,43
,,0,2024-01-24T01:04:49.09644135Z,2024-02-23T01:04:49.09644135Z,2024-02-22T07:37:32.952461123Z,1291.9994,docker_cpu_usage_pct,NFCORE_CHIPSEQ:CHIPSEQ:ALIGN_BWA_MEM:BWA_MEM (EZH2_IP_NTKO_REP2_T1) (43),NFCORE_CHIPSEQ:CHIPSEQ:ALIGN_BWA_MEM:BWA_MEM (EZH2_IP_NTKO_REP2_T1) (43),1478667,43
,,0,2024-01-24T01:04:49.09644135Z,2024-02-23T01:04:49.09644135Z,2024-02-22T07:37:34.953006598Z,1244.5393,docker_cpu_usage_pct,NFCORE_CHIPSEQ:CHIPSEQ:ALIGN_BWA_MEM:BWA_MEM (EZH2_IP_NTKO_REP2_T1) (43),NFCORE_CHIPSEQ:CHIPSEQ:ALIGN_BWA_MEM:BWA_MEM (EZH2_IP_NTKO_REP2_T1) (43),1478667,43
,,0,2024-01-24T01:04:49.09644135Z,2024-02-23T01:04:49.09644135Z,2024-02-22T07:37:36.952595278Z,1180.5745,docker_cpu_usage_pct,NFCORE_CHIPSEQ:CHIPSEQ:ALIGN_BWA_MEM:BWA_MEM (EZH2_IP_NTKO_REP2_T1) (43),NFCORE_CHIPSEQ:CHIPSEQ:ALIGN_BWA_MEM:BWA_MEM (EZH2_IP_NTKO_REP2_T1) (43),1478667,43
,,0,2024-01-24T01:04:49.09644135Z,2024-02-23T01:04:49.09644135Z,2024-02-22T07:37:38.952390951Z,1182.4063,docker_cpu_usage_pct,NFCORE_CHIPSEQ:CHIPSEQ:ALIGN_BWA_MEM:BWA_MEM (EZH2_IP_NTKO_REP2_T1) (43),NFCORE_CHIPSEQ:CHIPSEQ:ALIGN_BWA_MEM:BWA_MEM (EZH2_IP_NTKO_REP2_T1) (43),1478667,43
,,0,2024-01-24T01:04:49.09644135Z,2024-02-23T01:04:49.09644135Z,2024-02-22T07:37:40.952795139Z,1184.9461,docker_cpu_usage_pct,NFCORE_CHIPSEQ:CHIPSEQ:ALIGN_BWA_MEM:BWA_MEM (EZH2_IP_NTKO_REP2_T1) (43),NFCORE_CHIPSEQ:CHIPSEQ:ALIGN_BWA_MEM:BWA_MEM (EZH2_IP_NTKO_REP2_T1) (43),1478667,43
,,0,2024-01-24T01:04:49.09644135Z,2024-02-23T01:04:49.09644135Z,2024-02-22T07:37:42.952383967Z,1184.9644,docker_cpu_usage_pct,NFCORE_CHIPSEQ:CHIPSEQ:ALIGN_BWA_MEM:BWA_MEM (EZH2_IP_NTKO_REP2_T1) (43),NFCORE_CHIPSEQ:CHIPSEQ:ALIGN_BWA_MEM:BWA_MEM (EZH2_IP_NTKO_REP2_T1) (43),1478667,43
,,0,2024-01-24T01:04:49.09644135Z,2024-02-23T01:04:49.09644135Z,2024-02-22T07:37:44.953154359Z,1191.1775,docker_cpu_usage_pct,NFCORE_CHIPSEQ:CHIPSEQ:ALIGN_BWA_MEM:BWA_MEM (EZH2_IP_NTKO_REP2_T1) (43),NFCORE_CHIPSEQ:CHIPSEQ:ALIGN_BWA_MEM:BWA_MEM (EZH2_IP_NTKO_REP2_T1) (43),1478667,43
,,0,2024-01-24T01:04:49.09644135Z,2024-02-23T01:04:49.09644135Z,2024-02-22T07:37:46.952708908Z,1182.768,docker_cpu_usage_pct,NFCORE_CHIPSEQ:CHIPSEQ:ALIGN_BWA_MEM:BWA_MEM (EZH2_IP_NTKO_REP2_T1) (43),NFCORE_CHIPSEQ:CHIPSEQ:ALIGN_BWA_MEM:BWA_MEM (EZH2_IP_NTKO_REP2_T1) (43),1478667,43
,,0,2024-01-24T01:04:49.09644135Z,2024-02-23T01:04:49.09644135Z,2024-02-22T07:37:48.952084906Z,1179.7761,docker_cpu_usage_pct,NFCORE_CHIPSEQ:CHIPSEQ:ALIGN_BWA_MEM:BWA_MEM (EZH2_IP_NTKO_REP2_T1) (43),NFCORE_CHIPSEQ:CHIPSEQ:ALIGN_BWA_MEM:BWA_MEM (EZH2_IP_NTKO_REP2_T1) (43),1478667,43
,,0,2024-01-24T01:04:49.09644135Z,2024-02-23T01:04:49.09644135Z,2024-02-22T07:37:50.952891678Z,1183.8657,docker_cpu_usage_pct,NFCORE_CHIPSEQ:CHIPSEQ:ALIGN_BWA_MEM:BWA_MEM (EZH2_IP_NTKO_REP2_T1) (43),NFCORE_CHIPSEQ:CHIPSEQ:ALIGN_BWA_MEM:BWA_MEM (EZH2_IP_NTKO_REP2_T1) (43),1478667,43
,,0,2024-01-24T01:04:49.09644135Z,2024-02-23T01:04:49.09644135Z,2024-02-22T07:37:52.952330421Z,1183.8593,docker_cpu_usage_pct,NFCORE_CHIPSEQ:CHIPSEQ:ALIGN_BWA_MEM:BWA_MEM (EZH2_IP_NTKO_REP2_T1) (43),NFCORE_CHIPSEQ:CHIPSEQ:ALIGN_BWA_MEM:BWA_MEM (EZH2_IP_NTKO_REP2_T1) (43),1478667,43
,,0,2024-01-24T01:04:49.09644135Z,2024-02-23T01:04:49.09644135Z,2024-02-22T07:37:54.952921378Z,1188.8693,docker_cpu_usage_pct,NFCORE_CHIPSEQ:CHIPSEQ:ALIGN_BWA_MEM:BWA_MEM (EZH2_IP_NTKO_REP2_T1) (43),NFCORE_CHIPSEQ:CHIPSEQ:ALIGN_BWA_MEM:BWA_MEM (EZH2_IP_NTKO_REP2_T1) (43),1478667,43
,,0,2024-01-24T01:04:49.09644135Z,2024-02-23T01:04:49.09644135Z,2024-02-22T07:37:56.952517498Z,1181.3159,docker_cpu_usage_pct,NFCORE_CHIPSEQ:CHIPSEQ:ALIGN_BWA_MEM:BWA_MEM (EZH2_IP_NTKO_REP2_T1) (43),NFCORE_CHIPSEQ:CHIPSEQ:ALIGN_BWA_MEM:BWA_MEM (EZH2_IP_NTKO_REP2_T1) (43),1478667,43
,,0,2024-01-24T01:04:49.09644135Z,2024-02-23T01:04:49.09644135Z,2024-02-22T07:37:58.952370662Z,1179.87,docker_cpu_usage_pct,NFCORE_CHIPSEQ:CHIPSEQ:ALIGN_BWA_MEM:BWA_MEM (EZH2_IP_NTKO_REP2_T1) (43),NFCORE_CHIPSEQ:CHIPSEQ:ALIGN_BWA_MEM:BWA_MEM (EZH2_IP_NTKO_REP2_T1) (43),1478667,43
,,0,2024-01-24T01:04:49.09644135Z,2024-02-23T01:04:49.09644135Z,2024-02-22T07:38:00.95273666Z,1181.69,docker_cpu_usage_pct,NFCORE_CHIPSEQ:CHIPSEQ:ALIGN_BWA_MEM:BWA_MEM (EZH2_IP_NTKO_REP2_T1) (43),NFCORE_CHIPSEQ:CHIPSEQ:ALIGN_BWA_MEM:BWA_MEM (EZH2_IP_NTKO_REP2_T1) (43),1478667,43
,,0,2024-01-24T01:04:49.09644135Z,2024-02-23T01:04:49.09644135Z,2024-02-22T07:38:02.952157043Z,1173.3306,docker_cpu_usage_pct,NFCORE_CHIPSEQ:CHIPSEQ:ALIGN_BWA_MEM:BWA_MEM (EZH2_IP_NTKO_REP2_T1) (43),NFCORE_CHIPSEQ:CHIPSEQ:ALIGN_BWA_MEM:BWA_MEM (EZH2_IP_NTKO_REP2_T1) (43),1478667,43
,,0,2024-01-24T01:04:49.09644135Z,2024-02-23T01:04:49.09644135Z,2024-02-22T07:38:04.952788661Z,1321.0065,docker_cpu_usage_pct,NFCORE_CHIPSEQ:CHIPSEQ:ALIGN_BWA_MEM:BWA_MEM (EZH2_IP_NTKO_REP2_T1) (43),NFCORE_CHIPSEQ:CHIPSEQ:ALIGN_BWA_MEM:BWA_MEM (EZH2_IP_NTKO_REP2_T1) (43),1478667,43
,,0,2024-01-24T01:04:49.09644135Z,2024-02-23T01:04:49.09644135Z,2024-02-22T07:38:06.952316599Z,1458.4999,docker_cpu_usage_pct,NFCORE_CHIPSEQ:CHIPSEQ:ALIGN_BWA_MEM:BWA_MEM (EZH2_IP_NTKO_REP2_T1) (43),NFCORE_CHIPSEQ:CHIPSEQ:ALIGN_BWA_MEM:BWA_MEM (EZH2_IP_NTKO_REP2_T1) (43),1478667,43
,,0,2024-01-24T01:04:49.09644135Z,2024-02-23T01:04:49.09644135Z,2024-02-22T07:38:08.953007422Z,1474.1075,docker_cpu_usage_pct,NFCORE_CHIPSEQ:CHIPSEQ:ALIGN_BWA_MEM:BWA_MEM (EZH2_IP_NTKO_REP2_T1) (43),NFCORE_CHIPSEQ:CHIPSEQ:ALIGN_BWA_MEM:BWA_MEM (EZH2_IP_NTKO_REP2_T1) (43),1478667,43
,,0,2024-01-24T01:04:49.09644135Z,2024-02-23T01:04:49.09644135Z,2024-02-22T07:38:10.952422409Z,1299.3091,docker_cpu_usage_pct,NFCORE_CHIPSEQ:CHIPSEQ:ALIGN_BWA_MEM:BWA_MEM (EZH2_IP_NTKO_REP2_T1) (43),NFCORE_CHIPSEQ:CHIPSEQ:ALIGN_BWA_MEM:BWA_MEM (EZH2_IP_NTKO_REP2_T1) (43),1478667,43
,,0,2024-01-24T01:04:49.09644135Z,2024-02-23T01:04:49.09644135Z,2024-02-22T07:38:12.952966159Z,1242.9528,docker_cpu_usage_pct,NFCORE_CHIPSEQ:CHIPSEQ:ALIGN_BWA_MEM:BWA_MEM (EZH2_IP_NTKO_REP2_T1) (43),NFCORE_CHIPSEQ:CHIPSEQ:ALIGN_BWA_MEM:BWA_MEM (EZH2_IP_NTKO_REP2_T1) (43),1478667,43
,,0,2024-01-24T01:04:49.09644135Z,2024-02-23T01:04:49.09644135Z,2024-02-22T07:38:14.952698399Z,1178.792,docker_cpu_usage_pct,NFCORE_CHIPSEQ:CHIPSEQ:ALIGN_BWA_MEM:BWA_MEM (EZH2_IP_NTKO_REP2_T1) (43),NFCORE_CHIPSEQ:CHIPSEQ:ALIGN_BWA_MEM:BWA_MEM (EZH2_IP_NTKO_REP2_T1) (43),1478667,43
,,0,2024-01-24T01:04:49.09644135Z,2024-02-23T01:04:49.09644135Z,2024-02-22T07:38:16.953044335Z,1184.9507,docker_cpu_usage_pct,NFCORE_CHIPSEQ:CHIPSEQ:ALIGN_BWA_MEM:BWA_MEM (EZH2_IP_NTKO_REP2_T1) (43),NFCORE_CHIPSEQ:CHIPSEQ:ALIGN_BWA_MEM:BWA_MEM (EZH2_IP_NTKO_REP2_T1) (43),1478667,43
,,0,2024-01-24T01:04:49.09644135Z,2024-02-23T01:04:49.09644135Z,2024-02-22T07:38:18.952645703Z,1187.1361,docker_cpu_usage_pct,NFCORE_CHIPSEQ:CHIPSEQ:ALIGN_BWA_MEM:BWA_MEM (EZH2_IP_NTKO_REP2_T1) (43),NFCORE_CHIPSEQ:CHIPSEQ:ALIGN_BWA_MEM:BWA_MEM (EZH2_IP_NTKO_REP2_T1) (43),1478667,43
,,0,2024-01-24T01:04:49.09644135Z,2024-02-23T01:04:49.09644135Z,2024-02-22T07:38:20.95232189Z,1194.87,docker_cpu_usage_pct,NFCORE_CHIPSEQ:CHIPSEQ:ALIGN_BWA_MEM:BWA_MEM (EZH2_IP_NTKO_REP2_T1) (43),NFCORE_CHIPSEQ:CHIPSEQ:ALIGN_BWA_MEM:BWA_MEM (EZH2_IP_NTKO_REP2_T1) (43),1478667,43
,,0,2024-01-24T01:04:49.09644135Z,2024-02-23T01:04:49.09644135Z,2024-02-22T07:38:22.953009686Z,1171.5771,docker_cpu_usage_pct,NFCORE_CHIPSEQ:CHIPSEQ:ALIGN_BWA_MEM:BWA_MEM (EZH2_IP_NTKO_REP2_T1) (43),NFCORE_CHIPSEQ:CHIPSEQ:ALIGN_BWA_MEM:BWA_MEM (EZH2_IP_NTKO_REP2_T1) (43),1478667,43
,,0,2024-01-24T01:04:49.09644135Z,2024-02-23T01:04:49.09644135Z,2024-02-22T07:38:24.952441847Z,1188.3297,docker_cpu_usage_pct,NFCORE_CHIPSEQ:CHIPSEQ:ALIGN_BWA_MEM:BWA_MEM (EZH2_IP_NTKO_REP2_T1) (43),NFCORE_CHIPSEQ:CHIPSEQ:ALIGN_BWA_MEM:BWA_MEM (EZH2_IP_NTKO_REP2_T1) (43),1478667,43
,,0,2024-01-24T01:04:49.09644135Z,2024-02-23T01:04:49.09644135Z,2024-02-22T07:38:26.952989791Z,1179.1309,docker_cpu_usage_pct,NFCORE_CHIPSEQ:CHIPSEQ:ALIGN_BWA_MEM:BWA_MEM (EZH2_IP_NTKO_REP2_T1) (43),NFCORE_CHIPSEQ:CHIPSEQ:ALIGN_BWA_MEM:BWA_MEM (EZH2_IP_NTKO_REP2_T1) (43),1478667,43
,,0,2024-01-24T01:04:49.09644135Z,2024-02-23T01:04:49.09644135Z,2024-02-22T07:38:28.952607851Z,1177.6822,docker_cpu_usage_pct,NFCORE_CHIPSEQ:CHIPSEQ:ALIGN_BWA_MEM:BWA_MEM (EZH2_IP_NTKO_REP2_T1) (43),NFCORE_CHIPSEQ:CHIPSEQ:ALIGN_BWA_MEM:BWA_MEM (EZH2_IP_NTKO_REP2_T1) (43),1478667,43
,,0,2024-01-24T01:04:49.09644135Z,2024-02-23T01:04:49.09644135Z,2024-02-22T07:38:30.952450674Z,1180.5969,docker_cpu_usage_pct,NFCORE_CHIPSEQ:CHIPSEQ:ALIGN_BWA_MEM:BWA_MEM (EZH2_IP_NTKO_REP2_T1) (43),NFCORE_CHIPSEQ:CHIPSEQ:ALIGN_BWA_MEM:BWA_MEM (EZH2_IP_NTKO_REP2_T1) (43),1478667,43
,,0,2024-01-24T01:04:49.09644135Z,2024-02-23T01:04:49.09644135Z,2024-02-22T07:38:32.952807961Z,1183.8756,docker_cpu_usage_pct,NFCORE_CHIPSEQ:CHIPSEQ:ALIGN_BWA_MEM:BWA_MEM (EZH2_IP_NTKO_REP2_T1) (43),NFCORE_CHIPSEQ:CHIPSEQ:ALIGN_BWA_MEM:BWA_MEM (EZH2_IP_NTKO_REP2_T1) (43),1478667,43
,,0,2024-01-24T01:04:49.09644135Z,2024-02-23T01:04:49.09644135Z,2024-02-22T07:38:34.952359328Z,1183.5117,docker_cpu_usage_pct,NFCORE_CHIPSEQ:CHIPSEQ:ALIGN_BWA_MEM:BWA_MEM (EZH2_IP_NTKO_REP2_T1) (43),NFCORE_CHIPSEQ:CHIPSEQ:ALIGN_BWA_MEM:BWA_MEM (EZH2_IP_NTKO_REP2_T1) (43),1478667,43
,,0,2024-01-24T01:04:49.09644135Z,2024-02-23T01:04:49.09644135Z,2024-02-22T07:38:36.952849021Z,1191.9654,docker_cpu_usage_pct,NFCORE_CHIPSEQ:CHIPSEQ:ALIGN_BWA_MEM:BWA_MEM (EZH2_IP_NTKO_REP2_T1) (43),NFCORE_CHIPSEQ:CHIPSEQ:ALIGN_BWA_MEM:BWA_MEM (EZH2_IP_NTKO_REP2_T1) (43),1478667,43
,,0,2024-01-24T01:04:49.09644135Z,2024-02-23T01:04:49.09644135Z,2024-02-22T07:38:38.952647489Z,1199.0228,docker_cpu_usage_pct,NFCORE_CHIPSEQ:CHIPSEQ:ALIGN_BWA_MEM:BWA_MEM (EZH2_IP_NTKO_REP2_T1) (43),NFCORE_CHIPSEQ:CHIPSEQ:ALIGN_BWA_MEM:BWA_MEM (EZH2_IP_NTKO_REP2_T1) (43),1478667,43
,,0,2024-01-24T01:04:49.09644135Z,2024-02-23T01:04:49.09644135Z,2024-02-22T07:38:40.95296641Z,1150.7902,docker_cpu_usage_pct,NFCORE_CHIPSEQ:CHIPSEQ:ALIGN_BWA_MEM:BWA_MEM (EZH2_IP_NTKO_REP2_T1) (43),NFCORE_CHIPSEQ:CHIPSEQ:ALIGN_BWA_MEM:BWA_MEM (EZH2_IP_NTKO_REP2_T1) (43),1478667,43
,,0,2024-01-24T01:04:49.09644135Z,2024-02-23T01:04:49.09644135Z,2024-02-22T07:38:42.952387528Z,1434.1193,docker_cpu_usage_pct,NFCORE_CHIPSEQ:CHIPSEQ:ALIGN_BWA_MEM:BWA_MEM (EZH2_IP_NTKO_REP2_T1) (43),NFCORE_CHIPSEQ:CHIPSEQ:ALIGN_BWA_MEM:BWA_MEM (EZH2_IP_NTKO_REP2_T1) (43),1478667,43
,,0,2024-01-24T01:04:49.09644135Z,2024-02-23T01:04:49.09644135Z,2024-02-22T07:38:44.952881637Z,1451.9192,docker_cpu_usage_pct,NFCORE_CHIPSEQ:CHIPSEQ:ALIGN_BWA_MEM:BWA_MEM (EZH2_IP_NTKO_REP2_T1) (43),NFCORE_CHIPSEQ:CHIPSEQ:ALIGN_BWA_MEM:BWA_MEM (EZH2_IP_NTKO_REP2_T1) (43),1478667,43
,,0,2024-01-24T01:04:49.09644135Z,2024-02-23T01:04:49.09644135Z,2024-02-22T07:38:46.952460613Z,1512.1081,docker_cpu_usage_pct,NFCORE_CHIPSEQ:CHIPSEQ:ALIGN_BWA_MEM:BWA_MEM (EZH2_IP_NTKO_REP2_T1) (43),NFCORE_CHIPSEQ:CHIPSEQ:ALIGN_BWA_MEM:BWA_MEM (EZH2_IP_NTKO_REP2_T1) (43),1478667,43
,,0,2024-01-24T01:04:49.09644135Z,2024-02-23T01:04:49.09644135Z,2024-02-22T07:38:48.953029359Z,1277.7522,docker_cpu_usage_pct,NFCORE_CHIPSEQ:CHIPSEQ:ALIGN_BWA_MEM:BWA_MEM (EZH2_IP_NTKO_REP2_T1) (43),NFCORE_CHIPSEQ:CHIPSEQ:ALIGN_BWA_MEM:BWA_MEM (EZH2_IP_NTKO_REP2_T1) (43),1478667,43
,,0,2024-01-24T01:04:49.09644135Z,2024-02-23T01:04:49.09644135Z,2024-02-22T07:38:50.952722011Z,1203.7948,docker_cpu_usage_pct,NFCORE_CHIPSEQ:CHIPSEQ:ALIGN_BWA_MEM:BWA_MEM (EZH2_IP_NTKO_REP2_T1) (43),NFCORE_CHIPSEQ:CHIPSEQ:ALIGN_BWA_MEM:BWA_MEM (EZH2_IP_NTKO_REP2_T1) (43),1478667,43
,,0,2024-01-24T01:04:49.09644135Z,2024-02-23T01:04:49.09644135Z,2024-02-22T07:38:52.952004617Z,1180.2255,docker_cpu_usage_pct,NFCORE_CHIPSEQ:CHIPSEQ:ALIGN_BWA_MEM:BWA_MEM (EZH2_IP_NTKO_REP2_T1) (43),NFCORE_CHIPSEQ:CHIPSEQ:ALIGN_BWA_MEM:BWA_MEM (EZH2_IP_NTKO_REP2_T1) (43),1478667,43
,,0,2024-01-24T01:04:49.09644135Z,2024-02-23T01:04:49.09644135Z,2024-02-22T07:38:54.952762207Z,1192.0354,docker_cpu_usage_pct,NFCORE_CHIPSEQ:CHIPSEQ:ALIGN_BWA_MEM:BWA_MEM (EZH2_IP_NTKO_REP2_T1) (43),NFCORE_CHIPSEQ:CHIPSEQ:ALIGN_BWA_MEM:BWA_MEM (EZH2_IP_NTKO_REP2_T1) (43),1478667,43
,,0,2024-01-24T01:04:49.09644135Z,2024-02-23T01:04:49.09644135Z,2024-02-22T07:38:56.952393747Z,1179.4956,docker_cpu_usage_pct,NFCORE_CHIPSEQ:CHIPSEQ:ALIGN_BWA_MEM:BWA_MEM (EZH2_IP_NTKO_REP2_T1) (43),NFCORE_CHIPSEQ:CHIPSEQ:ALIGN_BWA_MEM:BWA_MEM (EZH2_IP_NTKO_REP2_T1) (43),1478667,43
,,0,2024-01-24T01:04:49.09644135Z,2024-02-23T01:04:49.09644135Z,2024-02-22T07:38:58.952853251Z,1180.9407,docker_cpu_usage_pct,NFCORE_CHIPSEQ:CHIPSEQ:ALIGN_BWA_MEM:BWA_MEM (EZH2_IP_NTKO_REP2_T1) (43),NFCORE_CHIPSEQ:CHIPSEQ:ALIGN_BWA_MEM:BWA_MEM (EZH2_IP_NTKO_REP2_T1) (43),1478667,43
,,0,2024-01-24T01:04:49.09644135Z,2024-02-23T01:04:49.09644135Z,2024-02-22T07:39:00.952593377Z,1178.4105,docker_cpu_usage_pct,NFCORE_CHIPSEQ:CHIPSEQ:ALIGN_BWA_MEM:BWA_MEM (EZH2_IP_NTKO_REP2_T1) (43),NFCORE_CHIPSEQ:CHIPSEQ:ALIGN_BWA_MEM:BWA_MEM (EZH2_IP_NTKO_REP2_T1) (43),1478667,43
,,0,2024-01-24T01:04:49.09644135Z,2024-02-23T01:04:49.09644135Z,2024-02-22T07:39:02.953145787Z,1182.3807,docker_cpu_usage_pct,NFCORE_CHIPSEQ:CHIPSEQ:ALIGN_BWA_MEM:BWA_MEM (EZH2_IP_NTKO_REP2_T1) (43),NFCORE_CHIPSEQ:CHIPSEQ:ALIGN_BWA_MEM:BWA_MEM (EZH2_IP_NTKO_REP2_T1) (43),1478667,43
,,0,2024-01-24T01:04:49.09644135Z,2024-02-23T01:04:49.09644135Z,2024-02-22T07:39:04.952654409Z,1182.7608,docker_cpu_usage_pct,NFCORE_CHIPSEQ:CHIPSEQ:ALIGN_BWA_MEM:BWA_MEM (EZH2_IP_NTKO_REP2_T1) (43),NFCORE_CHIPSEQ:CHIPSEQ:ALIGN_BWA_MEM:BWA_MEM (EZH2_IP_NTKO_REP2_T1) (43),1478667,43
,,0,2024-01-24T01:04:49.09644135Z,2024-02-23T01:04:49.09644135Z,2024-02-22T07:39:06.951977452Z,1179.1485,docker_cpu_usage_pct,NFCORE_CHIPSEQ:CHIPSEQ:ALIGN_BWA_MEM:BWA_MEM (EZH2_IP_NTKO_REP2_T1) (43),NFCORE_CHIPSEQ:CHIPSEQ:ALIGN_BWA_MEM:BWA_MEM (EZH2_IP_NTKO_REP2_T1) (43),1478667,43
,,0,2024-01-24T01:04:49.09644135Z,2024-02-23T01:04:49.09644135Z,2024-02-22T07:39:08.952604924Z,1186.7782,docker_cpu_usage_pct,NFCORE_CHIPSEQ:CHIPSEQ:ALIGN_BWA_MEM:BWA_MEM (EZH2_IP_NTKO_REP2_T1) (43),NFCORE_CHIPSEQ:CHIPSEQ:ALIGN_BWA_MEM:BWA_MEM (EZH2_IP_NTKO_REP2_T1) (43),1478667,43
,,0,2024-01-24T01:04:49.09644135Z,2024-02-23T01:04:49.09644135Z,2024-02-22T07:39:10.952258721Z,1183.4975,docker_cpu_usage_pct,NFCORE_CHIPSEQ:CHIPSEQ:ALIGN_BWA_MEM:BWA_MEM (EZH2_IP_NTKO_REP2_T1) (43),NFCORE_CHIPSEQ:CHIPSEQ:ALIGN_BWA_MEM:BWA_MEM (EZH2_IP_NTKO_REP2_T1) (43),1478667,43
,,0,2024-01-24T01:04:49.09644135Z,2024-02-23T01:04:49.09644135Z,2024-02-22T07:39:12.952906366Z,1176.6119,docker_cpu_usage_pct,NFCORE_CHIPSEQ:CHIPSEQ:ALIGN_BWA_MEM:BWA_MEM (EZH2_IP_NTKO_REP2_T1) (43),NFCORE_CHIPSEQ:CHIPSEQ:ALIGN_BWA_MEM:BWA_MEM (EZH2_IP_NTKO_REP2_T1) (43),1478667,43
,,0,2024-01-24T01:04:49.09644135Z,2024-02-23T01:04:49.09644135Z,2024-02-22T07:39:14.952442303Z,1179.1356,docker_cpu_usage_pct,NFCORE_CHIPSEQ:CHIPSEQ:ALIGN_BWA_MEM:BWA_MEM (EZH2_IP_NTKO_REP2_T1) (43),NFCORE_CHIPSEQ:CHIPSEQ:ALIGN_BWA_MEM:BWA_MEM (EZH2_IP_NTKO_REP2_T1) (43),1478667,43
,,0,2024-01-24T01:04:49.09644135Z,2024-02-23T01:04:49.09644135Z,2024-02-22T07:39:16.952895675Z,1175.8828,docker_cpu_usage_pct,NFCORE_CHIPSEQ:CHIPSEQ:ALIGN_BWA_MEM:BWA_MEM (EZH2_IP_NTKO_REP2_T1) (43),NFCORE_CHIPSEQ:CHIPSEQ:ALIGN_BWA_MEM:BWA_MEM (EZH2_IP_NTKO_REP2_T1) (43),1478667,43
,,0,2024-01-24T01:04:49.09644135Z,2024-02-23T01:04:49.09644135Z,2024-02-22T07:39:18.952272089Z,1113.2727,docker_cpu_usage_pct,NFCORE_CHIPSEQ:CHIPSEQ:ALIGN_BWA_MEM:BWA_MEM (EZH2_IP_NTKO_REP2_T1) (43),NFCORE_CHIPSEQ:CHIPSEQ:ALIGN_BWA_MEM:BWA_MEM (EZH2_IP_NTKO_REP2_T1) (43),1478667,43
,,0,2024-01-24T01:04:49.09644135Z,2024-02-23T01:04:49.09644135Z,2024-02-22T07:39:20.952814558Z,1435.5044,docker_cpu_usage_pct,NFCORE_CHIPSEQ:CHIPSEQ:ALIGN_BWA_MEM:BWA_MEM (EZH2_IP_NTKO_REP2_T1) (43),NFCORE_CHIPSEQ:CHIPSEQ:ALIGN_BWA_MEM:BWA_MEM (EZH2_IP_NTKO_REP2_T1) (43),1478667,43
,,0,2024-01-24T01:04:49.09644135Z,2024-02-23T01:04:49.09644135Z,2024-02-22T07:39:22.952349901Z,1468.5415,docker_cpu_usage_pct,NFCORE_CHIPSEQ:CHIPSEQ:ALIGN_BWA_MEM:BWA_MEM (EZH2_IP_NTKO_REP2_T1) (43),NFCORE_CHIPSEQ:CHIPSEQ:ALIGN_BWA_MEM:BWA_MEM (EZH2_IP_NTKO_REP2_T1) (43),1478667,43
,,0,2024-01-24T01:04:49.09644135Z,2024-02-23T01:04:49.09644135Z,2024-02-22T07:39:24.952928994Z,1462.823,docker_cpu_usage_pct,NFCORE_CHIPSEQ:CHIPSEQ:ALIGN_BWA_MEM:BWA_MEM (EZH2_IP_NTKO_REP2_T1) (43),NFCORE_CHIPSEQ:CHIPSEQ:ALIGN_BWA_MEM:BWA_MEM (EZH2_IP_NTKO_REP2_T1) (43),1478667,43
,,0,2024-01-24T01:04:49.09644135Z,2024-02-23T01:04:49.09644135Z,2024-02-22T07:39:26.952615335Z,1275.024,docker_cpu_usage_pct,NFCORE_CHIPSEQ:CHIPSEQ:ALIGN_BWA_MEM:BWA_MEM (EZH2_IP_NTKO_REP2_T1) (43),NFCORE_CHIPSEQ:CHIPSEQ:ALIGN_BWA_MEM:BWA_MEM (EZH2_IP_NTKO_REP2_T1) (43),1478667,43
,,0,2024-01-24T01:04:49.09644135Z,2024-02-23T01:04:49.09644135Z,2024-02-22T07:39:28.953173521Z,1179.8301,docker_cpu_usage_pct,NFCORE_CHIPSEQ:CHIPSEQ:ALIGN_BWA_MEM:BWA_MEM (EZH2_IP_NTKO_REP2_T1) (43),NFCORE_CHIPSEQ:CHIPSEQ:ALIGN_BWA_MEM:BWA_MEM (EZH2_IP_NTKO_REP2_T1) (43),1478667,43
,,0,2024-01-24T01:04:49.09644135Z,2024-02-23T01:04:49.09644135Z,2024-02-22T07:39:30.952629638Z,1183.8254,docker_cpu_usage_pct,NFCORE_CHIPSEQ:CHIPSEQ:ALIGN_BWA_MEM:BWA_MEM (EZH2_IP_NTKO_REP2_T1) (43),NFCORE_CHIPSEQ:CHIPSEQ:ALIGN_BWA_MEM:BWA_MEM (EZH2_IP_NTKO_REP2_T1) (43),1478667,43
,,0,2024-01-24T01:04:49.09644135Z,2024-02-23T01:04:49.09644135Z,2024-02-22T07:39:32.95234601Z,1177.6893,docker_cpu_usage_pct,NFCORE_CHIPSEQ:CHIPSEQ:ALIGN_BWA_MEM:BWA_MEM (EZH2_IP_NTKO_REP2_T1) (43),NFCORE_CHIPSEQ:CHIPSEQ:ALIGN_BWA_MEM:BWA_MEM (EZH2_IP_NTKO_REP2_T1) (43),1478667,43
,,0,2024-01-24T01:04:49.09644135Z,2024-02-23T01:04:49.09644135Z,2024-02-22T07:39:34.952607297Z,1201.5674,docker_cpu_usage_pct,NFCORE_CHIPSEQ:CHIPSEQ:ALIGN_BWA_MEM:BWA_MEM (EZH2_IP_NTKO_REP2_T1) (43),NFCORE_CHIPSEQ:CHIPSEQ:ALIGN_BWA_MEM:BWA_MEM (EZH2_IP_NTKO_REP2_T1) (43),1478667,43
,,0,2024-01-24T01:04:49.09644135Z,2024-02-23T01:04:49.09644135Z,2024-02-22T07:39:36.952284771Z,1174.4062,docker_cpu_usage_pct,NFCORE_CHIPSEQ:CHIPSEQ:ALIGN_BWA_MEM:BWA_MEM (EZH2_IP_NTKO_REP2_T1) (43),NFCORE_CHIPSEQ:CHIPSEQ:ALIGN_BWA_MEM:BWA_MEM (EZH2_IP_NTKO_REP2_T1) (43),1478667,43
,,0,2024-01-24T01:04:49.09644135Z,2024-02-23T01:04:49.09644135Z,2024-02-22T07:39:38.952882113Z,1182.023,docker_cpu_usage_pct,NFCORE_CHIPSEQ:CHIPSEQ:ALIGN_BWA_MEM:BWA_MEM (EZH2_IP_NTKO_REP2_T1) (43),NFCORE_CHIPSEQ:CHIPSEQ:ALIGN_BWA_MEM:BWA_MEM (EZH2_IP_NTKO_REP2_T1) (43),1478667,43
,,0,2024-01-24T01:04:49.09644135Z,2024-02-23T01:04:49.09644135Z,2024-02-22T07:39:40.952663444Z,1192.2577,docker_cpu_usage_pct,NFCORE_CHIPSEQ:CHIPSEQ:ALIGN_BWA_MEM:BWA_MEM (EZH2_IP_NTKO_REP2_T1) (43),NFCORE_CHIPSEQ:CHIPSEQ:ALIGN_BWA_MEM:BWA_MEM (EZH2_IP_NTKO_REP2_T1) (43),1478667,43
,,0,2024-01-24T01:04:49.09644135Z,2024-02-23T01:04:49.09644135Z,2024-02-22T07:39:42.95299214Z,1193.0154,docker_cpu_usage_pct,NFCORE_CHIPSEQ:CHIPSEQ:ALIGN_BWA_MEM:BWA_MEM (EZH2_IP_NTKO_REP2_T1) (43),NFCORE_CHIPSEQ:CHIPSEQ:ALIGN_BWA_MEM:BWA_MEM (EZH2_IP_NTKO_REP2_T1) (43),1478667,43
,,0,2024-01-24T01:04:49.09644135Z,2024-02-23T01:04:49.09644135Z,2024-02-22T07:39:44.952660681Z,1186.769,docker_cpu_usage_pct,NFCORE_CHIPSEQ:CHIPSEQ:ALIGN_BWA_MEM:BWA_MEM (EZH2_IP_NTKO_REP2_T1) (43),NFCORE_CHIPSEQ:CHIPSEQ:ALIGN_BWA_MEM:BWA_MEM (EZH2_IP_NTKO_REP2_T1) (43),1478667,43
,,0,2024-01-24T01:04:49.09644135Z,2024-02-23T01:04:49.09644135Z,2024-02-22T07:39:46.952336249Z,1183.8395,docker_cpu_usage_pct,NFCORE_CHIPSEQ:CHIPSEQ:ALIGN_BWA_MEM:BWA_MEM (EZH2_IP_NTKO_REP2_T1) (43),NFCORE_CHIPSEQ:CHIPSEQ:ALIGN_BWA_MEM:BWA_MEM (EZH2_IP_NTKO_REP2_T1) (43),1478667,43
,,0,2024-01-24T01:04:49.09644135Z,2024-02-23T01:04:49.09644135Z,2024-02-22T07:39:48.952947155Z,1188.2287,docker_cpu_usage_pct,NFCORE_CHIPSEQ:CHIPSEQ:ALIGN_BWA_MEM:BWA_MEM (EZH2_IP_NTKO_REP2_T1) (43),NFCORE_CHIPSEQ:CHIPSEQ:ALIGN_BWA_MEM:BWA_MEM (EZH2_IP_NTKO_REP2_T1) (43),1478667,43
,,0,2024-01-24T01:04:49.09644135Z,2024-02-23T01:04:49.09644135Z,2024-02-22T07:39:50.952741541Z,1188.6258,docker_cpu_usage_pct,NFCORE_CHIPSEQ:CHIPSEQ:ALIGN_BWA_MEM:BWA_MEM (EZH2_IP_NTKO_REP2_T1) (43),NFCORE_CHIPSEQ:CHIPSEQ:ALIGN_BWA_MEM:BWA_MEM (EZH2_IP_NTKO_REP2_T1) (43),1478667,43
,,0,2024-01-24T01:04:49.09644135Z,2024-02-23T01:04:49.09644135Z,2024-02-22T07:39:52.953139594Z,1180.9278,docker_cpu_usage_pct,NFCORE_CHIPSEQ:CHIPSEQ:ALIGN_BWA_MEM:BWA_MEM (EZH2_IP_NTKO_REP2_T1) (43),NFCORE_CHIPSEQ:CHIPSEQ:ALIGN_BWA_MEM:BWA_MEM (EZH2_IP_NTKO_REP2_T1) (43),1478667,43
,,0,2024-01-24T01:04:49.09644135Z,2024-02-23T01:04:49.09644135Z,2024-02-22T07:39:54.952655014Z,1190.6622,docker_cpu_usage_pct,NFCORE_CHIPSEQ:CHIPSEQ:ALIGN_BWA_MEM:BWA_MEM (EZH2_IP_NTKO_REP2_T1) (43),NFCORE_CHIPSEQ:CHIPSEQ:ALIGN_BWA_MEM:BWA_MEM (EZH2_IP_NTKO_REP2_T1) (43),1478667,43
,,0,2024-01-24T01:04:49.09644135Z,2024-02-23T01:04:49.09644135Z,2024-02-22T07:39:56.952049478Z,1092.991,docker_cpu_usage_pct,NFCORE_CHIPSEQ:CHIPSEQ:ALIGN_BWA_MEM:BWA_MEM (EZH2_IP_NTKO_REP2_T1) (43),NFCORE_CHIPSEQ:CHIPSEQ:ALIGN_BWA_MEM:BWA_MEM (EZH2_IP_NTKO_REP2_T1) (43),1478667,43
,,0,2024-01-24T01:04:49.09644135Z,2024-02-23T01:04:49.09644135Z,2024-02-22T07:39:58.952870555Z,1442.3805,docker_cpu_usage_pct,NFCORE_CHIPSEQ:CHIPSEQ:ALIGN_BWA_MEM:BWA_MEM (EZH2_IP_NTKO_REP2_T1) (43),NFCORE_CHIPSEQ:CHIPSEQ:ALIGN_BWA_MEM:BWA_MEM (EZH2_IP_NTKO_REP2_T1) (43),1478667,43
,,0,2024-01-24T01:04:49.09644135Z,2024-02-23T01:04:49.09644135Z,2024-02-22T07:40:00.952168419Z,1463.6547,docker_cpu_usage_pct,NFCORE_CHIPSEQ:CHIPSEQ:ALIGN_BWA_MEM:BWA_MEM (EZH2_IP_NTKO_REP2_T1) (43),NFCORE_CHIPSEQ:CHIPSEQ:ALIGN_BWA_MEM:BWA_MEM (EZH2_IP_NTKO_REP2_T1) (43),1478667,43
,,0,2024-01-24T01:04:49.09644135Z,2024-02-23T01:04:49.09644135Z,2024-02-22T07:40:02.95269904Z,1432.5757,docker_cpu_usage_pct,NFCORE_CHIPSEQ:CHIPSEQ:ALIGN_BWA_MEM:BWA_MEM (EZH2_IP_NTKO_REP2_T1) (43),NFCORE_CHIPSEQ:CHIPSEQ:ALIGN_BWA_MEM:BWA_MEM (EZH2_IP_NTKO_REP2_T1) (43),1478667,43
,,0,2024-01-24T01:04:49.09644135Z,2024-02-23T01:04:49.09644135Z,2024-02-22T07:40:04.952214035Z,1299.317,docker_cpu_usage_pct,NFCORE_CHIPSEQ:CHIPSEQ:ALIGN_BWA_MEM:BWA_MEM (EZH2_IP_NTKO_REP2_T1) (43),NFCORE_CHIPSEQ:CHIPSEQ:ALIGN_BWA_MEM:BWA_MEM (EZH2_IP_NTKO_REP2_T1) (43),1478667,43
,,0,2024-01-24T01:04:49.09644135Z,2024-02-23T01:04:49.09644135Z,2024-02-22T07:40:06.953012249Z,1181.3034,docker_cpu_usage_pct,NFCORE_CHIPSEQ:CHIPSEQ:ALIGN_BWA_MEM:BWA_MEM (EZH2_IP_NTKO_REP2_T1) (43),NFCORE_CHIPSEQ:CHIPSEQ:ALIGN_BWA_MEM:BWA_MEM (EZH2_IP_NTKO_REP2_T1) (43),1478667,43
,,0,2024-01-24T01:04:49.09644135Z,2024-02-23T01:04:49.09644135Z,2024-02-22T07:40:08.952491017Z,1181.6725,docker_cpu_usage_pct,NFCORE_CHIPSEQ:CHIPSEQ:ALIGN_BWA_MEM:BWA_MEM (EZH2_IP_NTKO_REP2_T1) (43),NFCORE_CHIPSEQ:CHIPSEQ:ALIGN_BWA_MEM:BWA_MEM (EZH2_IP_NTKO_REP2_T1) (43),1478667,43
,,0,2024-01-24T01:04:49.09644135Z,2024-02-23T01:04:49.09644135Z,2024-02-22T07:40:10.953236013Z,1180.9502,docker_cpu_usage_pct,NFCORE_CHIPSEQ:CHIPSEQ:ALIGN_BWA_MEM:BWA_MEM (EZH2_IP_NTKO_REP2_T1) (43),NFCORE_CHIPSEQ:CHIPSEQ:ALIGN_BWA_MEM:BWA_MEM (EZH2_IP_NTKO_REP2_T1) (43),1478667,43
,,0,2024-01-24T01:04:49.09644135Z,2024-02-23T01:04:49.09644135Z,2024-02-22T07:40:12.952652353Z,1184.947,docker_cpu_usage_pct,NFCORE_CHIPSEQ:CHIPSEQ:ALIGN_BWA_MEM:BWA_MEM (EZH2_IP_NTKO_REP2_T1) (43),NFCORE_CHIPSEQ:CHIPSEQ:ALIGN_BWA_MEM:BWA_MEM (EZH2_IP_NTKO_REP2_T1) (43),1478667,43
,,0,2024-01-24T01:04:49.09644135Z,2024-02-23T01:04:49.09644135Z,2024-02-22T07:40:14.952391119Z,1183.4878,docker_cpu_usage_pct,NFCORE_CHIPSEQ:CHIPSEQ:ALIGN_BWA_MEM:BWA_MEM (EZH2_IP_NTKO_REP2_T1) (43),NFCORE_CHIPSEQ:CHIPSEQ:ALIGN_BWA_MEM:BWA_MEM (EZH2_IP_NTKO_REP2_T1) (43),1478667,43
,,0,2024-01-24T01:04:49.09644135Z,2024-02-23T01:04:49.09644135Z,2024-02-22T07:40:16.952974641Z,1183.5196,docker_cpu_usage_pct,NFCORE_CHIPSEQ:CHIPSEQ:ALIGN_BWA_MEM:BWA_MEM (EZH2_IP_NTKO_REP2_T1) (43),NFCORE_CHIPSEQ:CHIPSEQ:ALIGN_BWA_MEM:BWA_MEM (EZH2_IP_NTKO_REP2_T1) (43),1478667,43
,,0,2024-01-24T01:04:49.09644135Z,2024-02-23T01:04:49.09644135Z,2024-02-22T07:40:18.95233317Z,1187.1455,docker_cpu_usage_pct,NFCORE_CHIPSEQ:CHIPSEQ:ALIGN_BWA_MEM:BWA_MEM (EZH2_IP_NTKO_REP2_T1) (43),NFCORE_CHIPSEQ:CHIPSEQ:ALIGN_BWA_MEM:BWA_MEM (EZH2_IP_NTKO_REP2_T1) (43),1478667,43
,,0,2024-01-24T01:04:49.09644135Z,2024-02-23T01:04:49.09644135Z,2024-02-22T07:40:20.952898625Z,1175.1819,docker_cpu_usage_pct,NFCORE_CHIPSEQ:CHIPSEQ:ALIGN_BWA_MEM:BWA_MEM (EZH2_IP_NTKO_REP2_T1) (43),NFCORE_CHIPSEQ:CHIPSEQ:ALIGN_BWA_MEM:BWA_MEM (EZH2_IP_NTKO_REP2_T1) (43),1478667,43
,,0,2024-01-24T01:04:49.09644135Z,2024-02-23T01:04:49.09644135Z,2024-02-22T07:40:22.95262726Z,1199.3,docker_cpu_usage_pct,NFCORE_CHIPSEQ:CHIPSEQ:ALIGN_BWA_MEM:BWA_MEM (EZH2_IP_NTKO_REP2_T1) (43),NFCORE_CHIPSEQ:CHIPSEQ:ALIGN_BWA_MEM:BWA_MEM (EZH2_IP_NTKO_REP2_T1) (43),1478667,43
,,0,2024-01-24T01:04:49.09644135Z,2024-02-23T01:04:49.09644135Z,2024-02-22T07:40:24.953020504Z,1186.1642,docker_cpu_usage_pct,NFCORE_CHIPSEQ:CHIPSEQ:ALIGN_BWA_MEM:BWA_MEM (EZH2_IP_NTKO_REP2_T1) (43),NFCORE_CHIPSEQ:CHIPSEQ:ALIGN_BWA_MEM:BWA_MEM (EZH2_IP_NTKO_REP2_T1) (43),1478667,43
,,0,2024-01-24T01:04:49.09644135Z,2024-02-23T01:04:49.09644135Z,2024-02-22T07:40:26.952568057Z,1178.7865,docker_cpu_usage_pct,NFCORE_CHIPSEQ:CHIPSEQ:ALIGN_BWA_MEM:BWA_MEM (EZH2_IP_NTKO_REP2_T1) (43),NFCORE_CHIPSEQ:CHIPSEQ:ALIGN_BWA_MEM:BWA_MEM (EZH2_IP_NTKO_REP2_T1) (43),1478667,43
,,0,2024-01-24T01:04:49.09644135Z,2024-02-23T01:04:49.09644135Z,2024-02-22T07:40:28.952137168Z,1187.1701,docker_cpu_usage_pct,NFCORE_CHIPSEQ:CHIPSEQ:ALIGN_BWA_MEM:BWA_MEM (EZH2_IP_NTKO_REP2_T1) (43),NFCORE_CHIPSEQ:CHIPSEQ:ALIGN_BWA_MEM:BWA_MEM (EZH2_IP_NTKO_REP2_T1) (43),1478667,43
,,0,2024-01-24T01:04:49.09644135Z,2024-02-23T01:04:49.09644135Z,2024-02-22T07:40:30.952677978Z,1184.6115,docker_cpu_usage_pct,NFCORE_CHIPSEQ:CHIPSEQ:ALIGN_BWA_MEM:BWA_MEM (EZH2_IP_NTKO_REP2_T1) (43),NFCORE_CHIPSEQ:CHIPSEQ:ALIGN_BWA_MEM:BWA_MEM (EZH2_IP_NTKO_REP2_T1) (43),1478667,43
,,0,2024-01-24T01:04:49.09644135Z,2024-02-23T01:04:49.09644135Z,2024-02-22T07:40:32.952382628Z,1182.4101,docker_cpu_usage_pct,NFCORE_CHIPSEQ:CHIPSEQ:ALIGN_BWA_MEM:BWA_MEM (EZH2_IP_NTKO_REP2_T1) (43),NFCORE_CHIPSEQ:CHIPSEQ:ALIGN_BWA_MEM:BWA_MEM (EZH2_IP_NTKO_REP2_T1) (43),1478667,43
,,0,2024-01-24T01:04:49.09644135Z,2024-02-23T01:04:49.09644135Z,2024-02-22T07:40:34.952759006Z,1054.9761,docker_cpu_usage_pct,NFCORE_CHIPSEQ:CHIPSEQ:ALIGN_BWA_MEM:BWA_MEM (EZH2_IP_NTKO_REP2_T1) (43),NFCORE_CHIPSEQ:CHIPSEQ:ALIGN_BWA_MEM:BWA_MEM (EZH2_IP_NTKO_REP2_T1) (43),1478667,43
,,0,2024-01-24T01:04:49.09644135Z,2024-02-23T01:04:49.09644135Z,2024-02-22T07:40:36.9521386Z,1428.92,docker_cpu_usage_pct,NFCORE_CHIPSEQ:CHIPSEQ:ALIGN_BWA_MEM:BWA_MEM (EZH2_IP_NTKO_REP2_T1) (43),NFCORE_CHIPSEQ:CHIPSEQ:ALIGN_BWA_MEM:BWA_MEM (EZH2_IP_NTKO_REP2_T1) (43),1478667,43
,,0,2024-01-24T01:04:49.09644135Z,2024-02-23T01:04:49.09644135Z,2024-02-22T07:40:38.952793161Z,1456.969,docker_cpu_usage_pct,NFCORE_CHIPSEQ:CHIPSEQ:ALIGN_BWA_MEM:BWA_MEM (EZH2_IP_NTKO_REP2_T1) (43),NFCORE_CHIPSEQ:CHIPSEQ:ALIGN_BWA_MEM:BWA_MEM (EZH2_IP_NTKO_REP2_T1) (43),1478667,43
,,0,2024-01-24T01:04:49.09644135Z,2024-02-23T01:04:49.09644135Z,2024-02-22T07:40:40.95220347Z,1460.7241,docker_cpu_usage_pct,NFCORE_CHIPSEQ:CHIPSEQ:ALIGN_BWA_MEM:BWA_MEM (EZH2_IP_NTKO_REP2_T1) (43),NFCORE_CHIPSEQ:CHIPSEQ:ALIGN_BWA_MEM:BWA_MEM (EZH2_IP_NTKO_REP2_T1) (43),1478667,43
,,0,2024-01-24T01:04:49.09644135Z,2024-02-23T01:04:49.09644135Z,2024-02-22T07:40:42.952841186Z,1275.417,docker_cpu_usage_pct,NFCORE_CHIPSEQ:CHIPSEQ:ALIGN_BWA_MEM:BWA_MEM (EZH2_IP_NTKO_REP2_T1) (43),NFCORE_CHIPSEQ:CHIPSEQ:ALIGN_BWA_MEM:BWA_MEM (EZH2_IP_NTKO_REP2_T1) (43),1478667,43
,,0,2024-01-24T01:04:49.09644135Z,2024-02-23T01:04:49.09644135Z,2024-02-22T07:40:44.95262028Z,1180.2273,docker_cpu_usage_pct,NFCORE_CHIPSEQ:CHIPSEQ:ALIGN_BWA_MEM:BWA_MEM (EZH2_IP_NTKO_REP2_T1) (43),NFCORE_CHIPSEQ:CHIPSEQ:ALIGN_BWA_MEM:BWA_MEM (EZH2_IP_NTKO_REP2_T1) (43),1478667,43
,,0,2024-01-24T01:04:49.09644135Z,2024-02-23T01:04:49.09644135Z,2024-02-22T07:40:46.953062514Z,1177.6921,docker_cpu_usage_pct,NFCORE_CHIPSEQ:CHIPSEQ:ALIGN_BWA_MEM:BWA_MEM (EZH2_IP_NTKO_REP2_T1) (43),NFCORE_CHIPSEQ:CHIPSEQ:ALIGN_BWA_MEM:BWA_MEM (EZH2_IP_NTKO_REP2_T1) (43),1478667,43
,,0,2024-01-24T01:04:49.09644135Z,2024-02-23T01:04:49.09644135Z,2024-02-22T07:40:48.952848513Z,1178.0501,docker_cpu_usage_pct,NFCORE_CHIPSEQ:CHIPSEQ:ALIGN_BWA_MEM:BWA_MEM (EZH2_IP_NTKO_REP2_T1) (43),NFCORE_CHIPSEQ:CHIPSEQ:ALIGN_BWA_MEM:BWA_MEM (EZH2_IP_NTKO_REP2_T1) (43),1478667,43
,,0,2024-01-24T01:04:49.09644135Z,2024-02-23T01:04:49.09644135Z,2024-02-22T07:40:50.952523506Z,1180.2397,docker_cpu_usage_pct,NFCORE_CHIPSEQ:CHIPSEQ:ALIGN_BWA_MEM:BWA_MEM (EZH2_IP_NTKO_REP2_T1) (43),NFCORE_CHIPSEQ:CHIPSEQ:ALIGN_BWA_MEM:BWA_MEM (EZH2_IP_NTKO_REP2_T1) (43),1478667,43
,,0,2024-01-24T01:04:49.09644135Z,2024-02-23T01:04:49.09644135Z,2024-02-22T07:40:52.953081926Z,1175.8951,docker_cpu_usage_pct,NFCORE_CHIPSEQ:CHIPSEQ:ALIGN_BWA_MEM:BWA_MEM (EZH2_IP_NTKO_REP2_T1) (43),NFCORE_CHIPSEQ:CHIPSEQ:ALIGN_BWA_MEM:BWA_MEM (EZH2_IP_NTKO_REP2_T1) (43),1478667,43
,,0,2024-01-24T01:04:49.09644135Z,2024-02-23T01:04:49.09644135Z,2024-02-22T07:40:54.952703071Z,1208.5639,docker_cpu_usage_pct,NFCORE_CHIPSEQ:CHIPSEQ:ALIGN_BWA_MEM:BWA_MEM (EZH2_IP_NTKO_REP2_T1) (43),NFCORE_CHIPSEQ:CHIPSEQ:ALIGN_BWA_MEM:BWA_MEM (EZH2_IP_NTKO_REP2_T1) (43),1478667,43
,,0,2024-01-24T01:04:49.09644135Z,2024-02-23T01:04:49.09644135Z,2024-02-22T07:40:56.95311445Z,1176.2414,docker_cpu_usage_pct,NFCORE_CHIPSEQ:CHIPSEQ:ALIGN_BWA_MEM:BWA_MEM (EZH2_IP_NTKO_REP2_T1) (43),NFCORE_CHIPSEQ:CHIPSEQ:ALIGN_BWA_MEM:BWA_MEM (EZH2_IP_NTKO_REP2_T1) (43),1478667,43
,,0,2024-01-24T01:04:49.09644135Z,2024-02-23T01:04:49.09644135Z,2024-02-22T07:40:58.952655547Z,1174.0838,docker_cpu_usage_pct,NFCORE_CHIPSEQ:CHIPSEQ:ALIGN_BWA_MEM:BWA_MEM (EZH2_IP_NTKO_REP2_T1) (43),NFCORE_CHIPSEQ:CHIPSEQ:ALIGN_BWA_MEM:BWA_MEM (EZH2_IP_NTKO_REP2_T1) (43),1478667,43
,,0,2024-01-24T01:04:49.09644135Z,2024-02-23T01:04:49.09644135Z,2024-02-22T07:41:00.952226024Z,1168.0259,docker_cpu_usage_pct,NFCORE_CHIPSEQ:CHIPSEQ:ALIGN_BWA_MEM:BWA_MEM (EZH2_IP_NTKO_REP2_T1) (43),NFCORE_CHIPSEQ:CHIPSEQ:ALIGN_BWA_MEM:BWA_MEM (EZH2_IP_NTKO_REP2_T1) (43),1478667,43
,,0,2024-01-24T01:04:49.09644135Z,2024-02-23T01:04:49.09644135Z,2024-02-22T07:41:02.952921683Z,1173.0183,docker_cpu_usage_pct,NFCORE_CHIPSEQ:CHIPSEQ:ALIGN_BWA_MEM:BWA_MEM (EZH2_IP_NTKO_REP2_T1) (43),NFCORE_CHIPSEQ:CHIPSEQ:ALIGN_BWA_MEM:BWA_MEM (EZH2_IP_NTKO_REP2_T1) (43),1478667,43
,,0,2024-01-24T01:04:49.09644135Z,2024-02-23T01:04:49.09644135Z,2024-02-22T07:41:04.95238113Z,1176.9647,docker_cpu_usage_pct,NFCORE_CHIPSEQ:CHIPSEQ:ALIGN_BWA_MEM:BWA_MEM (EZH2_IP_NTKO_REP2_T1) (43),NFCORE_CHIPSEQ:CHIPSEQ:ALIGN_BWA_MEM:BWA_MEM (EZH2_IP_NTKO_REP2_T1) (43),1478667,43
,,0,2024-01-24T01:04:49.09644135Z,2024-02-23T01:04:49.09644135Z,2024-02-22T07:41:06.952853297Z,1178.7965,docker_cpu_usage_pct,NFCORE_CHIPSEQ:CHIPSEQ:ALIGN_BWA_MEM:BWA_MEM (EZH2_IP_NTKO_REP2_T1) (43),NFCORE_CHIPSEQ:CHIPSEQ:ALIGN_BWA_MEM:BWA_MEM (EZH2_IP_NTKO_REP2_T1) (43),1478667,43
,,0,2024-01-24T01:04:49.09644135Z,2024-02-23T01:04:49.09644135Z,2024-02-22T07:41:08.952624119Z,1177.3389,docker_cpu_usage_pct,NFCORE_CHIPSEQ:CHIPSEQ:ALIGN_BWA_MEM:BWA_MEM (EZH2_IP_NTKO_REP2_T1) (43),NFCORE_CHIPSEQ:CHIPSEQ:ALIGN_BWA_MEM:BWA_MEM (EZH2_IP_NTKO_REP2_T1) (43),1478667,43
,,0,2024-01-24T01:04:49.09644135Z,2024-02-23T01:04:49.09644135Z,2024-02-22T07:41:10.952892934Z,1183.1084,docker_cpu_usage_pct,NFCORE_CHIPSEQ:CHIPSEQ:ALIGN_BWA_MEM:BWA_MEM (EZH2_IP_NTKO_REP2_T1) (43),NFCORE_CHIPSEQ:CHIPSEQ:ALIGN_BWA_MEM:BWA_MEM (EZH2_IP_NTKO_REP2_T1) (43),1478667,43
,,0,2024-01-24T01:04:49.09644135Z,2024-02-23T01:04:49.09644135Z,2024-02-22T07:41:12.952463543Z,1055.4225,docker_cpu_usage_pct,NFCORE_CHIPSEQ:CHIPSEQ:ALIGN_BWA_MEM:BWA_MEM (EZH2_IP_NTKO_REP2_T1) (43),NFCORE_CHIPSEQ:CHIPSEQ:ALIGN_BWA_MEM:BWA_MEM (EZH2_IP_NTKO_REP2_T1) (43),1478667,43
,,0,2024-01-24T01:04:49.09644135Z,2024-02-23T01:04:49.09644135Z,2024-02-22T07:41:14.953018112Z,1428.0316,docker_cpu_usage_pct,NFCORE_CHIPSEQ:CHIPSEQ:ALIGN_BWA_MEM:BWA_MEM (EZH2_IP_NTKO_REP2_T1) (43),NFCORE_CHIPSEQ:CHIPSEQ:ALIGN_BWA_MEM:BWA_MEM (EZH2_IP_NTKO_REP2_T1) (43),1478667,43
,,0,2024-01-24T01:04:49.09644135Z,2024-02-23T01:04:49.09644135Z,2024-02-22T07:41:16.956117702Z,1456.0227,docker_cpu_usage_pct,NFCORE_CHIPSEQ:CHIPSEQ:ALIGN_BWA_MEM:BWA_MEM (EZH2_IP_NTKO_REP2_T1) (43),NFCORE_CHIPSEQ:CHIPSEQ:ALIGN_BWA_MEM:BWA_MEM (EZH2_IP_NTKO_REP2_T1) (43),1478667,43
,,0,2024-01-24T01:04:49.09644135Z,2024-02-23T01:04:49.09644135Z,2024-02-22T07:41:18.952217109Z,1374.7207,docker_cpu_usage_pct,NFCORE_CHIPSEQ:CHIPSEQ:ALIGN_BWA_MEM:BWA_MEM (EZH2_IP_NTKO_REP2_T1) (43),NFCORE_CHIPSEQ:CHIPSEQ:ALIGN_BWA_MEM:BWA_MEM (EZH2_IP_NTKO_REP2_T1) (43),1478667,43
,,0,2024-01-24T01:04:49.09644135Z,2024-02-23T01:04:49.09644135Z,2024-02-22T07:41:20.952806741Z,1281.6978,docker_cpu_usage_pct,NFCORE_CHIPSEQ:CHIPSEQ:ALIGN_BWA_MEM:BWA_MEM (EZH2_IP_NTKO_REP2_T1) (43),NFCORE_CHIPSEQ:CHIPSEQ:ALIGN_BWA_MEM:BWA_MEM (EZH2_IP_NTKO_REP2_T1) (43),1478667,43
,,0,2024-01-24T01:04:49.09644135Z,2024-02-23T01:04:49.09644135Z,2024-02-22T07:41:22.952354457Z,1201.5634,docker_cpu_usage_pct,NFCORE_CHIPSEQ:CHIPSEQ:ALIGN_BWA_MEM:BWA_MEM (EZH2_IP_NTKO_REP2_T1) (43),NFCORE_CHIPSEQ:CHIPSEQ:ALIGN_BWA_MEM:BWA_MEM (EZH2_IP_NTKO_REP2_T1) (43),1478667,43
,,0,2024-01-24T01:04:49.09644135Z,2024-02-23T01:04:49.09644135Z,2024-02-22T07:41:24.953054698Z,1209.9109,docker_cpu_usage_pct,NFCORE_CHIPSEQ:CHIPSEQ:ALIGN_BWA_MEM:BWA_MEM (EZH2_IP_NTKO_REP2_T1) (43),NFCORE_CHIPSEQ:CHIPSEQ:ALIGN_BWA_MEM:BWA_MEM (EZH2_IP_NTKO_REP2_T1) (43),1478667,43
,,0,2024-01-24T01:04:49.09644135Z,2024-02-23T01:04:49.09644135Z,2024-02-22T07:41:26.952590798Z,1180.951,docker_cpu_usage_pct,NFCORE_CHIPSEQ:CHIPSEQ:ALIGN_BWA_MEM:BWA_MEM (EZH2_IP_NTKO_REP2_T1) (43),NFCORE_CHIPSEQ:CHIPSEQ:ALIGN_BWA_MEM:BWA_MEM (EZH2_IP_NTKO_REP2_T1) (43),1478667,43
,,0,2024-01-24T01:04:49.09644135Z,2024-02-23T01:04:49.09644135Z,2024-02-22T07:41:28.952160196Z,1196.7932,docker_cpu_usage_pct,NFCORE_CHIPSEQ:CHIPSEQ:ALIGN_BWA_MEM:BWA_MEM (EZH2_IP_NTKO_REP2_T1) (43),NFCORE_CHIPSEQ:CHIPSEQ:ALIGN_BWA_MEM:BWA_MEM (EZH2_IP_NTKO_REP2_T1) (43),1478667,43
,,0,2024-01-24T01:04:49.09644135Z,2024-02-23T01:04:49.09644135Z,2024-02-22T07:41:30.952771976Z,1180.6081,docker_cpu_usage_pct,NFCORE_CHIPSEQ:CHIPSEQ:ALIGN_BWA_MEM:BWA_MEM (EZH2_IP_NTKO_REP2_T1) (43),NFCORE_CHIPSEQ:CHIPSEQ:ALIGN_BWA_MEM:BWA_MEM (EZH2_IP_NTKO_REP2_T1) (43),1478667,43
,,0,2024-01-24T01:04:49.09644135Z,2024-02-23T01:04:49.09644135Z,2024-02-22T07:41:32.952494934Z,1186.4023,docker_cpu_usage_pct,NFCORE_CHIPSEQ:CHIPSEQ:ALIGN_BWA_MEM:BWA_MEM (EZH2_IP_NTKO_REP2_T1) (43),NFCORE_CHIPSEQ:CHIPSEQ:ALIGN_BWA_MEM:BWA_MEM (EZH2_IP_NTKO_REP2_T1) (43),1478667,43
,,0,2024-01-24T01:04:49.09644135Z,2024-02-23T01:04:49.09644135Z,2024-02-22T07:41:34.953034507Z,1184.4684,docker_cpu_usage_pct,NFCORE_CHIPSEQ:CHIPSEQ:ALIGN_BWA_MEM:BWA_MEM (EZH2_IP_NTKO_REP2_T1) (43),NFCORE_CHIPSEQ:CHIPSEQ:ALIGN_BWA_MEM:BWA_MEM (EZH2_IP_NTKO_REP2_T1) (43),1478667,43
,,0,2024-01-24T01:04:49.09644135Z,2024-02-23T01:04:49.09644135Z,2024-02-22T07:41:36.952557063Z,1177.3466,docker_cpu_usage_pct,NFCORE_CHIPSEQ:CHIPSEQ:ALIGN_BWA_MEM:BWA_MEM (EZH2_IP_NTKO_REP2_T1) (43),NFCORE_CHIPSEQ:CHIPSEQ:ALIGN_BWA_MEM:BWA_MEM (EZH2_IP_NTKO_REP2_T1) (43),1478667,43
,,0,2024-01-24T01:04:49.09644135Z,2024-02-23T01:04:49.09644135Z,2024-02-22T07:41:38.952876043Z,1180.9679,docker_cpu_usage_pct,NFCORE_CHIPSEQ:CHIPSEQ:ALIGN_BWA_MEM:BWA_MEM (EZH2_IP_NTKO_REP2_T1) (43),NFCORE_CHIPSEQ:CHIPSEQ:ALIGN_BWA_MEM:BWA_MEM (EZH2_IP_NTKO_REP2_T1) (43),1478667,43
,,0,2024-01-24T01:04:49.09644135Z,2024-02-23T01:04:49.09644135Z,2024-02-22T07:41:40.952473867Z,1178.7797,docker_cpu_usage_pct,NFCORE_CHIPSEQ:CHIPSEQ:ALIGN_BWA_MEM:BWA_MEM (EZH2_IP_NTKO_REP2_T1) (43),NFCORE_CHIPSEQ:CHIPSEQ:ALIGN_BWA_MEM:BWA_MEM (EZH2_IP_NTKO_REP2_T1) (43),1478667,43
,,0,2024-01-24T01:04:49.09644135Z,2024-02-23T01:04:49.09644135Z,2024-02-22T07:41:42.953174375Z,1176.955,docker_cpu_usage_pct,NFCORE_CHIPSEQ:CHIPSEQ:ALIGN_BWA_MEM:BWA_MEM (EZH2_IP_NTKO_REP2_T1) (43),NFCORE_CHIPSEQ:CHIPSEQ:ALIGN_BWA_MEM:BWA_MEM (EZH2_IP_NTKO_REP2_T1) (43),1478667,43
,,0,2024-01-24T01:04:49.09644135Z,2024-02-23T01:04:49.09644135Z,2024-02-22T07:41:44.95268177Z,1192.688,docker_cpu_usage_pct,NFCORE_CHIPSEQ:CHIPSEQ:ALIGN_BWA_MEM:BWA_MEM (EZH2_IP_NTKO_REP2_T1) (43),NFCORE_CHIPSEQ:CHIPSEQ:ALIGN_BWA_MEM:BWA_MEM (EZH2_IP_NTKO_REP2_T1) (43),1478667,43
,,0,2024-01-24T01:04:49.09644135Z,2024-02-23T01:04:49.09644135Z,2024-02-22T07:41:46.952344239Z,1195.6228,docker_cpu_usage_pct,NFCORE_CHIPSEQ:CHIPSEQ:ALIGN_BWA_MEM:BWA_MEM (EZH2_IP_NTKO_REP2_T1) (43),NFCORE_CHIPSEQ:CHIPSEQ:ALIGN_BWA_MEM:BWA_MEM (EZH2_IP_NTKO_REP2_T1) (43),1478667,43
,,0,2024-01-24T01:04:49.09644135Z,2024-02-23T01:04:49.09644135Z,2024-02-22T07:41:48.952984027Z,1198.6049,docker_cpu_usage_pct,NFCORE_CHIPSEQ:CHIPSEQ:ALIGN_BWA_MEM:BWA_MEM (EZH2_IP_NTKO_REP2_T1) (43),NFCORE_CHIPSEQ:CHIPSEQ:ALIGN_BWA_MEM:BWA_MEM (EZH2_IP_NTKO_REP2_T1) (43),1478667,43
,,0,2024-01-24T01:04:49.09644135Z,2024-02-23T01:04:49.09644135Z,2024-02-22T07:41:50.952442754Z,1096.2927,docker_cpu_usage_pct,NFCORE_CHIPSEQ:CHIPSEQ:ALIGN_BWA_MEM:BWA_MEM (EZH2_IP_NTKO_REP2_T1) (43),NFCORE_CHIPSEQ:CHIPSEQ:ALIGN_BWA_MEM:BWA_MEM (EZH2_IP_NTKO_REP2_T1) (43),1478667,43
,,0,2024-01-24T01:04:49.09644135Z,2024-02-23T01:04:49.09644135Z,2024-02-22T07:41:52.953037595Z,1423.8879,docker_cpu_usage_pct,NFCORE_CHIPSEQ:CHIPSEQ:ALIGN_BWA_MEM:BWA_MEM (EZH2_IP_NTKO_REP2_T1) (43),NFCORE_CHIPSEQ:CHIPSEQ:ALIGN_BWA_MEM:BWA_MEM (EZH2_IP_NTKO_REP2_T1) (43),1478667,43
,,0,2024-01-24T01:04:49.09644135Z,2024-02-23T01:04:49.09644135Z,2024-02-22T07:41:54.952302301Z,1478.0032,docker_cpu_usage_pct,NFCORE_CHIPSEQ:CHIPSEQ:ALIGN_BWA_MEM:BWA_MEM (EZH2_IP_NTKO_REP2_T1) (43),NFCORE_CHIPSEQ:CHIPSEQ:ALIGN_BWA_MEM:BWA_MEM (EZH2_IP_NTKO_REP2_T1) (43),1478667,43
,,0,2024-01-24T01:04:49.09644135Z,2024-02-23T01:04:49.09644135Z,2024-02-22T07:41:56.952700091Z,1383.8521,docker_cpu_usage_pct,NFCORE_CHIPSEQ:CHIPSEQ:ALIGN_BWA_MEM:BWA_MEM (EZH2_IP_NTKO_REP2_T1) (43),NFCORE_CHIPSEQ:CHIPSEQ:ALIGN_BWA_MEM:BWA_MEM (EZH2_IP_NTKO_REP2_T1) (43),1478667,43
,,0,2024-01-24T01:04:49.09644135Z,2024-02-23T01:04:49.09644135Z,2024-02-22T07:41:58.952405416Z,1275.7922,docker_cpu_usage_pct,NFCORE_CHIPSEQ:CHIPSEQ:ALIGN_BWA_MEM:BWA_MEM (EZH2_IP_NTKO_REP2_T1) (43),NFCORE_CHIPSEQ:CHIPSEQ:ALIGN_BWA_MEM:BWA_MEM (EZH2_IP_NTKO_REP2_T1) (43),1478667,43
,,0,2024-01-24T01:04:49.09644135Z,2024-02-23T01:04:49.09644135Z,2024-02-22T07:42:00.953367049Z,1178.7647,docker_cpu_usage_pct,NFCORE_CHIPSEQ:CHIPSEQ:ALIGN_BWA_MEM:BWA_MEM (EZH2_IP_NTKO_REP2_T1) (43),NFCORE_CHIPSEQ:CHIPSEQ:ALIGN_BWA_MEM:BWA_MEM (EZH2_IP_NTKO_REP2_T1) (43),1478667,43
,,0,2024-01-24T01:04:49.09644135Z,2024-02-23T01:04:49.09644135Z,2024-02-22T07:42:02.952920925Z,1181.3178,docker_cpu_usage_pct,NFCORE_CHIPSEQ:CHIPSEQ:ALIGN_BWA_MEM:BWA_MEM (EZH2_IP_NTKO_REP2_T1) (43),NFCORE_CHIPSEQ:CHIPSEQ:ALIGN_BWA_MEM:BWA_MEM (EZH2_IP_NTKO_REP2_T1) (43),1478667,43
,,0,2024-01-24T01:04:49.09644135Z,2024-02-23T01:04:49.09644135Z,2024-02-22T07:42:04.952482108Z,1186.0419,docker_cpu_usage_pct,NFCORE_CHIPSEQ:CHIPSEQ:ALIGN_BWA_MEM:BWA_MEM (EZH2_IP_NTKO_REP2_T1) (43),NFCORE_CHIPSEQ:CHIPSEQ:ALIGN_BWA_MEM:BWA_MEM (EZH2_IP_NTKO_REP2_T1) (43),1478667,43
,,0,2024-01-24T01:04:49.09644135Z,2024-02-23T01:04:49.09644135Z,2024-02-22T07:42:06.952953898Z,1184.5792,docker_cpu_usage_pct,NFCORE_CHIPSEQ:CHIPSEQ:ALIGN_BWA_MEM:BWA_MEM (EZH2_IP_NTKO_REP2_T1) (43),NFCORE_CHIPSEQ:CHIPSEQ:ALIGN_BWA_MEM:BWA_MEM (EZH2_IP_NTKO_REP2_T1) (43),1478667,43
,,0,2024-01-24T01:04:49.09644135Z,2024-02-23T01:04:49.09644135Z,2024-02-22T07:42:08.952417153Z,1178.7832,docker_cpu_usage_pct,NFCORE_CHIPSEQ:CHIPSEQ:ALIGN_BWA_MEM:BWA_MEM (EZH2_IP_NTKO_REP2_T1) (43),NFCORE_CHIPSEQ:CHIPSEQ:ALIGN_BWA_MEM:BWA_MEM (EZH2_IP_NTKO_REP2_T1) (43),1478667,43
,,0,2024-01-24T01:04:49.09644135Z,2024-02-23T01:04:49.09644135Z,2024-02-22T07:42:10.953099275Z,1177.2614,docker_cpu_usage_pct,NFCORE_CHIPSEQ:CHIPSEQ:ALIGN_BWA_MEM:BWA_MEM (EZH2_IP_NTKO_REP2_T1) (43),NFCORE_CHIPSEQ:CHIPSEQ:ALIGN_BWA_MEM:BWA_MEM (EZH2_IP_NTKO_REP2_T1) (43),1478667,43
,,0,2024-01-24T01:04:49.09644135Z,2024-02-23T01:04:49.09644135Z,2024-02-22T07:42:12.952645378Z,1175.8805,docker_cpu_usage_pct,NFCORE_CHIPSEQ:CHIPSEQ:ALIGN_BWA_MEM:BWA_MEM (EZH2_IP_NTKO_REP2_T1) (43),NFCORE_CHIPSEQ:CHIPSEQ:ALIGN_BWA_MEM:BWA_MEM (EZH2_IP_NTKO_REP2_T1) (43),1478667,43
,,0,2024-01-24T01:04:49.09644135Z,2024-02-23T01:04:49.09644135Z,2024-02-22T07:42:14.952115756Z,1175.5194,docker_cpu_usage_pct,NFCORE_CHIPSEQ:CHIPSEQ:ALIGN_BWA_MEM:BWA_MEM (EZH2_IP_NTKO_REP2_T1) (43),NFCORE_CHIPSEQ:CHIPSEQ:ALIGN_BWA_MEM:BWA_MEM (EZH2_IP_NTKO_REP2_T1) (43),1478667,43
,,0,2024-01-24T01:04:49.09644135Z,2024-02-23T01:04:49.09644135Z,2024-02-22T07:42:16.952791391Z,1184.5709,docker_cpu_usage_pct,NFCORE_CHIPSEQ:CHIPSEQ:ALIGN_BWA_MEM:BWA_MEM (EZH2_IP_NTKO_REP2_T1) (43),NFCORE_CHIPSEQ:CHIPSEQ:ALIGN_BWA_MEM:BWA_MEM (EZH2_IP_NTKO_REP2_T1) (43),1478667,43
,,0,2024-01-24T01:04:49.09644135Z,2024-02-23T01:04:49.09644135Z,2024-02-22T07:42:18.952387518Z,1181.3009,docker_cpu_usage_pct,NFCORE_CHIPSEQ:CHIPSEQ:ALIGN_BWA_MEM:BWA_MEM (EZH2_IP_NTKO_REP2_T1) (43),NFCORE_CHIPSEQ:CHIPSEQ:ALIGN_BWA_MEM:BWA_MEM (EZH2_IP_NTKO_REP2_T1) (43),1478667,43
,,0,2024-01-24T01:04:49.09644135Z,2024-02-23T01:04:49.09644135Z,2024-02-22T07:42:20.95307775Z,1178.4013,docker_cpu_usage_pct,NFCORE_CHIPSEQ:CHIPSEQ:ALIGN_BWA_MEM:BWA_MEM (EZH2_IP_NTKO_REP2_T1) (43),NFCORE_CHIPSEQ:CHIPSEQ:ALIGN_BWA_MEM:BWA_MEM (EZH2_IP_NTKO_REP2_T1) (43),1478667,43
,,0,2024-01-24T01:04:49.09644135Z,2024-02-23T01:04:49.09644135Z,2024-02-22T07:42:22.952625911Z,1178.7773,docker_cpu_usage_pct,NFCORE_CHIPSEQ:CHIPSEQ:ALIGN_BWA_MEM:BWA_MEM (EZH2_IP_NTKO_REP2_T1) (43),NFCORE_CHIPSEQ:CHIPSEQ:ALIGN_BWA_MEM:BWA_MEM (EZH2_IP_NTKO_REP2_T1) (43),1478667,43
,,0,2024-01-24T01:04:49.09644135Z,2024-02-23T01:04:49.09644135Z,2024-02-22T07:42:24.953197043Z,1192.612,docker_cpu_usage_pct,NFCORE_CHIPSEQ:CHIPSEQ:ALIGN_BWA_MEM:BWA_MEM (EZH2_IP_NTKO_REP2_T1) (43),NFCORE_CHIPSEQ:CHIPSEQ:ALIGN_BWA_MEM:BWA_MEM (EZH2_IP_NTKO_REP2_T1) (43),1478667,43
,,0,2024-01-24T01:04:49.09644135Z,2024-02-23T01:04:49.09644135Z,2024-02-22T07:42:26.952354887Z,1203.8279,docker_cpu_usage_pct,NFCORE_CHIPSEQ:CHIPSEQ:ALIGN_BWA_MEM:BWA_MEM (EZH2_IP_NTKO_REP2_T1) (43),NFCORE_CHIPSEQ:CHIPSEQ:ALIGN_BWA_MEM:BWA_MEM (EZH2_IP_NTKO_REP2_T1) (43),1478667,43
,,0,2024-01-24T01:04:49.09644135Z,2024-02-23T01:04:49.09644135Z,2024-02-22T07:42:28.952824081Z,1088.2718,docker_cpu_usage_pct,NFCORE_CHIPSEQ:CHIPSEQ:ALIGN_BWA_MEM:BWA_MEM (EZH2_IP_NTKO_REP2_T1) (43),NFCORE_CHIPSEQ:CHIPSEQ:ALIGN_BWA_MEM:BWA_MEM (EZH2_IP_NTKO_REP2_T1) (43),1478667,43
,,0,2024-01-24T01:04:49.09644135Z,2024-02-23T01:04:49.09644135Z,2024-02-22T07:42:30.952645972Z,1428.8723,docker_cpu_usage_pct,NFCORE_CHIPSEQ:CHIPSEQ:ALIGN_BWA_MEM:BWA_MEM (EZH2_IP_NTKO_REP2_T1) (43),NFCORE_CHIPSEQ:CHIPSEQ:ALIGN_BWA_MEM:BWA_MEM (EZH2_IP_NTKO_REP2_T1) (43),1478667,43
,,0,2024-01-24T01:04:49.09644135Z,2024-02-23T01:04:49.09644135Z,2024-02-22T07:42:32.9530536Z,1478.9288,docker_cpu_usage_pct,NFCORE_CHIPSEQ:CHIPSEQ:ALIGN_BWA_MEM:BWA_MEM (EZH2_IP_NTKO_REP2_T1) (43),NFCORE_CHIPSEQ:CHIPSEQ:ALIGN_BWA_MEM:BWA_MEM (EZH2_IP_NTKO_REP2_T1) (43),1478667,43
,,0,2024-01-24T01:04:49.09644135Z,2024-02-23T01:04:49.09644135Z,2024-02-22T07:42:34.952597057Z,1336.0704,docker_cpu_usage_pct,NFCORE_CHIPSEQ:CHIPSEQ:ALIGN_BWA_MEM:BWA_MEM (EZH2_IP_NTKO_REP2_T1) (43),NFCORE_CHIPSEQ:CHIPSEQ:ALIGN_BWA_MEM:BWA_MEM (EZH2_IP_NTKO_REP2_T1) (43),1478667,43
,,0,2024-01-24T01:04:49.09644135Z,2024-02-23T01:04:49.09644135Z,2024-02-22T07:42:36.952126831Z,1297.5989,docker_cpu_usage_pct,NFCORE_CHIPSEQ:CHIPSEQ:ALIGN_BWA_MEM:BWA_MEM (EZH2_IP_NTKO_REP2_T1) (43),NFCORE_CHIPSEQ:CHIPSEQ:ALIGN_BWA_MEM:BWA_MEM (EZH2_IP_NTKO_REP2_T1) (43),1478667,43
,,0,2024-01-24T01:04:49.09644135Z,2024-02-23T01:04:49.09644135Z,2024-02-22T07:42:38.952944955Z,1201.9484,docker_cpu_usage_pct,NFCORE_CHIPSEQ:CHIPSEQ:ALIGN_BWA_MEM:BWA_MEM (EZH2_IP_NTKO_REP2_T1) (43),NFCORE_CHIPSEQ:CHIPSEQ:ALIGN_BWA_MEM:BWA_MEM (EZH2_IP_NTKO_REP2_T1) (43),1478667,43
,,0,2024-01-24T01:04:49.09644135Z,2024-02-23T01:04:49.09644135Z,2024-02-22T07:42:40.952279169Z,1196.4014,docker_cpu_usage_pct,NFCORE_CHIPSEQ:CHIPSEQ:ALIGN_BWA_MEM:BWA_MEM (EZH2_IP_NTKO_REP2_T1) (43),NFCORE_CHIPSEQ:CHIPSEQ:ALIGN_BWA_MEM:BWA_MEM (EZH2_IP_NTKO_REP2_T1) (43),1478667,43
,,0,2024-01-24T01:04:49.09644135Z,2024-02-23T01:04:49.09644135Z,2024-02-22T07:42:42.952896692Z,1176.2483,docker_cpu_usage_pct,NFCORE_CHIPSEQ:CHIPSEQ:ALIGN_BWA_MEM:BWA_MEM (EZH2_IP_NTKO_REP2_T1) (43),NFCORE_CHIPSEQ:CHIPSEQ:ALIGN_BWA_MEM:BWA_MEM (EZH2_IP_NTKO_REP2_T1) (43),1478667,43
,,0,2024-01-24T01:04:49.09644135Z,2024-02-23T01:04:49.09644135Z,2024-02-22T07:42:44.952452729Z,1177.3411,docker_cpu_usage_pct,NFCORE_CHIPSEQ:CHIPSEQ:ALIGN_BWA_MEM:BWA_MEM (EZH2_IP_NTKO_REP2_T1) (43),NFCORE_CHIPSEQ:CHIPSEQ:ALIGN_BWA_MEM:BWA_MEM (EZH2_IP_NTKO_REP2_T1) (43),1478667,43
,,0,2024-01-24T01:04:49.09644135Z,2024-02-23T01:04:49.09644135Z,2024-02-22T07:42:46.953070427Z,1184.213,docker_cpu_usage_pct,NFCORE_CHIPSEQ:CHIPSEQ:ALIGN_BWA_MEM:BWA_MEM (EZH2_IP_NTKO_REP2_T1) (43),NFCORE_CHIPSEQ:CHIPSEQ:ALIGN_BWA_MEM:BWA_MEM (EZH2_IP_NTKO_REP2_T1) (43),1478667,43
,,0,2024-01-24T01:04:49.09644135Z,2024-02-23T01:04:49.09644135Z,2024-02-22T07:42:48.952590998Z,1184.222,docker_cpu_usage_pct,NFCORE_CHIPSEQ:CHIPSEQ:ALIGN_BWA_MEM:BWA_MEM (EZH2_IP_NTKO_REP2_T1) (43),NFCORE_CHIPSEQ:CHIPSEQ:ALIGN_BWA_MEM:BWA_MEM (EZH2_IP_NTKO_REP2_T1) (43),1478667,43
,,0,2024-01-24T01:04:49.09644135Z,2024-02-23T01:04:49.09644135Z,2024-02-22T07:42:50.952323913Z,1201.5581,docker_cpu_usage_pct,NFCORE_CHIPSEQ:CHIPSEQ:ALIGN_BWA_MEM:BWA_MEM (EZH2_IP_NTKO_REP2_T1) (43),NFCORE_CHIPSEQ:CHIPSEQ:ALIGN_BWA_MEM:BWA_MEM (EZH2_IP_NTKO_REP2_T1) (43),1478667,43
,,0,2024-01-24T01:04:49.09644135Z,2024-02-23T01:04:49.09644135Z,2024-02-22T07:42:52.952993107Z,1187.155,docker_cpu_usage_pct,NFCORE_CHIPSEQ:CHIPSEQ:ALIGN_BWA_MEM:BWA_MEM (EZH2_IP_NTKO_REP2_T1) (43),NFCORE_CHIPSEQ:CHIPSEQ:ALIGN_BWA_MEM:BWA_MEM (EZH2_IP_NTKO_REP2_T1) (43),1478667,43
,,0,2024-01-24T01:04:49.09644135Z,2024-02-23T01:04:49.09644135Z,2024-02-22T07:42:54.952576894Z,1190.174,docker_cpu_usage_pct,NFCORE_CHIPSEQ:CHIPSEQ:ALIGN_BWA_MEM:BWA_MEM (EZH2_IP_NTKO_REP2_T1) (43),NFCORE_CHIPSEQ:CHIPSEQ:ALIGN_BWA_MEM:BWA_MEM (EZH2_IP_NTKO_REP2_T1) (43),1478667,43
,,0,2024-01-24T01:04:49.09644135Z,2024-02-23T01:04:49.09644135Z,2024-02-22T07:42:56.952969774Z,1195.2426,docker_cpu_usage_pct,NFCORE_CHIPSEQ:CHIPSEQ:ALIGN_BWA_MEM:BWA_MEM (EZH2_IP_NTKO_REP2_T1) (43),NFCORE_CHIPSEQ:CHIPSEQ:ALIGN_BWA_MEM:BWA_MEM (EZH2_IP_NTKO_REP2_T1) (43),1478667,43
,,0,2024-01-24T01:04:49.09644135Z,2024-02-23T01:04:49.09644135Z,2024-02-22T07:42:58.952452002Z,1176.9732,docker_cpu_usage_pct,NFCORE_CHIPSEQ:CHIPSEQ:ALIGN_BWA_MEM:BWA_MEM (EZH2_IP_NTKO_REP2_T1) (43),NFCORE_CHIPSEQ:CHIPSEQ:ALIGN_BWA_MEM:BWA_MEM (EZH2_IP_NTKO_REP2_T1) (43),1478667,43
,,0,2024-01-24T01:04:49.09644135Z,2024-02-23T01:04:49.09644135Z,2024-02-22T07:43:00.953144928Z,1175.5332,docker_cpu_usage_pct,NFCORE_CHIPSEQ:CHIPSEQ:ALIGN_BWA_MEM:BWA_MEM (EZH2_IP_NTKO_REP2_T1) (43),NFCORE_CHIPSEQ:CHIPSEQ:ALIGN_BWA_MEM:BWA_MEM (EZH2_IP_NTKO_REP2_T1) (43),1478667,43
,,0,2024-01-24T01:04:49.09644135Z,2024-02-23T01:04:49.09644135Z,2024-02-22T07:43:02.952742456Z,1181.6826,docker_cpu_usage_pct,NFCORE_CHIPSEQ:CHIPSEQ:ALIGN_BWA_MEM:BWA_MEM (EZH2_IP_NTKO_REP2_T1) (43),NFCORE_CHIPSEQ:CHIPSEQ:ALIGN_BWA_MEM:BWA_MEM (EZH2_IP_NTKO_REP2_T1) (43),1478667,43
,,0,2024-01-24T01:04:49.09644135Z,2024-02-23T01:04:49.09644135Z,2024-02-22T07:43:04.952049002Z,1174.4628,docker_cpu_usage_pct,NFCORE_CHIPSEQ:CHIPSEQ:ALIGN_BWA_MEM:BWA_MEM (EZH2_IP_NTKO_REP2_T1) (43),NFCORE_CHIPSEQ:CHIPSEQ:ALIGN_BWA_MEM:BWA_MEM (EZH2_IP_NTKO_REP2_T1) (43),1478667,43
,,0,2024-01-24T01:04:49.09644135Z,2024-02-23T01:04:49.09644135Z,2024-02-22T07:43:06.952604467Z,1108.3339,docker_cpu_usage_pct,NFCORE_CHIPSEQ:CHIPSEQ:ALIGN_BWA_MEM:BWA_MEM (EZH2_IP_NTKO_REP2_T1) (43),NFCORE_CHIPSEQ:CHIPSEQ:ALIGN_BWA_MEM:BWA_MEM (EZH2_IP_NTKO_REP2_T1) (43),1478667,43
,,0,2024-01-24T01:04:49.09644135Z,2024-02-23T01:04:49.09644135Z,2024-02-22T07:43:08.952189148Z,1444.0855,docker_cpu_usage_pct,NFCORE_CHIPSEQ:CHIPSEQ:ALIGN_BWA_MEM:BWA_MEM (EZH2_IP_NTKO_REP2_T1) (43),NFCORE_CHIPSEQ:CHIPSEQ:ALIGN_BWA_MEM:BWA_MEM (EZH2_IP_NTKO_REP2_T1) (43),1478667,43
,,0,2024-01-24T01:04:49.09644135Z,2024-02-23T01:04:49.09644135Z,2024-02-22T07:43:10.952752679Z,1461.6215,docker_cpu_usage_pct,NFCORE_CHIPSEQ:CHIPSEQ:ALIGN_BWA_MEM:BWA_MEM (EZH2_IP_NTKO_REP2_T1) (43),NFCORE_CHIPSEQ:CHIPSEQ:ALIGN_BWA_MEM:BWA_MEM (EZH2_IP_NTKO_REP2_T1) (43),1478667,43
,,0,2024-01-24T01:04:49.09644135Z,2024-02-23T01:04:49.09644135Z,2024-02-22T07:43:12.952300104Z,1353.2684,docker_cpu_usage_pct,NFCORE_CHIPSEQ:CHIPSEQ:ALIGN_BWA_MEM:BWA_MEM (EZH2_IP_NTKO_REP2_T1) (43),NFCORE_CHIPSEQ:CHIPSEQ:ALIGN_BWA_MEM:BWA_MEM (EZH2_IP_NTKO_REP2_T1) (43),1478667,43
,,0,2024-01-24T01:04:49.09644135Z,2024-02-23T01:04:49.09644135Z,2024-02-22T07:43:14.952869381Z,1278.5571,docker_cpu_usage_pct,NFCORE_CHIPSEQ:CHIPSEQ:ALIGN_BWA_MEM:BWA_MEM (EZH2_IP_NTKO_REP2_T1) (43),NFCORE_CHIPSEQ:CHIPSEQ:ALIGN_BWA_MEM:BWA_MEM (EZH2_IP_NTKO_REP2_T1) (43),1478667,43
,,0,2024-01-24T01:04:49.09644135Z,2024-02-23T01:04:49.09644135Z,2024-02-22T07:43:16.952601209Z,1180.5854,docker_cpu_usage_pct,NFCORE_CHIPSEQ:CHIPSEQ:ALIGN_BWA_MEM:BWA_MEM (EZH2_IP_NTKO_REP2_T1) (43),NFCORE_CHIPSEQ:CHIPSEQ:ALIGN_BWA_MEM:BWA_MEM (EZH2_IP_NTKO_REP2_T1) (43),1478667,43
,,0,2024-01-24T01:04:49.09644135Z,2024-02-23T01:04:49.09644135Z,2024-02-22T07:43:18.953212923Z,1184.5944,docker_cpu_usage_pct,NFCORE_CHIPSEQ:CHIPSEQ:ALIGN_BWA_MEM:BWA_MEM (EZH2_IP_NTKO_REP2_T1) (43),NFCORE_CHIPSEQ:CHIPSEQ:ALIGN_BWA_MEM:BWA_MEM (EZH2_IP_NTKO_REP2_T1) (43),1478667,43
,,0,2024-01-24T01:04:49.09644135Z,2024-02-23T01:04:49.09644135Z,2024-02-22T07:43:20.952610265Z,1193.4465,docker_cpu_usage_pct,NFCORE_CHIPSEQ:CHIPSEQ:ALIGN_BWA_MEM:BWA_MEM (EZH2_IP_NTKO_REP2_T1) (43),NFCORE_CHIPSEQ:CHIPSEQ:ALIGN_BWA_MEM:BWA_MEM (EZH2_IP_NTKO_REP2_T1) (43),1478667,43
,,0,2024-01-24T01:04:49.09644135Z,2024-02-23T01:04:49.09644135Z,2024-02-22T07:43:22.953152802Z,1186.8005,docker_cpu_usage_pct,NFCORE_CHIPSEQ:CHIPSEQ:ALIGN_BWA_MEM:BWA_MEM (EZH2_IP_NTKO_REP2_T1) (43),NFCORE_CHIPSEQ:CHIPSEQ:ALIGN_BWA_MEM:BWA_MEM (EZH2_IP_NTKO_REP2_T1) (43),1478667,43
,,0,2024-01-24T01:04:49.09644135Z,2024-02-23T01:04:49.09644135Z,2024-02-22T07:43:24.952642613Z,1186.5605,docker_cpu_usage_pct,NFCORE_CHIPSEQ:CHIPSEQ:ALIGN_BWA_MEM:BWA_MEM (EZH2_IP_NTKO_REP2_T1) (43),NFCORE_CHIPSEQ:CHIPSEQ:ALIGN_BWA_MEM:BWA_MEM (EZH2_IP_NTKO_REP2_T1) (43),1478667,43
,,0,2024-01-24T01:04:49.09644135Z,2024-02-23T01:04:49.09644135Z,2024-02-22T07:43:26.952161344Z,1198.6466,docker_cpu_usage_pct,NFCORE_CHIPSEQ:CHIPSEQ:ALIGN_BWA_MEM:BWA_MEM (EZH2_IP_NTKO_REP2_T1) (43),NFCORE_CHIPSEQ:CHIPSEQ:ALIGN_BWA_MEM:BWA_MEM (EZH2_IP_NTKO_REP2_T1) (43),1478667,43
,,0,2024-01-24T01:04:49.09644135Z,2024-02-23T01:04:49.09644135Z,2024-02-22T07:43:28.95286834Z,1203.8128,docker_cpu_usage_pct,NFCORE_CHIPSEQ:CHIPSEQ:ALIGN_BWA_MEM:BWA_MEM (EZH2_IP_NTKO_REP2_T1) (43),NFCORE_CHIPSEQ:CHIPSEQ:ALIGN_BWA_MEM:BWA_MEM (EZH2_IP_NTKO_REP2_T1) (43),1478667,43
,,0,2024-01-24T01:04:49.09644135Z,2024-02-23T01:04:49.09644135Z,2024-02-22T07:43:30.952138378Z,1203.8031,docker_cpu_usage_pct,NFCORE_CHIPSEQ:CHIPSEQ:ALIGN_BWA_MEM:BWA_MEM (EZH2_IP_NTKO_REP2_T1) (43),NFCORE_CHIPSEQ:CHIPSEQ:ALIGN_BWA_MEM:BWA_MEM (EZH2_IP_NTKO_REP2_T1) (43),1478667,43
,,0,2024-01-24T01:04:49.09644135Z,2024-02-23T01:04:49.09644135Z,2024-02-22T07:43:32.953046477Z,1184.2185,docker_cpu_usage_pct,NFCORE_CHIPSEQ:CHIPSEQ:ALIGN_BWA_MEM:BWA_MEM (EZH2_IP_NTKO_REP2_T1) (43),NFCORE_CHIPSEQ:CHIPSEQ:ALIGN_BWA_MEM:BWA_MEM (EZH2_IP_NTKO_REP2_T1) (43),1478667,43
,,0,2024-01-24T01:04:49.09644135Z,2024-02-23T01:04:49.09644135Z,2024-02-22T07:43:34.952620923Z,1182.0441,docker_cpu_usage_pct,NFCORE_CHIPSEQ:CHIPSEQ:ALIGN_BWA_MEM:BWA_MEM (EZH2_IP_NTKO_REP2_T1) (43),NFCORE_CHIPSEQ:CHIPSEQ:ALIGN_BWA_MEM:BWA_MEM (EZH2_IP_NTKO_REP2_T1) (43),1478667,43
,,0,2024-01-24T01:04:49.09644135Z,2024-02-23T01:04:49.09644135Z,2024-02-22T07:43:36.953105574Z,1180.2472,docker_cpu_usage_pct,NFCORE_CHIPSEQ:CHIPSEQ:ALIGN_BWA_MEM:BWA_MEM (EZH2_IP_NTKO_REP2_T1) (43),NFCORE_CHIPSEQ:CHIPSEQ:ALIGN_BWA_MEM:BWA_MEM (EZH2_IP_NTKO_REP2_T1) (43),1478667,43
,,0,2024-01-24T01:04:49.09644135Z,2024-02-23T01:04:49.09644135Z,2024-02-22T07:43:38.952728205Z,1182.0308,docker_cpu_usage_pct,NFCORE_CHIPSEQ:CHIPSEQ:ALIGN_BWA_MEM:BWA_MEM (EZH2_IP_NTKO_REP2_T1) (43),NFCORE_CHIPSEQ:CHIPSEQ:ALIGN_BWA_MEM:BWA_MEM (EZH2_IP_NTKO_REP2_T1) (43),1478667,43
,,0,2024-01-24T01:04:49.09644135Z,2024-02-23T01:04:49.09644135Z,2024-02-22T07:43:40.952281752Z,1182.7766,docker_cpu_usage_pct,NFCORE_CHIPSEQ:CHIPSEQ:ALIGN_BWA_MEM:BWA_MEM (EZH2_IP_NTKO_REP2_T1) (43),NFCORE_CHIPSEQ:CHIPSEQ:ALIGN_BWA_MEM:BWA_MEM (EZH2_IP_NTKO_REP2_T1) (43),1478667,43
,,0,2024-01-24T01:04:49.09644135Z,2024-02-23T01:04:49.09644135Z,2024-02-22T07:43:42.95283078Z,1176.7058,docker_cpu_usage_pct,NFCORE_CHIPSEQ:CHIPSEQ:ALIGN_BWA_MEM:BWA_MEM (EZH2_IP_NTKO_REP2_T1) (43),NFCORE_CHIPSEQ:CHIPSEQ:ALIGN_BWA_MEM:BWA_MEM (EZH2_IP_NTKO_REP2_T1) (43),1478667,43
,,0,2024-01-24T01:04:49.09644135Z,2024-02-23T01:04:49.09644135Z,2024-02-22T07:43:44.952425994Z,1133.0818,docker_cpu_usage_pct,NFCORE_CHIPSEQ:CHIPSEQ:ALIGN_BWA_MEM:BWA_MEM (EZH2_IP_NTKO_REP2_T1) (43),NFCORE_CHIPSEQ:CHIPSEQ:ALIGN_BWA_MEM:BWA_MEM (EZH2_IP_NTKO_REP2_T1) (43),1478667,43
,,0,2024-01-24T01:04:49.09644135Z,2024-02-23T01:04:49.09644135Z,2024-02-22T07:43:46.952971467Z,1421.3136,docker_cpu_usage_pct,NFCORE_CHIPSEQ:CHIPSEQ:ALIGN_BWA_MEM:BWA_MEM (EZH2_IP_NTKO_REP2_T1) (43),NFCORE_CHIPSEQ:CHIPSEQ:ALIGN_BWA_MEM:BWA_MEM (EZH2_IP_NTKO_REP2_T1) (43),1478667,43
,,0,2024-01-24T01:04:49.09644135Z,2024-02-23T01:04:49.09644135Z,2024-02-22T07:43:48.952486855Z,1455.97,docker_cpu_usage_pct,NFCORE_CHIPSEQ:CHIPSEQ:ALIGN_BWA_MEM:BWA_MEM (EZH2_IP_NTKO_REP2_T1) (43),NFCORE_CHIPSEQ:CHIPSEQ:ALIGN_BWA_MEM:BWA_MEM (EZH2_IP_NTKO_REP2_T1) (43),1478667,43
,,0,2024-01-24T01:04:49.09644135Z,2024-02-23T01:04:49.09644135Z,2024-02-22T07:43:50.953143457Z,1378.132,docker_cpu_usage_pct,NFCORE_CHIPSEQ:CHIPSEQ:ALIGN_BWA_MEM:BWA_MEM (EZH2_IP_NTKO_REP2_T1) (43),NFCORE_CHIPSEQ:CHIPSEQ:ALIGN_BWA_MEM:BWA_MEM (EZH2_IP_NTKO_REP2_T1) (43),1478667,43
,,0,2024-01-24T01:04:49.09644135Z,2024-02-23T01:04:49.09644135Z,2024-02-22T07:43:52.952680932Z,1277.4012,docker_cpu_usage_pct,NFCORE_CHIPSEQ:CHIPSEQ:ALIGN_BWA_MEM:BWA_MEM (EZH2_IP_NTKO_REP2_T1) (43),NFCORE_CHIPSEQ:CHIPSEQ:ALIGN_BWA_MEM:BWA_MEM (EZH2_IP_NTKO_REP2_T1) (43),1478667,43
,,0,2024-01-24T01:04:49.09644135Z,2024-02-23T01:04:49.09644135Z,2024-02-22T07:43:54.952261806Z,1193.4774,docker_cpu_usage_pct,NFCORE_CHIPSEQ:CHIPSEQ:ALIGN_BWA_MEM:BWA_MEM (EZH2_IP_NTKO_REP2_T1) (43),NFCORE_CHIPSEQ:CHIPSEQ:ALIGN_BWA_MEM:BWA_MEM (EZH2_IP_NTKO_REP2_T1) (43),1478667,43
,,0,2024-01-24T01:04:49.09644135Z,2024-02-23T01:04:49.09644135Z,2024-02-22T07:43:56.952789469Z,1188.5993,docker_cpu_usage_pct,NFCORE_CHIPSEQ:CHIPSEQ:ALIGN_BWA_MEM:BWA_MEM (EZH2_IP_NTKO_REP2_T1) (43),NFCORE_CHIPSEQ:CHIPSEQ:ALIGN_BWA_MEM:BWA_MEM (EZH2_IP_NTKO_REP2_T1) (43),1478667,43
,,0,2024-01-24T01:04:49.09644135Z,2024-02-23T01:04:49.09644135Z,2024-02-22T07:43:58.952366279Z,1179.4903,docker_cpu_usage_pct,NFCORE_CHIPSEQ:CHIPSEQ:ALIGN_BWA_MEM:BWA_MEM (EZH2_IP_NTKO_REP2_T1) (43),NFCORE_CHIPSEQ:CHIPSEQ:ALIGN_BWA_MEM:BWA_MEM (EZH2_IP_NTKO_REP2_T1) (43),1478667,43
,,0,2024-01-24T01:04:49.09644135Z,2024-02-23T01:04:49.09644135Z,2024-02-22T07:44:00.953193688Z,1183.1197,docker_cpu_usage_pct,NFCORE_CHIPSEQ:CHIPSEQ:ALIGN_BWA_MEM:BWA_MEM (EZH2_IP_NTKO_REP2_T1) (43),NFCORE_CHIPSEQ:CHIPSEQ:ALIGN_BWA_MEM:BWA_MEM (EZH2_IP_NTKO_REP2_T1) (43),1478667,43
,,0,2024-01-24T01:04:49.09644135Z,2024-02-23T01:04:49.09644135Z,2024-02-22T07:44:02.952535406Z,1198.6591,docker_cpu_usage_pct,NFCORE_CHIPSEQ:CHIPSEQ:ALIGN_BWA_MEM:BWA_MEM (EZH2_IP_NTKO_REP2_T1) (43),NFCORE_CHIPSEQ:CHIPSEQ:ALIGN_BWA_MEM:BWA_MEM (EZH2_IP_NTKO_REP2_T1) (43),1478667,43
,,0,2024-01-24T01:04:49.09644135Z,2024-02-23T01:04:49.09644135Z,2024-02-22T07:44:04.9533075Z,1183.4926,docker_cpu_usage_pct,NFCORE_CHIPSEQ:CHIPSEQ:ALIGN_BWA_MEM:BWA_MEM (EZH2_IP_NTKO_REP2_T1) (43),NFCORE_CHIPSEQ:CHIPSEQ:ALIGN_BWA_MEM:BWA_MEM (EZH2_IP_NTKO_REP2_T1) (43),1478667,43
,,0,2024-01-24T01:04:49.09644135Z,2024-02-23T01:04:49.09644135Z,2024-02-22T07:44:06.952855321Z,1183.1275,docker_cpu_usage_pct,NFCORE_CHIPSEQ:CHIPSEQ:ALIGN_BWA_MEM:BWA_MEM (EZH2_IP_NTKO_REP2_T1) (43),NFCORE_CHIPSEQ:CHIPSEQ:ALIGN_BWA_MEM:BWA_MEM (EZH2_IP_NTKO_REP2_T1) (43),1478667,43
,,0,2024-01-24T01:04:49.09644135Z,2024-02-23T01:04:49.09644135Z,2024-02-22T07:44:08.952322567Z,1180.5776,docker_cpu_usage_pct,NFCORE_CHIPSEQ:CHIPSEQ:ALIGN_BWA_MEM:BWA_MEM (EZH2_IP_NTKO_REP2_T1) (43),NFCORE_CHIPSEQ:CHIPSEQ:ALIGN_BWA_MEM:BWA_MEM (EZH2_IP_NTKO_REP2_T1) (43),1478667,43
,,0,2024-01-24T01:04:49.09644135Z,2024-02-23T01:04:49.09644135Z,2024-02-22T07:44:10.952983521Z,1184.2275,docker_cpu_usage_pct,NFCORE_CHIPSEQ:CHIPSEQ:ALIGN_BWA_MEM:BWA_MEM (EZH2_IP_NTKO_REP2_T1) (43),NFCORE_CHIPSEQ:CHIPSEQ:ALIGN_BWA_MEM:BWA_MEM (EZH2_IP_NTKO_REP2_T1) (43),1478667,43
,,0,2024-01-24T01:04:49.09644135Z,2024-02-23T01:04:49.09644135Z,2024-02-22T07:44:12.952509476Z,1184.5697,docker_cpu_usage_pct,NFCORE_CHIPSEQ:CHIPSEQ:ALIGN_BWA_MEM:BWA_MEM (EZH2_IP_NTKO_REP2_T1) (43),NFCORE_CHIPSEQ:CHIPSEQ:ALIGN_BWA_MEM:BWA_MEM (EZH2_IP_NTKO_REP2_T1) (43),1478667,43
,,0,2024-01-24T01:04:49.09644135Z,2024-02-23T01:04:49.09644135Z,2024-02-22T07:44:14.95296123Z,1179.1434,docker_cpu_usage_pct,NFCORE_CHIPSEQ:CHIPSEQ:ALIGN_BWA_MEM:BWA_MEM (EZH2_IP_NTKO_REP2_T1) (43),NFCORE_CHIPSEQ:CHIPSEQ:ALIGN_BWA_MEM:BWA_MEM (EZH2_IP_NTKO_REP2_T1) (43),1478667,43
,,0,2024-01-24T01:04:49.09644135Z,2024-02-23T01:04:49.09644135Z,2024-02-22T07:44:16.952596164Z,1187.4938,docker_cpu_usage_pct,NFCORE_CHIPSEQ:CHIPSEQ:ALIGN_BWA_MEM:BWA_MEM (EZH2_IP_NTKO_REP2_T1) (43),NFCORE_CHIPSEQ:CHIPSEQ:ALIGN_BWA_MEM:BWA_MEM (EZH2_IP_NTKO_REP2_T1) (43),1478667,43
,,0,2024-01-24T01:04:49.09644135Z,2024-02-23T01:04:49.09644135Z,2024-02-22T07:44:18.952985102Z,1184.6116,docker_cpu_usage_pct,NFCORE_CHIPSEQ:CHIPSEQ:ALIGN_BWA_MEM:BWA_MEM (EZH2_IP_NTKO_REP2_T1) (43),NFCORE_CHIPSEQ:CHIPSEQ:ALIGN_BWA_MEM:BWA_MEM (EZH2_IP_NTKO_REP2_T1) (43),1478667,43
,,0,2024-01-24T01:04:49.09644135Z,2024-02-23T01:04:49.09644135Z,2024-02-22T07:44:20.952684245Z,1180.2256,docker_cpu_usage_pct,NFCORE_CHIPSEQ:CHIPSEQ:ALIGN_BWA_MEM:BWA_MEM (EZH2_IP_NTKO_REP2_T1) (43),NFCORE_CHIPSEQ:CHIPSEQ:ALIGN_BWA_MEM:BWA_MEM (EZH2_IP_NTKO_REP2_T1) (43),1478667,43
,,0,2024-01-24T01:04:49.09644135Z,2024-02-23T01:04:49.09644135Z,2024-02-22T07:44:22.952934894Z,1050.8256,docker_cpu_usage_pct,NFCORE_CHIPSEQ:CHIPSEQ:ALIGN_BWA_MEM:BWA_MEM (EZH2_IP_NTKO_REP2_T1) (43),NFCORE_CHIPSEQ:CHIPSEQ:ALIGN_BWA_MEM:BWA_MEM (EZH2_IP_NTKO_REP2_T1) (43),1478667,43
,,0,2024-01-24T01:04:49.09644135Z,2024-02-23T01:04:49.09644135Z,2024-02-22T07:44:24.952701445Z,1435.9318,docker_cpu_usage_pct,NFCORE_CHIPSEQ:CHIPSEQ:ALIGN_BWA_MEM:BWA_MEM (EZH2_IP_NTKO_REP2_T1) (43),NFCORE_CHIPSEQ:CHIPSEQ:ALIGN_BWA_MEM:BWA_MEM (EZH2_IP_NTKO_REP2_T1) (43),1478667,43
,,0,2024-01-24T01:04:49.09644135Z,2024-02-23T01:04:49.09644135Z,2024-02-22T07:44:26.953117947Z,1465.7602,docker_cpu_usage_pct,NFCORE_CHIPSEQ:CHIPSEQ:ALIGN_BWA_MEM:BWA_MEM (EZH2_IP_NTKO_REP2_T1) (43),NFCORE_CHIPSEQ:CHIPSEQ:ALIGN_BWA_MEM:BWA_MEM (EZH2_IP_NTKO_REP2_T1) (43),1478667,43
,,0,2024-01-24T01:04:49.09644135Z,2024-02-23T01:04:49.09644135Z,2024-02-22T07:44:28.952502832Z,1390.8168,docker_cpu_usage_pct,NFCORE_CHIPSEQ:CHIPSEQ:ALIGN_BWA_MEM:BWA_MEM (EZH2_IP_NTKO_REP2_T1) (43),NFCORE_CHIPSEQ:CHIPSEQ:ALIGN_BWA_MEM:BWA_MEM (EZH2_IP_NTKO_REP2_T1) (43),1478667,43
,,0,2024-01-24T01:04:49.09644135Z,2024-02-23T01:04:49.09644135Z,2024-02-22T07:44:30.953028503Z,1274.6289,docker_cpu_usage_pct,NFCORE_CHIPSEQ:CHIPSEQ:ALIGN_BWA_MEM:BWA_MEM (EZH2_IP_NTKO_REP2_T1) (43),NFCORE_CHIPSEQ:CHIPSEQ:ALIGN_BWA_MEM:BWA_MEM (EZH2_IP_NTKO_REP2_T1) (43),1478667,43
,,0,2024-01-24T01:04:49.09644135Z,2024-02-23T01:04:49.09644135Z,2024-02-22T07:44:32.952616581Z,1176.2384,docker_cpu_usage_pct,NFCORE_CHIPSEQ:CHIPSEQ:ALIGN_BWA_MEM:BWA_MEM (EZH2_IP_NTKO_REP2_T1) (43),NFCORE_CHIPSEQ:CHIPSEQ:ALIGN_BWA_MEM:BWA_MEM (EZH2_IP_NTKO_REP2_T1) (43),1478667,43
,,0,2024-01-24T01:04:49.09644135Z,2024-02-23T01:04:49.09644135Z,2024-02-22T07:44:34.952246549Z,1186.4344,docker_cpu_usage_pct,NFCORE_CHIPSEQ:CHIPSEQ:ALIGN_BWA_MEM:BWA_MEM (EZH2_IP_NTKO_REP2_T1) (43),NFCORE_CHIPSEQ:CHIPSEQ:ALIGN_BWA_MEM:BWA_MEM (EZH2_IP_NTKO_REP2_T1) (43),1478667,43
,,0,2024-01-24T01:04:49.09644135Z,2024-02-23T01:04:49.09644135Z,2024-02-22T07:44:36.952987712Z,1176.963,docker_cpu_usage_pct,NFCORE_CHIPSEQ:CHIPSEQ:ALIGN_BWA_MEM:BWA_MEM (EZH2_IP_NTKO_REP2_T1) (43),NFCORE_CHIPSEQ:CHIPSEQ:ALIGN_BWA_MEM:BWA_MEM (EZH2_IP_NTKO_REP2_T1) (43),1478667,43
,,0,2024-01-24T01:04:49.09644135Z,2024-02-23T01:04:49.09644135Z,2024-02-22T07:44:38.952493042Z,1181.3318,docker_cpu_usage_pct,NFCORE_CHIPSEQ:CHIPSEQ:ALIGN_BWA_MEM:BWA_MEM (EZH2_IP_NTKO_REP2_T1) (43),NFCORE_CHIPSEQ:CHIPSEQ:ALIGN_BWA_MEM:BWA_MEM (EZH2_IP_NTKO_REP2_T1) (43),1478667,43
,,0,2024-01-24T01:04:49.09644135Z,2024-02-23T01:04:49.09644135Z,2024-02-22T07:44:40.953098477Z,1188.2489,docker_cpu_usage_pct,NFCORE_CHIPSEQ:CHIPSEQ:ALIGN_BWA_MEM:BWA_MEM (EZH2_IP_NTKO_REP2_T1) (43),NFCORE_CHIPSEQ:CHIPSEQ:ALIGN_BWA_MEM:BWA_MEM (EZH2_IP_NTKO_REP2_T1) (43),1478667,43
,,0,2024-01-24T01:04:49.09644135Z,2024-02-23T01:04:49.09644135Z,2024-02-22T07:44:42.952559252Z,1175.1771,docker_cpu_usage_pct,NFCORE_CHIPSEQ:CHIPSEQ:ALIGN_BWA_MEM:BWA_MEM (EZH2_IP_NTKO_REP2_T1) (43),NFCORE_CHIPSEQ:CHIPSEQ:ALIGN_BWA_MEM:BWA_MEM (EZH2_IP_NTKO_REP2_T1) (43),1478667,43
,,0,2024-01-24T01:04:49.09644135Z,2024-02-23T01:04:49.09644135Z,2024-02-22T07:44:44.953018938Z,1175.4288,docker_cpu_usage_pct,NFCORE_CHIPSEQ:CHIPSEQ:ALIGN_BWA_MEM:BWA_MEM (EZH2_IP_NTKO_REP2_T1) (43),NFCORE_CHIPSEQ:CHIPSEQ:ALIGN_BWA_MEM:BWA_MEM (EZH2_IP_NTKO_REP2_T1) (43),1478667,43
,,0,2024-01-24T01:04:49.09644135Z,2024-02-23T01:04:49.09644135Z,2024-02-22T07:44:46.952562503Z,1176.9544,docker_cpu_usage_pct,NFCORE_CHIPSEQ:CHIPSEQ:ALIGN_BWA_MEM:BWA_MEM (EZH2_IP_NTKO_REP2_T1) (43),NFCORE_CHIPSEQ:CHIPSEQ:ALIGN_BWA_MEM:BWA_MEM (EZH2_IP_NTKO_REP2_T1) (43),1478667,43
,,0,2024-01-24T01:04:49.09644135Z,2024-02-23T01:04:49.09644135Z,2024-02-22T07:44:48.952276631Z,1172.292,docker_cpu_usage_pct,NFCORE_CHIPSEQ:CHIPSEQ:ALIGN_BWA_MEM:BWA_MEM (EZH2_IP_NTKO_REP2_T1) (43),NFCORE_CHIPSEQ:CHIPSEQ:ALIGN_BWA_MEM:BWA_MEM (EZH2_IP_NTKO_REP2_T1) (43),1478667,43
,,0,2024-01-24T01:04:49.09644135Z,2024-02-23T01:04:49.09644135Z,2024-02-22T07:44:50.952769563Z,1187.8723,docker_cpu_usage_pct,NFCORE_CHIPSEQ:CHIPSEQ:ALIGN_BWA_MEM:BWA_MEM (EZH2_IP_NTKO_REP2_T1) (43),NFCORE_CHIPSEQ:CHIPSEQ:ALIGN_BWA_MEM:BWA_MEM (EZH2_IP_NTKO_REP2_T1) (43),1478667,43
,,0,2024-01-24T01:04:49.09644135Z,2024-02-23T01:04:49.09644135Z,2024-02-22T07:44:52.952409945Z,1176.9824,docker_cpu_usage_pct,NFCORE_CHIPSEQ:CHIPSEQ:ALIGN_BWA_MEM:BWA_MEM (EZH2_IP_NTKO_REP2_T1) (43),NFCORE_CHIPSEQ:CHIPSEQ:ALIGN_BWA_MEM:BWA_MEM (EZH2_IP_NTKO_REP2_T1) (43),1478667,43
,,0,2024-01-24T01:04:49.09644135Z,2024-02-23T01:04:49.09644135Z,2024-02-22T07:44:54.952966466Z,1191.4471,docker_cpu_usage_pct,NFCORE_CHIPSEQ:CHIPSEQ:ALIGN_BWA_MEM:BWA_MEM (EZH2_IP_NTKO_REP2_T1) (43),NFCORE_CHIPSEQ:CHIPSEQ:ALIGN_BWA_MEM:BWA_MEM (EZH2_IP_NTKO_REP2_T1) (43),1478667,43
,,0,2024-01-24T01:04:49.09644135Z,2024-02-23T01:04:49.09644135Z,2024-02-22T07:44:56.95247166Z,1195.6499,docker_cpu_usage_pct,NFCORE_CHIPSEQ:CHIPSEQ:ALIGN_BWA_MEM:BWA_MEM (EZH2_IP_NTKO_REP2_T1) (43),NFCORE_CHIPSEQ:CHIPSEQ:ALIGN_BWA_MEM:BWA_MEM (EZH2_IP_NTKO_REP2_T1) (43),1478667,43
,,0,2024-01-24T01:04:49.09644135Z,2024-02-23T01:04:49.09644135Z,2024-02-22T07:44:58.953036718Z,1199.0236,docker_cpu_usage_pct,NFCORE_CHIPSEQ:CHIPSEQ:ALIGN_BWA_MEM:BWA_MEM (EZH2_IP_NTKO_REP2_T1) (43),NFCORE_CHIPSEQ:CHIPSEQ:ALIGN_BWA_MEM:BWA_MEM (EZH2_IP_NTKO_REP2_T1) (43),1478667,43
,,0,2024-01-24T01:04:49.09644135Z,2024-02-23T01:04:49.09644135Z,2024-02-22T07:45:00.952552469Z,1045.6244,docker_cpu_usage_pct,NFCORE_CHIPSEQ:CHIPSEQ:ALIGN_BWA_MEM:BWA_MEM (EZH2_IP_NTKO_REP2_T1) (43),NFCORE_CHIPSEQ:CHIPSEQ:ALIGN_BWA_MEM:BWA_MEM (EZH2_IP_NTKO_REP2_T1) (43),1478667,43
,,0,2024-01-24T01:04:49.09644135Z,2024-02-23T01:04:49.09644135Z,2024-02-22T07:45:02.953228907Z,1432.4915,docker_cpu_usage_pct,NFCORE_CHIPSEQ:CHIPSEQ:ALIGN_BWA_MEM:BWA_MEM (EZH2_IP_NTKO_REP2_T1) (43),NFCORE_CHIPSEQ:CHIPSEQ:ALIGN_BWA_MEM:BWA_MEM (EZH2_IP_NTKO_REP2_T1) (43),1478667,43
,,0,2024-01-24T01:04:49.09644135Z,2024-02-23T01:04:49.09644135Z,2024-02-22T07:45:04.952521477Z,1464.9575,docker_cpu_usage_pct,NFCORE_CHIPSEQ:CHIPSEQ:ALIGN_BWA_MEM:BWA_MEM (EZH2_IP_NTKO_REP2_T1) (43),NFCORE_CHIPSEQ:CHIPSEQ:ALIGN_BWA_MEM:BWA_MEM (EZH2_IP_NTKO_REP2_T1) (43),1478667,43
,,0,2024-01-24T01:04:49.09644135Z,2024-02-23T01:04:49.09644135Z,2024-02-22T07:45:06.952130116Z,1379.9892,docker_cpu_usage_pct,NFCORE_CHIPSEQ:CHIPSEQ:ALIGN_BWA_MEM:BWA_MEM (EZH2_IP_NTKO_REP2_T1) (43),NFCORE_CHIPSEQ:CHIPSEQ:ALIGN_BWA_MEM:BWA_MEM (EZH2_IP_NTKO_REP2_T1) (43),1478667,43
,,0,2024-01-24T01:04:49.09644135Z,2024-02-23T01:04:49.09644135Z,2024-02-22T07:45:08.952755587Z,1275.0197,docker_cpu_usage_pct,NFCORE_CHIPSEQ:CHIPSEQ:ALIGN_BWA_MEM:BWA_MEM (EZH2_IP_NTKO_REP2_T1) (43),NFCORE_CHIPSEQ:CHIPSEQ:ALIGN_BWA_MEM:BWA_MEM (EZH2_IP_NTKO_REP2_T1) (43),1478667,43
,,0,2024-01-24T01:04:49.09644135Z,2024-02-23T01:04:49.09644135Z,2024-02-22T07:45:10.952389554Z,1184.5703,docker_cpu_usage_pct,NFCORE_CHIPSEQ:CHIPSEQ:ALIGN_BWA_MEM:BWA_MEM (EZH2_IP_NTKO_REP2_T1) (43),NFCORE_CHIPSEQ:CHIPSEQ:ALIGN_BWA_MEM:BWA_MEM (EZH2_IP_NTKO_REP2_T1) (43),1478667,43
,,0,2024-01-24T01:04:49.09644135Z,2024-02-23T01:04:49.09644135Z,2024-02-22T07:45:12.952582927Z,1180.1992,docker_cpu_usage_pct,NFCORE_CHIPSEQ:CHIPSEQ:ALIGN_BWA_MEM:BWA_MEM (EZH2_IP_NTKO_REP2_T1) (43),NFCORE_CHIPSEQ:CHIPSEQ:ALIGN_BWA_MEM:BWA_MEM (EZH2_IP_NTKO_REP2_T1) (43),1478667,43
,,0,2024-01-24T01:04:49.09644135Z,2024-02-23T01:04:49.09644135Z,2024-02-22T07:45:14.952452219Z,1177.3294,docker_cpu_usage_pct,NFCORE_CHIPSEQ:CHIPSEQ:ALIGN_BWA_MEM:BWA_MEM (EZH2_IP_NTKO_REP2_T1) (43),NFCORE_CHIPSEQ:CHIPSEQ:ALIGN_BWA_MEM:BWA_MEM (EZH2_IP_NTKO_REP2_T1) (43),1478667,43
,,0,2024-01-24T01:04:49.09644135Z,2024-02-23T01:04:49.09644135Z,2024-02-22T07:45:16.952795924Z,1175.1495,docker_cpu_usage_pct,NFCORE_CHIPSEQ:CHIPSEQ:ALIGN_BWA_MEM:BWA_MEM (EZH2_IP_NTKO_REP2_T1) (43),NFCORE_CHIPSEQ:CHIPSEQ:ALIGN_BWA_MEM:BWA_MEM (EZH2_IP_NTKO_REP2_T1) (43),1478667,43
,,0,2024-01-24T01:04:49.09644135Z,2024-02-23T01:04:49.09644135Z,2024-02-22T07:45:18.952646321Z,1172.2788,docker_cpu_usage_pct,NFCORE_CHIPSEQ:CHIPSEQ:ALIGN_BWA_MEM:BWA_MEM (EZH2_IP_NTKO_REP2_T1) (43),NFCORE_CHIPSEQ:CHIPSEQ:ALIGN_BWA_MEM:BWA_MEM (EZH2_IP_NTKO_REP2_T1) (43),1478667,43
,,0,2024-01-24T01:04:49.09644135Z,2024-02-23T01:04:49.09644135Z,2024-02-22T07:45:21.952139114Z,1171.5652,docker_cpu_usage_pct,NFCORE_CHIPSEQ:CHIPSEQ:ALIGN_BWA_MEM:BWA_MEM (EZH2_IP_NTKO_REP2_T1) (43),NFCORE_CHIPSEQ:CHIPSEQ:ALIGN_BWA_MEM:BWA_MEM (EZH2_IP_NTKO_REP2_T1) (43),1478667,43
,,0,2024-01-24T01:04:49.09644135Z,2024-02-23T01:04:49.09644135Z,2024-02-22T07:45:22.952404822Z,1173.7048,docker_cpu_usage_pct,NFCORE_CHIPSEQ:CHIPSEQ:ALIGN_BWA_MEM:BWA_MEM (EZH2_IP_NTKO_REP2_T1) (43),NFCORE_CHIPSEQ:CHIPSEQ:ALIGN_BWA_MEM:BWA_MEM (EZH2_IP_NTKO_REP2_T1) (43),1478667,43
,,0,2024-01-24T01:04:49.09644135Z,2024-02-23T01:04:49.09644135Z,2024-02-22T07:45:25.952070156Z,1186.9074,docker_cpu_usage_pct,NFCORE_CHIPSEQ:CHIPSEQ:ALIGN_BWA_MEM:BWA_MEM (EZH2_IP_NTKO_REP2_T1) (43),NFCORE_CHIPSEQ:CHIPSEQ:ALIGN_BWA_MEM:BWA_MEM (EZH2_IP_NTKO_REP2_T1) (43),1478667,43
,,0,2024-01-24T01:04:49.09644135Z,2024-02-23T01:04:49.09644135Z,2024-02-22T07:45:27.952782994Z,1186.0261,docker_cpu_usage_pct,NFCORE_CHIPSEQ:CHIPSEQ:ALIGN_BWA_MEM:BWA_MEM (EZH2_IP_NTKO_REP2_T1) (43),NFCORE_CHIPSEQ:CHIPSEQ:ALIGN_BWA_MEM:BWA_MEM (EZH2_IP_NTKO_REP2_T1) (43),1478667,43
,,0,2024-01-24T01:04:49.09644135Z,2024-02-23T01:04:49.09644135Z,2024-02-22T07:45:29.952475357Z,1175.1545,docker_cpu_usage_pct,NFCORE_CHIPSEQ:CHIPSEQ:ALIGN_BWA_MEM:BWA_MEM (EZH2_IP_NTKO_REP2_T1) (43),NFCORE_CHIPSEQ:CHIPSEQ:ALIGN_BWA_MEM:BWA_MEM (EZH2_IP_NTKO_REP2_T1) (43),1478667,43
,,0,2024-01-24T01:04:49.09644135Z,2024-02-23T01:04:49.09644135Z,2024-02-22T07:45:31.952913833Z,1173.3715,docker_cpu_usage_pct,NFCORE_CHIPSEQ:CHIPSEQ:ALIGN_BWA_MEM:BWA_MEM (EZH2_IP_NTKO_REP2_T1) (43),NFCORE_CHIPSEQ:CHIPSEQ:ALIGN_BWA_MEM:BWA_MEM (EZH2_IP_NTKO_REP2_T1) (43),1478667,43
,,0,2024-01-24T01:04:49.09644135Z,2024-02-23T01:04:49.09644135Z,2024-02-22T07:45:33.952460038Z,1181.6621,docker_cpu_usage_pct,NFCORE_CHIPSEQ:CHIPSEQ:ALIGN_BWA_MEM:BWA_MEM (EZH2_IP_NTKO_REP2_T1) (43),NFCORE_CHIPSEQ:CHIPSEQ:ALIGN_BWA_MEM:BWA_MEM (EZH2_IP_NTKO_REP2_T1) (43),1478667,43
,,0,2024-01-24T01:04:49.09644135Z,2024-02-23T01:04:49.09644135Z,2024-02-22T07:45:35.953031085Z,1178.7688,docker_cpu_usage_pct,NFCORE_CHIPSEQ:CHIPSEQ:ALIGN_BWA_MEM:BWA_MEM (EZH2_IP_NTKO_REP2_T1) (43),NFCORE_CHIPSEQ:CHIPSEQ:ALIGN_BWA_MEM:BWA_MEM (EZH2_IP_NTKO_REP2_T1) (43),1478667,43
,,0,2024-01-24T01:04:49.09644135Z,2024-02-23T01:04:49.09644135Z,2024-02-22T07:45:37.95238442Z,1178.0681,docker_cpu_usage_pct,NFCORE_CHIPSEQ:CHIPSEQ:ALIGN_BWA_MEM:BWA_MEM (EZH2_IP_NTKO_REP2_T1) (43),NFCORE_CHIPSEQ:CHIPSEQ:ALIGN_BWA_MEM:BWA_MEM (EZH2_IP_NTKO_REP2_T1) (43),1478667,43
,,0,2024-01-24T01:04:49.09644135Z,2024-02-23T01:04:49.09644135Z,2024-02-22T07:45:39.953119599Z,1075.3074,docker_cpu_usage_pct,NFCORE_CHIPSEQ:CHIPSEQ:ALIGN_BWA_MEM:BWA_MEM (EZH2_IP_NTKO_REP2_T1) (43),NFCORE_CHIPSEQ:CHIPSEQ:ALIGN_BWA_MEM:BWA_MEM (EZH2_IP_NTKO_REP2_T1) (43),1478667,43
,,0,2024-01-24T01:04:49.09644135Z,2024-02-23T01:04:49.09644135Z,2024-02-22T07:45:41.952756211Z,1425.1713,docker_cpu_usage_pct,NFCORE_CHIPSEQ:CHIPSEQ:ALIGN_BWA_MEM:BWA_MEM (EZH2_IP_NTKO_REP2_T1) (43),NFCORE_CHIPSEQ:CHIPSEQ:ALIGN_BWA_MEM:BWA_MEM (EZH2_IP_NTKO_REP2_T1) (43),1478667,43
,,0,2024-01-24T01:04:49.09644135Z,2024-02-23T01:04:49.09644135Z,2024-02-22T07:45:43.953060793Z,1466.9048,docker_cpu_usage_pct,NFCORE_CHIPSEQ:CHIPSEQ:ALIGN_BWA_MEM:BWA_MEM (EZH2_IP_NTKO_REP2_T1) (43),NFCORE_CHIPSEQ:CHIPSEQ:ALIGN_BWA_MEM:BWA_MEM (EZH2_IP_NTKO_REP2_T1) (43),1478667,43
,,0,2024-01-24T01:04:49.09644135Z,2024-02-23T01:04:49.09644135Z,2024-02-22T07:45:45.952580148Z,1369.895,docker_cpu_usage_pct,NFCORE_CHIPSEQ:CHIPSEQ:ALIGN_BWA_MEM:BWA_MEM (EZH2_IP_NTKO_REP2_T1) (43),NFCORE_CHIPSEQ:CHIPSEQ:ALIGN_BWA_MEM:BWA_MEM (EZH2_IP_NTKO_REP2_T1) (43),1478667,43
,,0,2024-01-24T01:04:49.09644135Z,2024-02-23T01:04:49.09644135Z,2024-02-22T07:45:47.952413121Z,1289.676,docker_cpu_usage_pct,NFCORE_CHIPSEQ:CHIPSEQ:ALIGN_BWA_MEM:BWA_MEM (EZH2_IP_NTKO_REP2_T1) (43),NFCORE_CHIPSEQ:CHIPSEQ:ALIGN_BWA_MEM:BWA_MEM (EZH2_IP_NTKO_REP2_T1) (43),1478667,43
,,0,2024-01-24T01:04:49.09644135Z,2024-02-23T01:04:49.09644135Z,2024-02-22T07:45:49.952916324Z,1175.1531,docker_cpu_usage_pct,NFCORE_CHIPSEQ:CHIPSEQ:ALIGN_BWA_MEM:BWA_MEM (EZH2_IP_NTKO_REP2_T1) (43),NFCORE_CHIPSEQ:CHIPSEQ:ALIGN_BWA_MEM:BWA_MEM (EZH2_IP_NTKO_REP2_T1) (43),1478667,43
,,0,2024-01-24T01:04:49.09644135Z,2024-02-23T01:04:49.09644135Z,2024-02-22T07:45:51.952577119Z,1174.7887,docker_cpu_usage_pct,NFCORE_CHIPSEQ:CHIPSEQ:ALIGN_BWA_MEM:BWA_MEM (EZH2_IP_NTKO_REP2_T1) (43),NFCORE_CHIPSEQ:CHIPSEQ:ALIGN_BWA_MEM:BWA_MEM (EZH2_IP_NTKO_REP2_T1) (43),1478667,43
,,0,2024-01-24T01:04:49.09644135Z,2024-02-23T01:04:49.09644135Z,2024-02-22T07:45:53.952826591Z,1198.9293,docker_cpu_usage_pct,NFCORE_CHIPSEQ:CHIPSEQ:ALIGN_BWA_MEM:BWA_MEM (EZH2_IP_NTKO_REP2_T1) (43),NFCORE_CHIPSEQ:CHIPSEQ:ALIGN_BWA_MEM:BWA_MEM (EZH2_IP_NTKO_REP2_T1) (43),1478667,43
,,0,2024-01-24T01:04:49.09644135Z,2024-02-23T01:04:49.09644135Z,2024-02-22T07:45:55.95240892Z,1209.5894,docker_cpu_usage_pct,NFCORE_CHIPSEQ:CHIPSEQ:ALIGN_BWA_MEM:BWA_MEM (EZH2_IP_NTKO_REP2_T1) (43),NFCORE_CHIPSEQ:CHIPSEQ:ALIGN_BWA_MEM:BWA_MEM (EZH2_IP_NTKO_REP2_T1) (43),1478667,43
,,0,2024-01-24T01:04:49.09644135Z,2024-02-23T01:04:49.09644135Z,2024-02-22T07:45:57.952768102Z,1201.195,docker_cpu_usage_pct,NFCORE_CHIPSEQ:CHIPSEQ:ALIGN_BWA_MEM:BWA_MEM (EZH2_IP_NTKO_REP2_T1) (43),NFCORE_CHIPSEQ:CHIPSEQ:ALIGN_BWA_MEM:BWA_MEM (EZH2_IP_NTKO_REP2_T1) (43),1478667,43
,,0,2024-01-24T01:04:49.09644135Z,2024-02-23T01:04:49.09644135Z,2024-02-22T07:45:59.952469763Z,1201.583,docker_cpu_usage_pct,NFCORE_CHIPSEQ:CHIPSEQ:ALIGN_BWA_MEM:BWA_MEM (EZH2_IP_NTKO_REP2_T1) (43),NFCORE_CHIPSEQ:CHIPSEQ:ALIGN_BWA_MEM:BWA_MEM (EZH2_IP_NTKO_REP2_T1) (43),1478667,43
,,0,2024-01-24T01:04:49.09644135Z,2024-02-23T01:04:49.09644135Z,2024-02-22T07:46:01.953176803Z,1196.0587,docker_cpu_usage_pct,NFCORE_CHIPSEQ:CHIPSEQ:ALIGN_BWA_MEM:BWA_MEM (EZH2_IP_NTKO_REP2_T1) (43),NFCORE_CHIPSEQ:CHIPSEQ:ALIGN_BWA_MEM:BWA_MEM (EZH2_IP_NTKO_REP2_T1) (43),1478667,43
,,0,2024-01-24T01:04:49.09644135Z,2024-02-23T01:04:49.09644135Z,2024-02-22T07:46:03.952634752Z,1175.5222,docker_cpu_usage_pct,NFCORE_CHIPSEQ:CHIPSEQ:ALIGN_BWA_MEM:BWA_MEM (EZH2_IP_NTKO_REP2_T1) (43),NFCORE_CHIPSEQ:CHIPSEQ:ALIGN_BWA_MEM:BWA_MEM (EZH2_IP_NTKO_REP2_T1) (43),1478667,43
,,0,2024-01-24T01:04:49.09644135Z,2024-02-23T01:04:49.09644135Z,2024-02-22T07:46:05.952269245Z,1191.2156,docker_cpu_usage_pct,NFCORE_CHIPSEQ:CHIPSEQ:ALIGN_BWA_MEM:BWA_MEM (EZH2_IP_NTKO_REP2_T1) (43),NFCORE_CHIPSEQ:CHIPSEQ:ALIGN_BWA_MEM:BWA_MEM (EZH2_IP_NTKO_REP2_T1) (43),1478667,43
,,0,2024-01-24T01:04:49.09644135Z,2024-02-23T01:04:49.09644135Z,2024-02-22T07:46:07.952875568Z,1190.838,docker_cpu_usage_pct,NFCORE_CHIPSEQ:CHIPSEQ:ALIGN_BWA_MEM:BWA_MEM (EZH2_IP_NTKO_REP2_T1) (43),NFCORE_CHIPSEQ:CHIPSEQ:ALIGN_BWA_MEM:BWA_MEM (EZH2_IP_NTKO_REP2_T1) (43),1478667,43
,,0,2024-01-24T01:04:49.09644135Z,2024-02-23T01:04:49.09644135Z,2024-02-22T07:46:09.952344773Z,1191.583,docker_cpu_usage_pct,NFCORE_CHIPSEQ:CHIPSEQ:ALIGN_BWA_MEM:BWA_MEM (EZH2_IP_NTKO_REP2_T1) (43),NFCORE_CHIPSEQ:CHIPSEQ:ALIGN_BWA_MEM:BWA_MEM (EZH2_IP_NTKO_REP2_T1) (43),1478667,43
,,0,2024-01-24T01:04:49.09644135Z,2024-02-23T01:04:49.09644135Z,2024-02-22T07:46:11.953029716Z,1182.0279,docker_cpu_usage_pct,NFCORE_CHIPSEQ:CHIPSEQ:ALIGN_BWA_MEM:BWA_MEM (EZH2_IP_NTKO_REP2_T1) (43),NFCORE_CHIPSEQ:CHIPSEQ:ALIGN_BWA_MEM:BWA_MEM (EZH2_IP_NTKO_REP2_T1) (43),1478667,43
,,0,2024-01-24T01:04:49.09644135Z,2024-02-23T01:04:49.09644135Z,2024-02-22T07:46:13.952405794Z,1185.6744,docker_cpu_usage_pct,NFCORE_CHIPSEQ:CHIPSEQ:ALIGN_BWA_MEM:BWA_MEM (EZH2_IP_NTKO_REP2_T1) (43),NFCORE_CHIPSEQ:CHIPSEQ:ALIGN_BWA_MEM:BWA_MEM (EZH2_IP_NTKO_REP2_T1) (43),1478667,43
,,0,2024-01-24T01:04:49.09644135Z,2024-02-23T01:04:49.09644135Z,2024-02-22T07:46:15.9529541Z,1193.728,docker_cpu_usage_pct,NFCORE_CHIPSEQ:CHIPSEQ:ALIGN_BWA_MEM:BWA_MEM (EZH2_IP_NTKO_REP2_T1) (43),NFCORE_CHIPSEQ:CHIPSEQ:ALIGN_BWA_MEM:BWA_MEM (EZH2_IP_NTKO_REP2_T1) (43),1478667,43
,,0,2024-01-24T01:04:49.09644135Z,2024-02-23T01:04:49.09644135Z,2024-02-22T07:46:17.952512861Z,1086.2909,docker_cpu_usage_pct,NFCORE_CHIPSEQ:CHIPSEQ:ALIGN_BWA_MEM:BWA_MEM (EZH2_IP_NTKO_REP2_T1) (43),NFCORE_CHIPSEQ:CHIPSEQ:ALIGN_BWA_MEM:BWA_MEM (EZH2_IP_NTKO_REP2_T1) (43),1478667,43
,,0,2024-01-24T01:04:49.09644135Z,2024-02-23T01:04:49.09644135Z,2024-02-22T07:46:19.953060293Z,1440.031,docker_cpu_usage_pct,NFCORE_CHIPSEQ:CHIPSEQ:ALIGN_BWA_MEM:BWA_MEM (EZH2_IP_NTKO_REP2_T1) (43),NFCORE_CHIPSEQ:CHIPSEQ:ALIGN_BWA_MEM:BWA_MEM (EZH2_IP_NTKO_REP2_T1) (43),1478667,43
,,0,2024-01-24T01:04:49.09644135Z,2024-02-23T01:04:49.09644135Z,2024-02-22T07:46:21.952576851Z,1462.1759,docker_cpu_usage_pct,NFCORE_CHIPSEQ:CHIPSEQ:ALIGN_BWA_MEM:BWA_MEM (EZH2_IP_NTKO_REP2_T1) (43),NFCORE_CHIPSEQ:CHIPSEQ:ALIGN_BWA_MEM:BWA_MEM (EZH2_IP_NTKO_REP2_T1) (43),1478667,43
,,0,2024-01-24T01:04:49.09644135Z,2024-02-23T01:04:49.09644135Z,2024-02-22T07:46:23.952122668Z,1466.0494,docker_cpu_usage_pct,NFCORE_CHIPSEQ:CHIPSEQ:ALIGN_BWA_MEM:BWA_MEM (EZH2_IP_NTKO_REP2_T1) (43),NFCORE_CHIPSEQ:CHIPSEQ:ALIGN_BWA_MEM:BWA_MEM (EZH2_IP_NTKO_REP2_T1) (43),1478667,43
,,0,2024-01-24T01:04:49.09644135Z,2024-02-23T01:04:49.09644135Z,2024-02-22T07:46:25.952837601Z,1295.3849,docker_cpu_usage_pct,NFCORE_CHIPSEQ:CHIPSEQ:ALIGN_BWA_MEM:BWA_MEM (EZH2_IP_NTKO_REP2_T1) (43),NFCORE_CHIPSEQ:CHIPSEQ:ALIGN_BWA_MEM:BWA_MEM (EZH2_IP_NTKO_REP2_T1) (43),1478667,43
,,0,2024-01-24T01:04:49.09644135Z,2024-02-23T01:04:49.09644135Z,2024-02-22T07:46:27.952480698Z,1198.6472,docker_cpu_usage_pct,NFCORE_CHIPSEQ:CHIPSEQ:ALIGN_BWA_MEM:BWA_MEM (EZH2_IP_NTKO_REP2_T1) (43),NFCORE_CHIPSEQ:CHIPSEQ:ALIGN_BWA_MEM:BWA_MEM (EZH2_IP_NTKO_REP2_T1) (43),1478667,43
,,0,2024-01-24T01:04:49.09644135Z,2024-02-23T01:04:49.09644135Z,2024-02-22T07:46:29.953039274Z,1183.4859,docker_cpu_usage_pct,NFCORE_CHIPSEQ:CHIPSEQ:ALIGN_BWA_MEM:BWA_MEM (EZH2_IP_NTKO_REP2_T1) (43),NFCORE_CHIPSEQ:CHIPSEQ:ALIGN_BWA_MEM:BWA_MEM (EZH2_IP_NTKO_REP2_T1) (43),1478667,43
,,0,2024-01-24T01:04:49.09644135Z,2024-02-23T01:04:49.09644135Z,2024-02-22T07:46:31.952626086Z,1177.3319,docker_cpu_usage_pct,NFCORE_CHIPSEQ:CHIPSEQ:ALIGN_BWA_MEM:BWA_MEM (EZH2_IP_NTKO_REP2_T1) (43),NFCORE_CHIPSEQ:CHIPSEQ:ALIGN_BWA_MEM:BWA_MEM (EZH2_IP_NTKO_REP2_T1) (43),1478667,43
,,0,2024-01-24T01:04:49.09644135Z,2024-02-23T01:04:49.09644135Z,2024-02-22T07:46:33.952981392Z,1178.7759,docker_cpu_usage_pct,NFCORE_CHIPSEQ:CHIPSEQ:ALIGN_BWA_MEM:BWA_MEM (EZH2_IP_NTKO_REP2_T1) (43),NFCORE_CHIPSEQ:CHIPSEQ:ALIGN_BWA_MEM:BWA_MEM (EZH2_IP_NTKO_REP2_T1) (43),1478667,43
,,0,2024-01-24T01:04:49.09644135Z,2024-02-23T01:04:49.09644135Z,2024-02-22T07:46:35.952525539Z,1177.6764,docker_cpu_usage_pct,NFCORE_CHIPSEQ:CHIPSEQ:ALIGN_BWA_MEM:BWA_MEM (EZH2_IP_NTKO_REP2_T1) (43),NFCORE_CHIPSEQ:CHIPSEQ:ALIGN_BWA_MEM:BWA_MEM (EZH2_IP_NTKO_REP2_T1) (43),1478667,43
,,0,2024-01-24T01:04:49.09644135Z,2024-02-23T01:04:49.09644135Z,2024-02-22T07:46:37.952295694Z,1175.5246,docker_cpu_usage_pct,NFCORE_CHIPSEQ:CHIPSEQ:ALIGN_BWA_MEM:BWA_MEM (EZH2_IP_NTKO_REP2_T1) (43),NFCORE_CHIPSEQ:CHIPSEQ:ALIGN_BWA_MEM:BWA_MEM (EZH2_IP_NTKO_REP2_T1) (43),1478667,43
,,0,2024-01-24T01:04:49.09644135Z,2024-02-23T01:04:49.09644135Z,2024-02-22T07:46:39.952819691Z,1178.0421,docker_cpu_usage_pct,NFCORE_CHIPSEQ:CHIPSEQ:ALIGN_BWA_MEM:BWA_MEM (EZH2_IP_NTKO_REP2_T1) (43),NFCORE_CHIPSEQ:CHIPSEQ:ALIGN_BWA_MEM:BWA_MEM (EZH2_IP_NTKO_REP2_T1) (43),1478667,43
,,0,2024-01-24T01:04:49.09644135Z,2024-02-23T01:04:49.09644135Z,2024-02-22T07:46:41.952503319Z,1178.3948,docker_cpu_usage_pct,NFCORE_CHIPSEQ:CHIPSEQ:ALIGN_BWA_MEM:BWA_MEM (EZH2_IP_NTKO_REP2_T1) (43),NFCORE_CHIPSEQ:CHIPSEQ:ALIGN_BWA_MEM:BWA_MEM (EZH2_IP_NTKO_REP2_T1) (43),1478667,43
,,0,2024-01-24T01:04:49.09644135Z,2024-02-23T01:04:49.09644135Z,2024-02-22T07:46:43.952868638Z,1175.1707,docker_cpu_usage_pct,NFCORE_CHIPSEQ:CHIPSEQ:ALIGN_BWA_MEM:BWA_MEM (EZH2_IP_NTKO_REP2_T1) (43),NFCORE_CHIPSEQ:CHIPSEQ:ALIGN_BWA_MEM:BWA_MEM (EZH2_IP_NTKO_REP2_T1) (43),1478667,43
,,0,2024-01-24T01:04:49.09644135Z,2024-02-23T01:04:49.09644135Z,2024-02-22T07:46:45.952351897Z,1180.9461,docker_cpu_usage_pct,NFCORE_CHIPSEQ:CHIPSEQ:ALIGN_BWA_MEM:BWA_MEM (EZH2_IP_NTKO_REP2_T1) (43),NFCORE_CHIPSEQ:CHIPSEQ:ALIGN_BWA_MEM:BWA_MEM (EZH2_IP_NTKO_REP2_T1) (43),1478667,43
,,0,2024-01-24T01:04:49.09644135Z,2024-02-23T01:04:49.09644135Z,2024-02-22T07:46:47.953073275Z,1180.5909,docker_cpu_usage_pct,NFCORE_CHIPSEQ:CHIPSEQ:ALIGN_BWA_MEM:BWA_MEM (EZH2_IP_NTKO_REP2_T1) (43),NFCORE_CHIPSEQ:CHIPSEQ:ALIGN_BWA_MEM:BWA_MEM (EZH2_IP_NTKO_REP2_T1) (43),1478667,43
,,0,2024-01-24T01:04:49.09644135Z,2024-02-23T01:04:49.09644135Z,2024-02-22T07:46:49.952662975Z,1184.5622,docker_cpu_usage_pct,NFCORE_CHIPSEQ:CHIPSEQ:ALIGN_BWA_MEM:BWA_MEM (EZH2_IP_NTKO_REP2_T1) (43),NFCORE_CHIPSEQ:CHIPSEQ:ALIGN_BWA_MEM:BWA_MEM (EZH2_IP_NTKO_REP2_T1) (43),1478667,43
,,0,2024-01-24T01:04:49.09644135Z,2024-02-23T01:04:49.09644135Z,2024-02-22T07:46:51.953044149Z,1176.1614,docker_cpu_usage_pct,NFCORE_CHIPSEQ:CHIPSEQ:ALIGN_BWA_MEM:BWA_MEM (EZH2_IP_NTKO_REP2_T1) (43),NFCORE_CHIPSEQ:CHIPSEQ:ALIGN_BWA_MEM:BWA_MEM (EZH2_IP_NTKO_REP2_T1) (43),1478667,43
,,0,2024-01-24T01:04:49.09644135Z,2024-02-23T01:04:49.09644135Z,2024-02-22T07:46:53.952575734Z,1201.9237,docker_cpu_usage_pct,NFCORE_CHIPSEQ:CHIPSEQ:ALIGN_BWA_MEM:BWA_MEM (EZH2_IP_NTKO_REP2_T1) (43),NFCORE_CHIPSEQ:CHIPSEQ:ALIGN_BWA_MEM:BWA_MEM (EZH2_IP_NTKO_REP2_T1) (43),1478667,43
,,0,2024-01-24T01:04:49.09644135Z,2024-02-23T01:04:49.09644135Z,2024-02-22T07:46:55.952281143Z,1116.4554,docker_cpu_usage_pct,NFCORE_CHIPSEQ:CHIPSEQ:ALIGN_BWA_MEM:BWA_MEM (EZH2_IP_NTKO_REP2_T1) (43),NFCORE_CHIPSEQ:CHIPSEQ:ALIGN_BWA_MEM:BWA_MEM (EZH2_IP_NTKO_REP2_T1) (43),1478667,43
,,0,2024-01-24T01:04:49.09644135Z,2024-02-23T01:04:49.09644135Z,2024-02-22T07:46:57.952639943Z,1420.8391,docker_cpu_usage_pct,NFCORE_CHIPSEQ:CHIPSEQ:ALIGN_BWA_MEM:BWA_MEM (EZH2_IP_NTKO_REP2_T1) (43),NFCORE_CHIPSEQ:CHIPSEQ:ALIGN_BWA_MEM:BWA_MEM (EZH2_IP_NTKO_REP2_T1) (43),1478667,43
,,0,2024-01-24T01:04:49.09644135Z,2024-02-23T01:04:49.09644135Z,2024-02-22T07:46:59.952086051Z,1454.0152,docker_cpu_usage_pct,NFCORE_CHIPSEQ:CHIPSEQ:ALIGN_BWA_MEM:BWA_MEM (EZH2_IP_NTKO_REP2_T1) (43),NFCORE_CHIPSEQ:CHIPSEQ:ALIGN_BWA_MEM:BWA_MEM (EZH2_IP_NTKO_REP2_T1) (43),1478667,43
,,0,2024-01-24T01:04:49.09644135Z,2024-02-23T01:04:49.09644135Z,2024-02-22T07:47:01.952627423Z,1473.4899,docker_cpu_usage_pct,NFCORE_CHIPSEQ:CHIPSEQ:ALIGN_BWA_MEM:BWA_MEM (EZH2_IP_NTKO_REP2_T1) (43),NFCORE_CHIPSEQ:CHIPSEQ:ALIGN_BWA_MEM:BWA_MEM (EZH2_IP_NTKO_REP2_T1) (43),1478667,43
,,0,2024-01-24T01:04:49.09644135Z,2024-02-23T01:04:49.09644135Z,2024-02-22T07:47:03.952304696Z,1298.91,docker_cpu_usage_pct,NFCORE_CHIPSEQ:CHIPSEQ:ALIGN_BWA_MEM:BWA_MEM (EZH2_IP_NTKO_REP2_T1) (43),NFCORE_CHIPSEQ:CHIPSEQ:ALIGN_BWA_MEM:BWA_MEM (EZH2_IP_NTKO_REP2_T1) (43),1478667,43
,,0,2024-01-24T01:04:49.09644135Z,2024-02-23T01:04:49.09644135Z,2024-02-22T07:47:05.952849976Z,1178.401,docker_cpu_usage_pct,NFCORE_CHIPSEQ:CHIPSEQ:ALIGN_BWA_MEM:BWA_MEM (EZH2_IP_NTKO_REP2_T1) (43),NFCORE_CHIPSEQ:CHIPSEQ:ALIGN_BWA_MEM:BWA_MEM (EZH2_IP_NTKO_REP2_T1) (43),1478667,43
,,0,2024-01-24T01:04:49.09644135Z,2024-02-23T01:04:49.09644135Z,2024-02-22T07:47:07.952201526Z,1183.4698,docker_cpu_usage_pct,NFCORE_CHIPSEQ:CHIPSEQ:ALIGN_BWA_MEM:BWA_MEM (EZH2_IP_NTKO_REP2_T1) (43),NFCORE_CHIPSEQ:CHIPSEQ:ALIGN_BWA_MEM:BWA_MEM (EZH2_IP_NTKO_REP2_T1) (43),1478667,43
,,0,2024-01-24T01:04:49.09644135Z,2024-02-23T01:04:49.09644135Z,2024-02-22T07:47:09.952797485Z,1192.9966,docker_cpu_usage_pct,NFCORE_CHIPSEQ:CHIPSEQ:ALIGN_BWA_MEM:BWA_MEM (EZH2_IP_NTKO_REP2_T1) (43),NFCORE_CHIPSEQ:CHIPSEQ:ALIGN_BWA_MEM:BWA_MEM (EZH2_IP_NTKO_REP2_T1) (43),1478667,43
,,0,2024-01-24T01:04:49.09644135Z,2024-02-23T01:04:49.09644135Z,2024-02-22T07:47:11.952435621Z,1181.6594,docker_cpu_usage_pct,NFCORE_CHIPSEQ:CHIPSEQ:ALIGN_BWA_MEM:BWA_MEM (EZH2_IP_NTKO_REP2_T1) (43),NFCORE_CHIPSEQ:CHIPSEQ:ALIGN_BWA_MEM:BWA_MEM (EZH2_IP_NTKO_REP2_T1) (43),1478667,43
,,0,2024-01-24T01:04:49.09644135Z,2024-02-23T01:04:49.09644135Z,2024-02-22T07:47:13.952798Z,1171.9369,docker_cpu_usage_pct,NFCORE_CHIPSEQ:CHIPSEQ:ALIGN_BWA_MEM:BWA_MEM (EZH2_IP_NTKO_REP2_T1) (43),NFCORE_CHIPSEQ:CHIPSEQ:ALIGN_BWA_MEM:BWA_MEM (EZH2_IP_NTKO_REP2_T1) (43),1478667,43
,,0,2024-01-24T01:04:49.09644135Z,2024-02-23T01:04:49.09644135Z,2024-02-22T07:47:15.952534397Z,1173.3496,docker_cpu_usage_pct,NFCORE_CHIPSEQ:CHIPSEQ:ALIGN_BWA_MEM:BWA_MEM (EZH2_IP_NTKO_REP2_T1) (43),NFCORE_CHIPSEQ:CHIPSEQ:ALIGN_BWA_MEM:BWA_MEM (EZH2_IP_NTKO_REP2_T1) (43),1478667,43
,,0,2024-01-24T01:04:49.09644135Z,2024-02-23T01:04:49.09644135Z,2024-02-22T07:47:17.960432158Z,1178.0306,docker_cpu_usage_pct,NFCORE_CHIPSEQ:CHIPSEQ:ALIGN_BWA_MEM:BWA_MEM (EZH2_IP_NTKO_REP2_T1) (43),NFCORE_CHIPSEQ:CHIPSEQ:ALIGN_BWA_MEM:BWA_MEM (EZH2_IP_NTKO_REP2_T1) (43),1478667,43
,,0,2024-01-24T01:04:49.09644135Z,2024-02-23T01:04:49.09644135Z,2024-02-22T07:47:19.952755441Z,1182.4037,docker_cpu_usage_pct,NFCORE_CHIPSEQ:CHIPSEQ:ALIGN_BWA_MEM:BWA_MEM (EZH2_IP_NTKO_REP2_T1) (43),NFCORE_CHIPSEQ:CHIPSEQ:ALIGN_BWA_MEM:BWA_MEM (EZH2_IP_NTKO_REP2_T1) (43),1478667,43
,,0,2024-01-24T01:04:49.09644135Z,2024-02-23T01:04:49.09644135Z,2024-02-22T07:47:21.953066363Z,1178.0378,docker_cpu_usage_pct,NFCORE_CHIPSEQ:CHIPSEQ:ALIGN_BWA_MEM:BWA_MEM (EZH2_IP_NTKO_REP2_T1) (43),NFCORE_CHIPSEQ:CHIPSEQ:ALIGN_BWA_MEM:BWA_MEM (EZH2_IP_NTKO_REP2_T1) (43),1478667,43
,,0,2024-01-24T01:04:49.09644135Z,2024-02-23T01:04:49.09644135Z,2024-02-22T07:47:23.952904988Z,1174.8088,docker_cpu_usage_pct,NFCORE_CHIPSEQ:CHIPSEQ:ALIGN_BWA_MEM:BWA_MEM (EZH2_IP_NTKO_REP2_T1) (43),NFCORE_CHIPSEQ:CHIPSEQ:ALIGN_BWA_MEM:BWA_MEM (EZH2_IP_NTKO_REP2_T1) (43),1478667,43
,,0,2024-01-24T01:04:49.09644135Z,2024-02-23T01:04:49.09644135Z,2024-02-22T07:47:25.952222024Z,1190.3714,docker_cpu_usage_pct,NFCORE_CHIPSEQ:CHIPSEQ:ALIGN_BWA_MEM:BWA_MEM (EZH2_IP_NTKO_REP2_T1) (43),NFCORE_CHIPSEQ:CHIPSEQ:ALIGN_BWA_MEM:BWA_MEM (EZH2_IP_NTKO_REP2_T1) (43),1478667,43
,,0,2024-01-24T01:04:49.09644135Z,2024-02-23T01:04:49.09644135Z,2024-02-22T07:47:27.952901244Z,1179.8526,docker_cpu_usage_pct,NFCORE_CHIPSEQ:CHIPSEQ:ALIGN_BWA_MEM:BWA_MEM (EZH2_IP_NTKO_REP2_T1) (43),NFCORE_CHIPSEQ:CHIPSEQ:ALIGN_BWA_MEM:BWA_MEM (EZH2_IP_NTKO_REP2_T1) (43),1478667,43
,,0,2024-01-24T01:04:49.09644135Z,2024-02-23T01:04:49.09644135Z,2024-02-22T07:47:29.952541159Z,1181.2992,docker_cpu_usage_pct,NFCORE_CHIPSEQ:CHIPSEQ:ALIGN_BWA_MEM:BWA_MEM (EZH2_IP_NTKO_REP2_T1) (43),NFCORE_CHIPSEQ:CHIPSEQ:ALIGN_BWA_MEM:BWA_MEM (EZH2_IP_NTKO_REP2_T1) (43),1478667,43
,,0,2024-01-24T01:04:49.09644135Z,2024-02-23T01:04:49.09644135Z,2024-02-22T07:47:31.952905226Z,1177.3501,docker_cpu_usage_pct,NFCORE_CHIPSEQ:CHIPSEQ:ALIGN_BWA_MEM:BWA_MEM (EZH2_IP_NTKO_REP2_T1) (43),NFCORE_CHIPSEQ:CHIPSEQ:ALIGN_BWA_MEM:BWA_MEM (EZH2_IP_NTKO_REP2_T1) (43),1478667,43
,,0,2024-01-24T01:04:49.09644135Z,2024-02-23T01:04:49.09644135Z,2024-02-22T07:47:33.952402304Z,1153.6344,docker_cpu_usage_pct,NFCORE_CHIPSEQ:CHIPSEQ:ALIGN_BWA_MEM:BWA_MEM (EZH2_IP_NTKO_REP2_T1) (43),NFCORE_CHIPSEQ:CHIPSEQ:ALIGN_BWA_MEM:BWA_MEM (EZH2_IP_NTKO_REP2_T1) (43),1478667,43
,,0,2024-01-24T01:04:49.09644135Z,2024-02-23T01:04:49.09644135Z,2024-02-22T07:47:35.952927393Z,1414.5873,docker_cpu_usage_pct,NFCORE_CHIPSEQ:CHIPSEQ:ALIGN_BWA_MEM:BWA_MEM (EZH2_IP_NTKO_REP2_T1) (43),NFCORE_CHIPSEQ:CHIPSEQ:ALIGN_BWA_MEM:BWA_MEM (EZH2_IP_NTKO_REP2_T1) (43),1478667,43
,,0,2024-01-24T01:04:49.09644135Z,2024-02-23T01:04:49.09644135Z,2024-02-22T07:47:37.952417988Z,1439.4487,docker_cpu_usage_pct,NFCORE_CHIPSEQ:CHIPSEQ:ALIGN_BWA_MEM:BWA_MEM (EZH2_IP_NTKO_REP2_T1) (43),NFCORE_CHIPSEQ:CHIPSEQ:ALIGN_BWA_MEM:BWA_MEM (EZH2_IP_NTKO_REP2_T1) (43),1478667,43
,,0,2024-01-24T01:04:49.09644135Z,2024-02-23T01:04:49.09644135Z,2024-02-22T07:47:39.95308285Z,1506.9936,docker_cpu_usage_pct,NFCORE_CHIPSEQ:CHIPSEQ:ALIGN_BWA_MEM:BWA_MEM (EZH2_IP_NTKO_REP2_T1) (43),NFCORE_CHIPSEQ:CHIPSEQ:ALIGN_BWA_MEM:BWA_MEM (EZH2_IP_NTKO_REP2_T1) (43),1478667,43
,,0,2024-01-24T01:04:49.09644135Z,2024-02-23T01:04:49.09644135Z,2024-02-22T07:47:41.95281445Z,1298.9399,docker_cpu_usage_pct,NFCORE_CHIPSEQ:CHIPSEQ:ALIGN_BWA_MEM:BWA_MEM (EZH2_IP_NTKO_REP2_T1) (43),NFCORE_CHIPSEQ:CHIPSEQ:ALIGN_BWA_MEM:BWA_MEM (EZH2_IP_NTKO_REP2_T1) (43),1478667,43
,,0,2024-01-24T01:04:49.09644135Z,2024-02-23T01:04:49.09644135Z,2024-02-22T07:47:43.952168857Z,1211.7349,docker_cpu_usage_pct,NFCORE_CHIPSEQ:CHIPSEQ:ALIGN_BWA_MEM:BWA_MEM (EZH2_IP_NTKO_REP2_T1) (43),NFCORE_CHIPSEQ:CHIPSEQ:ALIGN_BWA_MEM:BWA_MEM (EZH2_IP_NTKO_REP2_T1) (43),1478667,43
,,0,2024-01-24T01:04:49.09644135Z,2024-02-23T01:04:49.09644135Z,2024-02-22T07:47:45.952927288Z,1179.1194,docker_cpu_usage_pct,NFCORE_CHIPSEQ:CHIPSEQ:ALIGN_BWA_MEM:BWA_MEM (EZH2_IP_NTKO_REP2_T1) (43),NFCORE_CHIPSEQ:CHIPSEQ:ALIGN_BWA_MEM:BWA_MEM (EZH2_IP_NTKO_REP2_T1) (43),1478667,43
,,0,2024-01-24T01:04:49.09644135Z,2024-02-23T01:04:49.09644135Z,2024-02-22T07:47:47.952519799Z,1189.3753,docker_cpu_usage_pct,NFCORE_CHIPSEQ:CHIPSEQ:ALIGN_BWA_MEM:BWA_MEM (EZH2_IP_NTKO_REP2_T1) (43),NFCORE_CHIPSEQ:CHIPSEQ:ALIGN_BWA_MEM:BWA_MEM (EZH2_IP_NTKO_REP2_T1) (43),1478667,43
,,0,2024-01-24T01:04:49.09644135Z,2024-02-23T01:04:49.09644135Z,2024-02-22T07:47:49.952959197Z,1189.7138,docker_cpu_usage_pct,NFCORE_CHIPSEQ:CHIPSEQ:ALIGN_BWA_MEM:BWA_MEM (EZH2_IP_NTKO_REP2_T1) (43),NFCORE_CHIPSEQ:CHIPSEQ:ALIGN_BWA_MEM:BWA_MEM (EZH2_IP_NTKO_REP2_T1) (43),1478667,43
,,0,2024-01-24T01:04:49.09644135Z,2024-02-23T01:04:49.09644135Z,2024-02-22T07:47:51.952520776Z,1189.7343,docker_cpu_usage_pct,NFCORE_CHIPSEQ:CHIPSEQ:ALIGN_BWA_MEM:BWA_MEM (EZH2_IP_NTKO_REP2_T1) (43),NFCORE_CHIPSEQ:CHIPSEQ:ALIGN_BWA_MEM:BWA_MEM (EZH2_IP_NTKO_REP2_T1) (43),1478667,43
,,0,2024-01-24T01:04:49.09644135Z,2024-02-23T01:04:49.09644135Z,2024-02-22T07:47:53.953303823Z,1190.0712,docker_cpu_usage_pct,NFCORE_CHIPSEQ:CHIPSEQ:ALIGN_BWA_MEM:BWA_MEM (EZH2_IP_NTKO_REP2_T1) (43),NFCORE_CHIPSEQ:CHIPSEQ:ALIGN_BWA_MEM:BWA_MEM (EZH2_IP_NTKO_REP2_T1) (43),1478667,43
,,0,2024-01-24T01:04:49.09644135Z,2024-02-23T01:04:49.09644135Z,2024-02-22T07:47:55.952574299Z,1192.1608,docker_cpu_usage_pct,NFCORE_CHIPSEQ:CHIPSEQ:ALIGN_BWA_MEM:BWA_MEM (EZH2_IP_NTKO_REP2_T1) (43),NFCORE_CHIPSEQ:CHIPSEQ:ALIGN_BWA_MEM:BWA_MEM (EZH2_IP_NTKO_REP2_T1) (43),1478667,43
,,0,2024-01-24T01:04:49.09644135Z,2024-02-23T01:04:49.09644135Z,2024-02-22T07:47:57.953200879Z,1194.9362,docker_cpu_usage_pct,NFCORE_CHIPSEQ:CHIPSEQ:ALIGN_BWA_MEM:BWA_MEM (EZH2_IP_NTKO_REP2_T1) (43),NFCORE_CHIPSEQ:CHIPSEQ:ALIGN_BWA_MEM:BWA_MEM (EZH2_IP_NTKO_REP2_T1) (43),1478667,43
,,0,2024-01-24T01:04:49.09644135Z,2024-02-23T01:04:49.09644135Z,2024-02-22T07:47:59.952656459Z,1179.1404,docker_cpu_usage_pct,NFCORE_CHIPSEQ:CHIPSEQ:ALIGN_BWA_MEM:BWA_MEM (EZH2_IP_NTKO_REP2_T1) (43),NFCORE_CHIPSEQ:CHIPSEQ:ALIGN_BWA_MEM:BWA_MEM (EZH2_IP_NTKO_REP2_T1) (43),1478667,43
,,0,2024-01-24T01:04:49.09644135Z,2024-02-23T01:04:49.09644135Z,2024-02-22T07:48:01.952334775Z,1180.951,docker_cpu_usage_pct,NFCORE_CHIPSEQ:CHIPSEQ:ALIGN_BWA_MEM:BWA_MEM (EZH2_IP_NTKO_REP2_T1) (43),NFCORE_CHIPSEQ:CHIPSEQ:ALIGN_BWA_MEM:BWA_MEM (EZH2_IP_NTKO_REP2_T1) (43),1478667,43
,,0,2024-01-24T01:04:49.09644135Z,2024-02-23T01:04:49.09644135Z,2024-02-22T07:48:03.952785005Z,1185.6627,docker_cpu_usage_pct,NFCORE_CHIPSEQ:CHIPSEQ:ALIGN_BWA_MEM:BWA_MEM (EZH2_IP_NTKO_REP2_T1) (43),NFCORE_CHIPSEQ:CHIPSEQ:ALIGN_BWA_MEM:BWA_MEM (EZH2_IP_NTKO_REP2_T1) (43),1478667,43
,,0,2024-01-24T01:04:49.09644135Z,2024-02-23T01:04:49.09644135Z,2024-02-22T07:48:05.952432727Z,1184.2048,docker_cpu_usage_pct,NFCORE_CHIPSEQ:CHIPSEQ:ALIGN_BWA_MEM:BWA_MEM (EZH2_IP_NTKO_REP2_T1) (43),NFCORE_CHIPSEQ:CHIPSEQ:ALIGN_BWA_MEM:BWA_MEM (EZH2_IP_NTKO_REP2_T1) (43),1478667,43
,,0,2024-01-24T01:04:49.09644135Z,2024-02-23T01:04:49.09644135Z,2024-02-22T07:48:07.95302601Z,1183.1306,docker_cpu_usage_pct,NFCORE_CHIPSEQ:CHIPSEQ:ALIGN_BWA_MEM:BWA_MEM (EZH2_IP_NTKO_REP2_T1) (43),NFCORE_CHIPSEQ:CHIPSEQ:ALIGN_BWA_MEM:BWA_MEM (EZH2_IP_NTKO_REP2_T1) (43),1478667,43
,,0,2024-01-24T01:04:49.09644135Z,2024-02-23T01:04:49.09644135Z,2024-02-22T07:48:09.952732772Z,1187.1129,docker_cpu_usage_pct,NFCORE_CHIPSEQ:CHIPSEQ:ALIGN_BWA_MEM:BWA_MEM (EZH2_IP_NTKO_REP2_T1) (43),NFCORE_CHIPSEQ:CHIPSEQ:ALIGN_BWA_MEM:BWA_MEM (EZH2_IP_NTKO_REP2_T1) (43),1478667,43
,,0,2024-01-24T01:04:49.09644135Z,2024-02-23T01:04:49.09644135Z,2024-02-22T07:48:11.953083384Z,1169.7603,docker_cpu_usage_pct,NFCORE_CHIPSEQ:CHIPSEQ:ALIGN_BWA_MEM:BWA_MEM (EZH2_IP_NTKO_REP2_T1) (43),NFCORE_CHIPSEQ:CHIPSEQ:ALIGN_BWA_MEM:BWA_MEM (EZH2_IP_NTKO_REP2_T1) (43),1478667,43
,,0,2024-01-24T01:04:49.09644135Z,2024-02-23T01:04:49.09644135Z,2024-02-22T07:48:13.952921638Z,1285.7712,docker_cpu_usage_pct,NFCORE_CHIPSEQ:CHIPSEQ:ALIGN_BWA_MEM:BWA_MEM (EZH2_IP_NTKO_REP2_T1) (43),NFCORE_CHIPSEQ:CHIPSEQ:ALIGN_BWA_MEM:BWA_MEM (EZH2_IP_NTKO_REP2_T1) (43),1478667,43
,,0,2024-01-24T01:04:49.09644135Z,2024-02-23T01:04:49.09644135Z,2024-02-22T07:48:15.952085009Z,1451.3755,docker_cpu_usage_pct,NFCORE_CHIPSEQ:CHIPSEQ:ALIGN_BWA_MEM:BWA_MEM (EZH2_IP_NTKO_REP2_T1) (43),NFCORE_CHIPSEQ:CHIPSEQ:ALIGN_BWA_MEM:BWA_MEM (EZH2_IP_NTKO_REP2_T1) (43),1478667,43
,,0,2024-01-24T01:04:49.09644135Z,2024-02-23T01:04:49.09644135Z,2024-02-22T07:48:17.952754218Z,1502.3859,docker_cpu_usage_pct,NFCORE_CHIPSEQ:CHIPSEQ:ALIGN_BWA_MEM:BWA_MEM (EZH2_IP_NTKO_REP2_T1) (43),NFCORE_CHIPSEQ:CHIPSEQ:ALIGN_BWA_MEM:BWA_MEM (EZH2_IP_NTKO_REP2_T1) (43),1478667,43
,,0,2024-01-24T01:04:49.09644135Z,2024-02-23T01:04:49.09644135Z,2024-02-22T07:48:19.952314579Z,1292.0155,docker_cpu_usage_pct,NFCORE_CHIPSEQ:CHIPSEQ:ALIGN_BWA_MEM:BWA_MEM (EZH2_IP_NTKO_REP2_T1) (43),NFCORE_CHIPSEQ:CHIPSEQ:ALIGN_BWA_MEM:BWA_MEM (EZH2_IP_NTKO_REP2_T1) (43),1478667,43
,,0,2024-01-24T01:04:49.09644135Z,2024-02-23T01:04:49.09644135Z,2024-02-22T07:48:21.953007157Z,1229.2349,docker_cpu_usage_pct,NFCORE_CHIPSEQ:CHIPSEQ:ALIGN_BWA_MEM:BWA_MEM (EZH2_IP_NTKO_REP2_T1) (43),NFCORE_CHIPSEQ:CHIPSEQ:ALIGN_BWA_MEM:BWA_MEM (EZH2_IP_NTKO_REP2_T1) (43),1478667,43
,,0,2024-01-24T01:04:49.09644135Z,2024-02-23T01:04:49.09644135Z,2024-02-22T07:48:23.952572746Z,1179.1263,docker_cpu_usage_pct,NFCORE_CHIPSEQ:CHIPSEQ:ALIGN_BWA_MEM:BWA_MEM (EZH2_IP_NTKO_REP2_T1) (43),NFCORE_CHIPSEQ:CHIPSEQ:ALIGN_BWA_MEM:BWA_MEM (EZH2_IP_NTKO_REP2_T1) (43),1478667,43
,,0,2024-01-24T01:04:49.09644135Z,2024-02-23T01:04:49.09644135Z,2024-02-22T07:48:25.953042064Z,1193.173,docker_cpu_usage_pct,NFCORE_CHIPSEQ:CHIPSEQ:ALIGN_BWA_MEM:BWA_MEM (EZH2_IP_NTKO_REP2_T1) (43),NFCORE_CHIPSEQ:CHIPSEQ:ALIGN_BWA_MEM:BWA_MEM (EZH2_IP_NTKO_REP2_T1) (43),1478667,43
,,0,2024-01-24T01:04:49.09644135Z,2024-02-23T01:04:49.09644135Z,2024-02-22T07:48:27.952670973Z,1177.7144,docker_cpu_usage_pct,NFCORE_CHIPSEQ:CHIPSEQ:ALIGN_BWA_MEM:BWA_MEM (EZH2_IP_NTKO_REP2_T1) (43),NFCORE_CHIPSEQ:CHIPSEQ:ALIGN_BWA_MEM:BWA_MEM (EZH2_IP_NTKO_REP2_T1) (43),1478667,43
,,0,2024-01-24T01:04:49.09644135Z,2024-02-23T01:04:49.09644135Z,2024-02-22T07:48:29.952946882Z,1175.8794,docker_cpu_usage_pct,NFCORE_CHIPSEQ:CHIPSEQ:ALIGN_BWA_MEM:BWA_MEM (EZH2_IP_NTKO_REP2_T1) (43),NFCORE_CHIPSEQ:CHIPSEQ:ALIGN_BWA_MEM:BWA_MEM (EZH2_IP_NTKO_REP2_T1) (43),1478667,43
,,0,2024-01-24T01:04:49.09644135Z,2024-02-23T01:04:49.09644135Z,2024-02-22T07:48:31.952791406Z,1199.3674,docker_cpu_usage_pct,NFCORE_CHIPSEQ:CHIPSEQ:ALIGN_BWA_MEM:BWA_MEM (EZH2_IP_NTKO_REP2_T1) (43),NFCORE_CHIPSEQ:CHIPSEQ:ALIGN_BWA_MEM:BWA_MEM (EZH2_IP_NTKO_REP2_T1) (43),1478667,43
,,0,2024-01-24T01:04:49.09644135Z,2024-02-23T01:04:49.09644135Z,2024-02-22T07:48:33.952206165Z,1180.2161,docker_cpu_usage_pct,NFCORE_CHIPSEQ:CHIPSEQ:ALIGN_BWA_MEM:BWA_MEM (EZH2_IP_NTKO_REP2_T1) (43),NFCORE_CHIPSEQ:CHIPSEQ:ALIGN_BWA_MEM:BWA_MEM (EZH2_IP_NTKO_REP2_T1) (43),1478667,43
,,0,2024-01-24T01:04:49.09644135Z,2024-02-23T01:04:49.09644135Z,2024-02-22T07:48:35.952804511Z,1186.0521,docker_cpu_usage_pct,NFCORE_CHIPSEQ:CHIPSEQ:ALIGN_BWA_MEM:BWA_MEM (EZH2_IP_NTKO_REP2_T1) (43),NFCORE_CHIPSEQ:CHIPSEQ:ALIGN_BWA_MEM:BWA_MEM (EZH2_IP_NTKO_REP2_T1) (43),1478667,43
,,0,2024-01-24T01:04:49.09644135Z,2024-02-23T01:04:49.09644135Z,2024-02-22T07:48:37.952339312Z,1179.1118,docker_cpu_usage_pct,NFCORE_CHIPSEQ:CHIPSEQ:ALIGN_BWA_MEM:BWA_MEM (EZH2_IP_NTKO_REP2_T1) (43),NFCORE_CHIPSEQ:CHIPSEQ:ALIGN_BWA_MEM:BWA_MEM (EZH2_IP_NTKO_REP2_T1) (43),1478667,43
,,0,2024-01-24T01:04:49.09644135Z,2024-02-23T01:04:49.09644135Z,2024-02-22T07:48:39.952877354Z,1186.0408,docker_cpu_usage_pct,NFCORE_CHIPSEQ:CHIPSEQ:ALIGN_BWA_MEM:BWA_MEM (EZH2_IP_NTKO_REP2_T1) (43),NFCORE_CHIPSEQ:CHIPSEQ:ALIGN_BWA_MEM:BWA_MEM (EZH2_IP_NTKO_REP2_T1) (43),1478667,43
,,0,2024-01-24T01:04:49.09644135Z,2024-02-23T01:04:49.09644135Z,2024-02-22T07:48:41.952536126Z,1183.1338,docker_cpu_usage_pct,NFCORE_CHIPSEQ:CHIPSEQ:ALIGN_BWA_MEM:BWA_MEM (EZH2_IP_NTKO_REP2_T1) (43),NFCORE_CHIPSEQ:CHIPSEQ:ALIGN_BWA_MEM:BWA_MEM (EZH2_IP_NTKO_REP2_T1) (43),1478667,43
,,0,2024-01-24T01:04:49.09644135Z,2024-02-23T01:04:49.09644135Z,2024-02-22T07:48:43.952959552Z,1188.9987,docker_cpu_usage_pct,NFCORE_CHIPSEQ:CHIPSEQ:ALIGN_BWA_MEM:BWA_MEM (EZH2_IP_NTKO_REP2_T1) (43),NFCORE_CHIPSEQ:CHIPSEQ:ALIGN_BWA_MEM:BWA_MEM (EZH2_IP_NTKO_REP2_T1) (43),1478667,43
,,0,2024-01-24T01:04:49.09644135Z,2024-02-23T01:04:49.09644135Z,2024-02-22T07:48:45.95255862Z,1188.9888,docker_cpu_usage_pct,NFCORE_CHIPSEQ:CHIPSEQ:ALIGN_BWA_MEM:BWA_MEM (EZH2_IP_NTKO_REP2_T1) (43),NFCORE_CHIPSEQ:CHIPSEQ:ALIGN_BWA_MEM:BWA_MEM (EZH2_IP_NTKO_REP2_T1) (43),1478667,43
,,0,2024-01-24T01:04:49.09644135Z,2024-02-23T01:04:49.09644135Z,2024-02-22T07:48:47.953250763Z,1189.7409,docker_cpu_usage_pct,NFCORE_CHIPSEQ:CHIPSEQ:ALIGN_BWA_MEM:BWA_MEM (EZH2_IP_NTKO_REP2_T1) (43),NFCORE_CHIPSEQ:CHIPSEQ:ALIGN_BWA_MEM:BWA_MEM (EZH2_IP_NTKO_REP2_T1) (43),1478667,43
,,0,2024-01-24T01:04:49.09644135Z,2024-02-23T01:04:49.09644135Z,2024-02-22T07:48:49.952560879Z,1170.8558,docker_cpu_usage_pct,NFCORE_CHIPSEQ:CHIPSEQ:ALIGN_BWA_MEM:BWA_MEM (EZH2_IP_NTKO_REP2_T1) (43),NFCORE_CHIPSEQ:CHIPSEQ:ALIGN_BWA_MEM:BWA_MEM (EZH2_IP_NTKO_REP2_T1) (43),1478667,43
,,0,2024-01-24T01:04:49.09644135Z,2024-02-23T01:04:49.09644135Z,2024-02-22T07:48:51.952120033Z,1275.548,docker_cpu_usage_pct,NFCORE_CHIPSEQ:CHIPSEQ:ALIGN_BWA_MEM:BWA_MEM (EZH2_IP_NTKO_REP2_T1) (43),NFCORE_CHIPSEQ:CHIPSEQ:ALIGN_BWA_MEM:BWA_MEM (EZH2_IP_NTKO_REP2_T1) (43),1478667,43
,,0,2024-01-24T01:04:49.09644135Z,2024-02-23T01:04:49.09644135Z,2024-02-22T07:48:53.952606286Z,1427.7783,docker_cpu_usage_pct,NFCORE_CHIPSEQ:CHIPSEQ:ALIGN_BWA_MEM:BWA_MEM (EZH2_IP_NTKO_REP2_T1) (43),NFCORE_CHIPSEQ:CHIPSEQ:ALIGN_BWA_MEM:BWA_MEM (EZH2_IP_NTKO_REP2_T1) (43),1478667,43
,,0,2024-01-24T01:04:49.09644135Z,2024-02-23T01:04:49.09644135Z,2024-02-22T07:48:55.952352643Z,1494.8058,docker_cpu_usage_pct,NFCORE_CHIPSEQ:CHIPSEQ:ALIGN_BWA_MEM:BWA_MEM (EZH2_IP_NTKO_REP2_T1) (43),NFCORE_CHIPSEQ:CHIPSEQ:ALIGN_BWA_MEM:BWA_MEM (EZH2_IP_NTKO_REP2_T1) (43),1478667,43
,,0,2024-01-24T01:04:49.09644135Z,2024-02-23T01:04:49.09644135Z,2024-02-22T07:48:57.952554314Z,1287.1939,docker_cpu_usage_pct,NFCORE_CHIPSEQ:CHIPSEQ:ALIGN_BWA_MEM:BWA_MEM (EZH2_IP_NTKO_REP2_T1) (43),NFCORE_CHIPSEQ:CHIPSEQ:ALIGN_BWA_MEM:BWA_MEM (EZH2_IP_NTKO_REP2_T1) (43),1478667,43
,,0,2024-01-24T01:04:49.09644135Z,2024-02-23T01:04:49.09644135Z,2024-02-22T07:48:59.952230017Z,1228.9382,docker_cpu_usage_pct,NFCORE_CHIPSEQ:CHIPSEQ:ALIGN_BWA_MEM:BWA_MEM (EZH2_IP_NTKO_REP2_T1) (43),NFCORE_CHIPSEQ:CHIPSEQ:ALIGN_BWA_MEM:BWA_MEM (EZH2_IP_NTKO_REP2_T1) (43),1478667,43
,,0,2024-01-24T01:04:49.09644135Z,2024-02-23T01:04:49.09644135Z,2024-02-22T07:49:01.952942803Z,1189.3536,docker_cpu_usage_pct,NFCORE_CHIPSEQ:CHIPSEQ:ALIGN_BWA_MEM:BWA_MEM (EZH2_IP_NTKO_REP2_T1) (43),NFCORE_CHIPSEQ:CHIPSEQ:ALIGN_BWA_MEM:BWA_MEM (EZH2_IP_NTKO_REP2_T1) (43),1478667,43
,,0,2024-01-24T01:04:49.09644135Z,2024-02-23T01:04:49.09644135Z,2024-02-22T07:49:03.952531901Z,1188.9887,docker_cpu_usage_pct,NFCORE_CHIPSEQ:CHIPSEQ:ALIGN_BWA_MEM:BWA_MEM (EZH2_IP_NTKO_REP2_T1) (43),NFCORE_CHIPSEQ:CHIPSEQ:ALIGN_BWA_MEM:BWA_MEM (EZH2_IP_NTKO_REP2_T1) (43),1478667,43
,,0,2024-01-24T01:04:49.09644135Z,2024-02-23T01:04:49.09644135Z,2024-02-22T07:49:05.953018497Z,1191.9004,docker_cpu_usage_pct,NFCORE_CHIPSEQ:CHIPSEQ:ALIGN_BWA_MEM:BWA_MEM (EZH2_IP_NTKO_REP2_T1) (43),NFCORE_CHIPSEQ:CHIPSEQ:ALIGN_BWA_MEM:BWA_MEM (EZH2_IP_NTKO_REP2_T1) (43),1478667,43
,,0,2024-01-24T01:04:49.09644135Z,2024-02-23T01:04:49.09644135Z,2024-02-22T07:49:07.952765568Z,1190.0948,docker_cpu_usage_pct,NFCORE_CHIPSEQ:CHIPSEQ:ALIGN_BWA_MEM:BWA_MEM (EZH2_IP_NTKO_REP2_T1) (43),NFCORE_CHIPSEQ:CHIPSEQ:ALIGN_BWA_MEM:BWA_MEM (EZH2_IP_NTKO_REP2_T1) (43),1478667,43
,,0,2024-01-24T01:04:49.09644135Z,2024-02-23T01:04:49.09644135Z,2024-02-22T07:49:09.952351773Z,1179.1218,docker_cpu_usage_pct,NFCORE_CHIPSEQ:CHIPSEQ:ALIGN_BWA_MEM:BWA_MEM (EZH2_IP_NTKO_REP2_T1) (43),NFCORE_CHIPSEQ:CHIPSEQ:ALIGN_BWA_MEM:BWA_MEM (EZH2_IP_NTKO_REP2_T1) (43),1478667,43
,,0,2024-01-24T01:04:49.09644135Z,2024-02-23T01:04:49.09644135Z,2024-02-22T07:49:11.953014021Z,1193.3697,docker_cpu_usage_pct,NFCORE_CHIPSEQ:CHIPSEQ:ALIGN_BWA_MEM:BWA_MEM (EZH2_IP_NTKO_REP2_T1) (43),NFCORE_CHIPSEQ:CHIPSEQ:ALIGN_BWA_MEM:BWA_MEM (EZH2_IP_NTKO_REP2_T1) (43),1478667,43
,,0,2024-01-24T01:04:49.09644135Z,2024-02-23T01:04:49.09644135Z,2024-02-22T07:49:13.95247194Z,1195.2254,docker_cpu_usage_pct,NFCORE_CHIPSEQ:CHIPSEQ:ALIGN_BWA_MEM:BWA_MEM (EZH2_IP_NTKO_REP2_T1) (43),NFCORE_CHIPSEQ:CHIPSEQ:ALIGN_BWA_MEM:BWA_MEM (EZH2_IP_NTKO_REP2_T1) (43),1478667,43
,,0,2024-01-24T01:04:49.09644135Z,2024-02-23T01:04:49.09644135Z,2024-02-22T07:49:15.953192678Z,1189.6949,docker_cpu_usage_pct,NFCORE_CHIPSEQ:CHIPSEQ:ALIGN_BWA_MEM:BWA_MEM (EZH2_IP_NTKO_REP2_T1) (43),NFCORE_CHIPSEQ:CHIPSEQ:ALIGN_BWA_MEM:BWA_MEM (EZH2_IP_NTKO_REP2_T1) (43),1478667,43
,,0,2024-01-24T01:04:49.09644135Z,2024-02-23T01:04:49.09644135Z,2024-02-22T07:49:17.952785709Z,1192.2756,docker_cpu_usage_pct,NFCORE_CHIPSEQ:CHIPSEQ:ALIGN_BWA_MEM:BWA_MEM (EZH2_IP_NTKO_REP2_T1) (43),NFCORE_CHIPSEQ:CHIPSEQ:ALIGN_BWA_MEM:BWA_MEM (EZH2_IP_NTKO_REP2_T1) (43),1478667,43
,,0,2024-01-24T01:04:49.09644135Z,2024-02-23T01:04:49.09644135Z,2024-02-22T07:49:19.952373839Z,1181.1957,docker_cpu_usage_pct,NFCORE_CHIPSEQ:CHIPSEQ:ALIGN_BWA_MEM:BWA_MEM (EZH2_IP_NTKO_REP2_T1) (43),NFCORE_CHIPSEQ:CHIPSEQ:ALIGN_BWA_MEM:BWA_MEM (EZH2_IP_NTKO_REP2_T1) (43),1478667,43
,,0,2024-01-24T01:04:49.09644135Z,2024-02-23T01:04:49.09644135Z,2024-02-22T07:49:21.952729372Z,1194.1053,docker_cpu_usage_pct,NFCORE_CHIPSEQ:CHIPSEQ:ALIGN_BWA_MEM:BWA_MEM (EZH2_IP_NTKO_REP2_T1) (43),NFCORE_CHIPSEQ:CHIPSEQ:ALIGN_BWA_MEM:BWA_MEM (EZH2_IP_NTKO_REP2_T1) (43),1478667,43
,,0,2024-01-24T01:04:49.09644135Z,2024-02-23T01:04:49.09644135Z,2024-02-22T07:49:23.952291439Z,1201.939,docker_cpu_usage_pct,NFCORE_CHIPSEQ:CHIPSEQ:ALIGN_BWA_MEM:BWA_MEM (EZH2_IP_NTKO_REP2_T1) (43),NFCORE_CHIPSEQ:CHIPSEQ:ALIGN_BWA_MEM:BWA_MEM (EZH2_IP_NTKO_REP2_T1) (43),1478667,43
,,0,2024-01-24T01:04:49.09644135Z,2024-02-23T01:04:49.09644135Z,2024-02-22T07:49:25.95294907Z,1208.7261,docker_cpu_usage_pct,NFCORE_CHIPSEQ:CHIPSEQ:ALIGN_BWA_MEM:BWA_MEM (EZH2_IP_NTKO_REP2_T1) (43),NFCORE_CHIPSEQ:CHIPSEQ:ALIGN_BWA_MEM:BWA_MEM (EZH2_IP_NTKO_REP2_T1) (43),1478667,43
,,0,2024-01-24T01:04:49.09644135Z,2024-02-23T01:04:49.09644135Z,2024-02-22T07:49:27.952575617Z,1170.3812,docker_cpu_usage_pct,NFCORE_CHIPSEQ:CHIPSEQ:ALIGN_BWA_MEM:BWA_MEM (EZH2_IP_NTKO_REP2_T1) (43),NFCORE_CHIPSEQ:CHIPSEQ:ALIGN_BWA_MEM:BWA_MEM (EZH2_IP_NTKO_REP2_T1) (43),1478667,43
,,0,2024-01-24T01:04:49.09644135Z,2024-02-23T01:04:49.09644135Z,2024-02-22T07:49:29.953062601Z,1243.6039,docker_cpu_usage_pct,NFCORE_CHIPSEQ:CHIPSEQ:ALIGN_BWA_MEM:BWA_MEM (EZH2_IP_NTKO_REP2_T1) (43),NFCORE_CHIPSEQ:CHIPSEQ:ALIGN_BWA_MEM:BWA_MEM (EZH2_IP_NTKO_REP2_T1) (43),1478667,43
,,0,2024-01-24T01:04:49.09644135Z,2024-02-23T01:04:49.09644135Z,2024-02-22T07:49:31.952632114Z,1450.722,docker_cpu_usage_pct,NFCORE_CHIPSEQ:CHIPSEQ:ALIGN_BWA_MEM:BWA_MEM (EZH2_IP_NTKO_REP2_T1) (43),NFCORE_CHIPSEQ:CHIPSEQ:ALIGN_BWA_MEM:BWA_MEM (EZH2_IP_NTKO_REP2_T1) (43),1478667,43
,,0,2024-01-24T01:04:49.09644135Z,2024-02-23T01:04:49.09644135Z,2024-02-22T07:49:33.952112063Z,1472.7957,docker_cpu_usage_pct,NFCORE_CHIPSEQ:CHIPSEQ:ALIGN_BWA_MEM:BWA_MEM (EZH2_IP_NTKO_REP2_T1) (43),NFCORE_CHIPSEQ:CHIPSEQ:ALIGN_BWA_MEM:BWA_MEM (EZH2_IP_NTKO_REP2_T1) (43),1478667,43
,,0,2024-01-24T01:04:49.09644135Z,2024-02-23T01:04:49.09644135Z,2024-02-22T07:49:35.952718538Z,1296.4664,docker_cpu_usage_pct,NFCORE_CHIPSEQ:CHIPSEQ:ALIGN_BWA_MEM:BWA_MEM (EZH2_IP_NTKO_REP2_T1) (43),NFCORE_CHIPSEQ:CHIPSEQ:ALIGN_BWA_MEM:BWA_MEM (EZH2_IP_NTKO_REP2_T1) (43),1478667,43
,,0,2024-01-24T01:04:49.09644135Z,2024-02-23T01:04:49.09644135Z,2024-02-22T07:49:37.952290787Z,1242.2195,docker_cpu_usage_pct,NFCORE_CHIPSEQ:CHIPSEQ:ALIGN_BWA_MEM:BWA_MEM (EZH2_IP_NTKO_REP2_T1) (43),NFCORE_CHIPSEQ:CHIPSEQ:ALIGN_BWA_MEM:BWA_MEM (EZH2_IP_NTKO_REP2_T1) (43),1478667,43
,,0,2024-01-24T01:04:49.09644135Z,2024-02-23T01:04:49.09644135Z,2024-02-22T07:49:39.953112307Z,1197.1478,docker_cpu_usage_pct,NFCORE_CHIPSEQ:CHIPSEQ:ALIGN_BWA_MEM:BWA_MEM (EZH2_IP_NTKO_REP2_T1) (43),NFCORE_CHIPSEQ:CHIPSEQ:ALIGN_BWA_MEM:BWA_MEM (EZH2_IP_NTKO_REP2_T1) (43),1478667,43
,,0,2024-01-24T01:04:49.09644135Z,2024-02-23T01:04:49.09644135Z,2024-02-22T07:49:41.952713976Z,1194.5636,docker_cpu_usage_pct,NFCORE_CHIPSEQ:CHIPSEQ:ALIGN_BWA_MEM:BWA_MEM (EZH2_IP_NTKO_REP2_T1) (43),NFCORE_CHIPSEQ:CHIPSEQ:ALIGN_BWA_MEM:BWA_MEM (EZH2_IP_NTKO_REP2_T1) (43),1478667,43
,,0,2024-01-24T01:04:49.09644135Z,2024-02-23T01:04:49.09644135Z,2024-02-22T07:49:43.953358838Z,1179.8649,docker_cpu_usage_pct,NFCORE_CHIPSEQ:CHIPSEQ:ALIGN_BWA_MEM:BWA_MEM (EZH2_IP_NTKO_REP2_T1) (43),NFCORE_CHIPSEQ:CHIPSEQ:ALIGN_BWA_MEM:BWA_MEM (EZH2_IP_NTKO_REP2_T1) (43),1478667,43
,,0,2024-01-24T01:04:49.09644135Z,2024-02-23T01:04:49.09644135Z,2024-02-22T07:49:45.952743298Z,1178.7667,docker_cpu_usage_pct,NFCORE_CHIPSEQ:CHIPSEQ:ALIGN_BWA_MEM:BWA_MEM (EZH2_IP_NTKO_REP2_T1) (43),NFCORE_CHIPSEQ:CHIPSEQ:ALIGN_BWA_MEM:BWA_MEM (EZH2_IP_NTKO_REP2_T1) (43),1478667,43
,,0,2024-01-24T01:04:49.09644135Z,2024-02-23T01:04:49.09644135Z,2024-02-22T07:49:47.952639192Z,1198.6199,docker_cpu_usage_pct,NFCORE_CHIPSEQ:CHIPSEQ:ALIGN_BWA_MEM:BWA_MEM (EZH2_IP_NTKO_REP2_T1) (43),NFCORE_CHIPSEQ:CHIPSEQ:ALIGN_BWA_MEM:BWA_MEM (EZH2_IP_NTKO_REP2_T1) (43),1478667,43
,,0,2024-01-24T01:04:49.09644135Z,2024-02-23T01:04:49.09644135Z,2024-02-22T07:49:49.952903999Z,1199.0405,docker_cpu_usage_pct,NFCORE_CHIPSEQ:CHIPSEQ:ALIGN_BWA_MEM:BWA_MEM (EZH2_IP_NTKO_REP2_T1) (43),NFCORE_CHIPSEQ:CHIPSEQ:ALIGN_BWA_MEM:BWA_MEM (EZH2_IP_NTKO_REP2_T1) (43),1478667,43
,,0,2024-01-24T01:04:49.09644135Z,2024-02-23T01:04:49.09644135Z,2024-02-22T07:49:51.952674918Z,1202.714,docker_cpu_usage_pct,NFCORE_CHIPSEQ:CHIPSEQ:ALIGN_BWA_MEM:BWA_MEM (EZH2_IP_NTKO_REP2_T1) (43),NFCORE_CHIPSEQ:CHIPSEQ:ALIGN_BWA_MEM:BWA_MEM (EZH2_IP_NTKO_REP2_T1) (43),1478667,43
,,0,2024-01-24T01:04:49.09644135Z,2024-02-23T01:04:49.09644135Z,2024-02-22T07:49:53.953080897Z,1179.8742,docker_cpu_usage_pct,NFCORE_CHIPSEQ:CHIPSEQ:ALIGN_BWA_MEM:BWA_MEM (EZH2_IP_NTKO_REP2_T1) (43),NFCORE_CHIPSEQ:CHIPSEQ:ALIGN_BWA_MEM:BWA_MEM (EZH2_IP_NTKO_REP2_T1) (43),1478667,43
,,0,2024-01-24T01:04:49.09644135Z,2024-02-23T01:04:49.09644135Z,2024-02-22T07:49:55.95270465Z,1199.8726,docker_cpu_usage_pct,NFCORE_CHIPSEQ:CHIPSEQ:ALIGN_BWA_MEM:BWA_MEM (EZH2_IP_NTKO_REP2_T1) (43),NFCORE_CHIPSEQ:CHIPSEQ:ALIGN_BWA_MEM:BWA_MEM (EZH2_IP_NTKO_REP2_T1) (43),1478667,43
,,0,2024-01-24T01:04:49.09644135Z,2024-02-23T01:04:49.09644135Z,2024-02-22T07:49:57.952183217Z,1174.792,docker_cpu_usage_pct,NFCORE_CHIPSEQ:CHIPSEQ:ALIGN_BWA_MEM:BWA_MEM (EZH2_IP_NTKO_REP2_T1) (43),NFCORE_CHIPSEQ:CHIPSEQ:ALIGN_BWA_MEM:BWA_MEM (EZH2_IP_NTKO_REP2_T1) (43),1478667,43
,,0,2024-01-24T01:04:49.09644135Z,2024-02-23T01:04:49.09644135Z,2024-02-22T07:49:59.952689217Z,1173.3714,docker_cpu_usage_pct,NFCORE_CHIPSEQ:CHIPSEQ:ALIGN_BWA_MEM:BWA_MEM (EZH2_IP_NTKO_REP2_T1) (43),NFCORE_CHIPSEQ:CHIPSEQ:ALIGN_BWA_MEM:BWA_MEM (EZH2_IP_NTKO_REP2_T1) (43),1478667,43
,,0,2024-01-24T01:04:49.09644135Z,2024-02-23T01:04:49.09644135Z,2024-02-22T07:50:01.952325818Z,1190.4585,docker_cpu_usage_pct,NFCORE_CHIPSEQ:CHIPSEQ:ALIGN_BWA_MEM:BWA_MEM (EZH2_IP_NTKO_REP2_T1) (43),NFCORE_CHIPSEQ:CHIPSEQ:ALIGN_BWA_MEM:BWA_MEM (EZH2_IP_NTKO_REP2_T1) (43),1478667,43
,,0,2024-01-24T01:04:49.09644135Z,2024-02-23T01:04:49.09644135Z,2024-02-22T07:50:03.952784373Z,1195.2918,docker_cpu_usage_pct,NFCORE_CHIPSEQ:CHIPSEQ:ALIGN_BWA_MEM:BWA_MEM (EZH2_IP_NTKO_REP2_T1) (43),NFCORE_CHIPSEQ:CHIPSEQ:ALIGN_BWA_MEM:BWA_MEM (EZH2_IP_NTKO_REP2_T1) (43),1478667,43
,,0,2024-01-24T01:04:49.09644135Z,2024-02-23T01:04:49.09644135Z,2024-02-22T07:50:05.952167474Z,1164.1363,docker_cpu_usage_pct,NFCORE_CHIPSEQ:CHIPSEQ:ALIGN_BWA_MEM:BWA_MEM (EZH2_IP_NTKO_REP2_T1) (43),NFCORE_CHIPSEQ:CHIPSEQ:ALIGN_BWA_MEM:BWA_MEM (EZH2_IP_NTKO_REP2_T1) (43),1478667,43
,,0,2024-01-24T01:04:49.09644135Z,2024-02-23T01:04:49.09644135Z,2024-02-22T07:50:07.952895317Z,1276.3116,docker_cpu_usage_pct,NFCORE_CHIPSEQ:CHIPSEQ:ALIGN_BWA_MEM:BWA_MEM (EZH2_IP_NTKO_REP2_T1) (43),NFCORE_CHIPSEQ:CHIPSEQ:ALIGN_BWA_MEM:BWA_MEM (EZH2_IP_NTKO_REP2_T1) (43),1478667,43
,,0,2024-01-24T01:04:49.09644135Z,2024-02-23T01:04:49.09644135Z,2024-02-22T07:50:09.952281065Z,1446.7324,docker_cpu_usage_pct,NFCORE_CHIPSEQ:CHIPSEQ:ALIGN_BWA_MEM:BWA_MEM (EZH2_IP_NTKO_REP2_T1) (43),NFCORE_CHIPSEQ:CHIPSEQ:ALIGN_BWA_MEM:BWA_MEM (EZH2_IP_NTKO_REP2_T1) (43),1478667,43
,,0,2024-01-24T01:04:49.09644135Z,2024-02-23T01:04:49.09644135Z,2024-02-22T07:50:11.953046957Z,1477.0242,docker_cpu_usage_pct,NFCORE_CHIPSEQ:CHIPSEQ:ALIGN_BWA_MEM:BWA_MEM (EZH2_IP_NTKO_REP2_T1) (43),NFCORE_CHIPSEQ:CHIPSEQ:ALIGN_BWA_MEM:BWA_MEM (EZH2_IP_NTKO_REP2_T1) (43),1478667,43
,,0,2024-01-24T01:04:49.09644135Z,2024-02-23T01:04:49.09644135Z,2024-02-22T07:50:13.952549648Z,1273.0799,docker_cpu_usage_pct,NFCORE_CHIPSEQ:CHIPSEQ:ALIGN_BWA_MEM:BWA_MEM (EZH2_IP_NTKO_REP2_T1) (43),NFCORE_CHIPSEQ:CHIPSEQ:ALIGN_BWA_MEM:BWA_MEM (EZH2_IP_NTKO_REP2_T1) (43),1478667,43
,,0,2024-01-24T01:04:49.09644135Z,2024-02-23T01:04:49.09644135Z,2024-02-22T07:50:15.953298048Z,1233.4131,docker_cpu_usage_pct,NFCORE_CHIPSEQ:CHIPSEQ:ALIGN_BWA_MEM:BWA_MEM (EZH2_IP_NTKO_REP2_T1) (43),NFCORE_CHIPSEQ:CHIPSEQ:ALIGN_BWA_MEM:BWA_MEM (EZH2_IP_NTKO_REP2_T1) (43),1478667,43
,,0,2024-01-24T01:04:49.09644135Z,2024-02-23T01:04:49.09644135Z,2024-02-22T07:50:17.952877459Z,1177.3353,docker_cpu_usage_pct,NFCORE_CHIPSEQ:CHIPSEQ:ALIGN_BWA_MEM:BWA_MEM (EZH2_IP_NTKO_REP2_T1) (43),NFCORE_CHIPSEQ:CHIPSEQ:ALIGN_BWA_MEM:BWA_MEM (EZH2_IP_NTKO_REP2_T1) (43),1478667,43
,,0,2024-01-24T01:04:49.09644135Z,2024-02-23T01:04:49.09644135Z,2024-02-22T07:50:19.952366016Z,1183.8567,docker_cpu_usage_pct,NFCORE_CHIPSEQ:CHIPSEQ:ALIGN_BWA_MEM:BWA_MEM (EZH2_IP_NTKO_REP2_T1) (43),NFCORE_CHIPSEQ:CHIPSEQ:ALIGN_BWA_MEM:BWA_MEM (EZH2_IP_NTKO_REP2_T1) (43),1478667,43
,,0,2024-01-24T01:04:49.09644135Z,2024-02-23T01:04:49.09644135Z,2024-02-22T07:50:21.952786572Z,1199.0259,docker_cpu_usage_pct,NFCORE_CHIPSEQ:CHIPSEQ:ALIGN_BWA_MEM:BWA_MEM (EZH2_IP_NTKO_REP2_T1) (43),NFCORE_CHIPSEQ:CHIPSEQ:ALIGN_BWA_MEM:BWA_MEM (EZH2_IP_NTKO_REP2_T1) (43),1478667,43
,,0,2024-01-24T01:04:49.09644135Z,2024-02-23T01:04:49.09644135Z,2024-02-22T07:50:23.952581148Z,1201.9539,docker_cpu_usage_pct,NFCORE_CHIPSEQ:CHIPSEQ:ALIGN_BWA_MEM:BWA_MEM (EZH2_IP_NTKO_REP2_T1) (43),NFCORE_CHIPSEQ:CHIPSEQ:ALIGN_BWA_MEM:BWA_MEM (EZH2_IP_NTKO_REP2_T1) (43),1478667,43
,,0,2024-01-24T01:04:49.09644135Z,2024-02-23T01:04:49.09644135Z,2024-02-22T07:50:25.953135917Z,1192.3155,docker_cpu_usage_pct,NFCORE_CHIPSEQ:CHIPSEQ:ALIGN_BWA_MEM:BWA_MEM (EZH2_IP_NTKO_REP2_T1) (43),NFCORE_CHIPSEQ:CHIPSEQ:ALIGN_BWA_MEM:BWA_MEM (EZH2_IP_NTKO_REP2_T1) (43),1478667,43
,,0,2024-01-24T01:04:49.09644135Z,2024-02-23T01:04:49.09644135Z,2024-02-22T07:50:27.952715793Z,1180.5871,docker_cpu_usage_pct,NFCORE_CHIPSEQ:CHIPSEQ:ALIGN_BWA_MEM:BWA_MEM (EZH2_IP_NTKO_REP2_T1) (43),NFCORE_CHIPSEQ:CHIPSEQ:ALIGN_BWA_MEM:BWA_MEM (EZH2_IP_NTKO_REP2_T1) (43),1478667,43
,,0,2024-01-24T01:04:49.09644135Z,2024-02-23T01:04:49.09644135Z,2024-02-22T07:50:29.953183687Z,1180.224,docker_cpu_usage_pct,NFCORE_CHIPSEQ:CHIPSEQ:ALIGN_BWA_MEM:BWA_MEM (EZH2_IP_NTKO_REP2_T1) (43),NFCORE_CHIPSEQ:CHIPSEQ:ALIGN_BWA_MEM:BWA_MEM (EZH2_IP_NTKO_REP2_T1) (43),1478667,43
,,0,2024-01-24T01:04:49.09644135Z,2024-02-23T01:04:49.09644135Z,2024-02-22T07:50:31.952598997Z,1177.3398,docker_cpu_usage_pct,NFCORE_CHIPSEQ:CHIPSEQ:ALIGN_BWA_MEM:BWA_MEM (EZH2_IP_NTKO_REP2_T1) (43),NFCORE_CHIPSEQ:CHIPSEQ:ALIGN_BWA_MEM:BWA_MEM (EZH2_IP_NTKO_REP2_T1) (43),1478667,43
,,0,2024-01-24T01:04:49.09644135Z,2024-02-23T01:04:49.09644135Z,2024-02-22T07:50:33.952196601Z,1197.1472,docker_cpu_usage_pct,NFCORE_CHIPSEQ:CHIPSEQ:ALIGN_BWA_MEM:BWA_MEM (EZH2_IP_NTKO_REP2_T1) (43),NFCORE_CHIPSEQ:CHIPSEQ:ALIGN_BWA_MEM:BWA_MEM (EZH2_IP_NTKO_REP2_T1) (43),1478667,43
,,0,2024-01-24T01:04:49.09644135Z,2024-02-23T01:04:49.09644135Z,2024-02-22T07:50:35.95287759Z,1189.0079,docker_cpu_usage_pct,NFCORE_CHIPSEQ:CHIPSEQ:ALIGN_BWA_MEM:BWA_MEM (EZH2_IP_NTKO_REP2_T1) (43),NFCORE_CHIPSEQ:CHIPSEQ:ALIGN_BWA_MEM:BWA_MEM (EZH2_IP_NTKO_REP2_T1) (43),1478667,43
,,0,2024-01-24T01:04:49.09644135Z,2024-02-23T01:04:49.09644135Z,2024-02-22T07:50:37.952574956Z,1177.3301,docker_cpu_usage_pct,NFCORE_CHIPSEQ:CHIPSEQ:ALIGN_BWA_MEM:BWA_MEM (EZH2_IP_NTKO_REP2_T1) (43),NFCORE_CHIPSEQ:CHIPSEQ:ALIGN_BWA_MEM:BWA_MEM (EZH2_IP_NTKO_REP2_T1) (43),1478667,43
,,0,2024-01-24T01:04:49.09644135Z,2024-02-23T01:04:49.09644135Z,2024-02-22T07:50:39.953212091Z,1188.999,docker_cpu_usage_pct,NFCORE_CHIPSEQ:CHIPSEQ:ALIGN_BWA_MEM:BWA_MEM (EZH2_IP_NTKO_REP2_T1) (43),NFCORE_CHIPSEQ:CHIPSEQ:ALIGN_BWA_MEM:BWA_MEM (EZH2_IP_NTKO_REP2_T1) (43),1478667,43
,,0,2024-01-24T01:04:49.09644135Z,2024-02-23T01:04:49.09644135Z,2024-02-22T07:50:41.952638997Z,1194.1356,docker_cpu_usage_pct,NFCORE_CHIPSEQ:CHIPSEQ:ALIGN_BWA_MEM:BWA_MEM (EZH2_IP_NTKO_REP2_T1) (43),NFCORE_CHIPSEQ:CHIPSEQ:ALIGN_BWA_MEM:BWA_MEM (EZH2_IP_NTKO_REP2_T1) (43),1478667,43
,,0,2024-01-24T01:04:49.09644135Z,2024-02-23T01:04:49.09644135Z,2024-02-22T07:50:43.952129773Z,1169.6299,docker_cpu_usage_pct,NFCORE_CHIPSEQ:CHIPSEQ:ALIGN_BWA_MEM:BWA_MEM (EZH2_IP_NTKO_REP2_T1) (43),NFCORE_CHIPSEQ:CHIPSEQ:ALIGN_BWA_MEM:BWA_MEM (EZH2_IP_NTKO_REP2_T1) (43),1478667,43
,,0,2024-01-24T01:04:49.09644135Z,2024-02-23T01:04:49.09644135Z,2024-02-22T07:50:45.952529298Z,1303.8595,docker_cpu_usage_pct,NFCORE_CHIPSEQ:CHIPSEQ:ALIGN_BWA_MEM:BWA_MEM (EZH2_IP_NTKO_REP2_T1) (43),NFCORE_CHIPSEQ:CHIPSEQ:ALIGN_BWA_MEM:BWA_MEM (EZH2_IP_NTKO_REP2_T1) (43),1478667,43
,,0,2024-01-24T01:04:49.09644135Z,2024-02-23T01:04:49.09644135Z,2024-02-22T07:50:47.952200248Z,1448.3905,docker_cpu_usage_pct,NFCORE_CHIPSEQ:CHIPSEQ:ALIGN_BWA_MEM:BWA_MEM (EZH2_IP_NTKO_REP2_T1) (43),NFCORE_CHIPSEQ:CHIPSEQ:ALIGN_BWA_MEM:BWA_MEM (EZH2_IP_NTKO_REP2_T1) (43),1478667,43
,,0,2024-01-24T01:04:49.09644135Z,2024-02-23T01:04:49.09644135Z,2024-02-22T07:50:49.952733676Z,1510.7794,docker_cpu_usage_pct,NFCORE_CHIPSEQ:CHIPSEQ:ALIGN_BWA_MEM:BWA_MEM (EZH2_IP_NTKO_REP2_T1) (43),NFCORE_CHIPSEQ:CHIPSEQ:ALIGN_BWA_MEM:BWA_MEM (EZH2_IP_NTKO_REP2_T1) (43),1478667,43
,,0,2024-01-24T01:04:49.09644135Z,2024-02-23T01:04:49.09644135Z,2024-02-22T07:50:51.952382154Z,1298.8967,docker_cpu_usage_pct,NFCORE_CHIPSEQ:CHIPSEQ:ALIGN_BWA_MEM:BWA_MEM (EZH2_IP_NTKO_REP2_T1) (43),NFCORE_CHIPSEQ:CHIPSEQ:ALIGN_BWA_MEM:BWA_MEM (EZH2_IP_NTKO_REP2_T1) (43),1478667,43
,,0,2024-01-24T01:04:49.09644135Z,2024-02-23T01:04:49.09644135Z,2024-02-22T07:50:53.952855048Z,1204.5182,docker_cpu_usage_pct,NFCORE_CHIPSEQ:CHIPSEQ:ALIGN_BWA_MEM:BWA_MEM (EZH2_IP_NTKO_REP2_T1) (43),NFCORE_CHIPSEQ:CHIPSEQ:ALIGN_BWA_MEM:BWA_MEM (EZH2_IP_NTKO_REP2_T1) (43),1478667,43
,,0,2024-01-24T01:04:49.09644135Z,2024-02-23T01:04:49.09644135Z,2024-02-22T07:50:55.952481754Z,1206.5623,docker_cpu_usage_pct,NFCORE_CHIPSEQ:CHIPSEQ:ALIGN_BWA_MEM:BWA_MEM (EZH2_IP_NTKO_REP2_T1) (43),NFCORE_CHIPSEQ:CHIPSEQ:ALIGN_BWA_MEM:BWA_MEM (EZH2_IP_NTKO_REP2_T1) (43),1478667,43
,,0,2024-01-24T01:04:49.09644135Z,2024-02-23T01:04:49.09644135Z,2024-02-22T07:50:57.952190341Z,1188.9614,docker_cpu_usage_pct,NFCORE_CHIPSEQ:CHIPSEQ:ALIGN_BWA_MEM:BWA_MEM (EZH2_IP_NTKO_REP2_T1) (43),NFCORE_CHIPSEQ:CHIPSEQ:ALIGN_BWA_MEM:BWA_MEM (EZH2_IP_NTKO_REP2_T1) (43),1478667,43
,,0,2024-01-24T01:04:49.09644135Z,2024-02-23T01:04:49.09644135Z,2024-02-22T07:50:59.953048885Z,1176.2579,docker_cpu_usage_pct,NFCORE_CHIPSEQ:CHIPSEQ:ALIGN_BWA_MEM:BWA_MEM (EZH2_IP_NTKO_REP2_T1) (43),NFCORE_CHIPSEQ:CHIPSEQ:ALIGN_BWA_MEM:BWA_MEM (EZH2_IP_NTKO_REP2_T1) (43),1478667,43
,,0,2024-01-24T01:04:49.09644135Z,2024-02-23T01:04:49.09644135Z,2024-02-22T07:51:01.952749281Z,1176.2201,docker_cpu_usage_pct,NFCORE_CHIPSEQ:CHIPSEQ:ALIGN_BWA_MEM:BWA_MEM (EZH2_IP_NTKO_REP2_T1) (43),NFCORE_CHIPSEQ:CHIPSEQ:ALIGN_BWA_MEM:BWA_MEM (EZH2_IP_NTKO_REP2_T1) (43),1478667,43
,,0,2024-01-24T01:04:49.09644135Z,2024-02-23T01:04:49.09644135Z,2024-02-22T07:51:03.95321479Z,1169.4202,docker_cpu_usage_pct,NFCORE_CHIPSEQ:CHIPSEQ:ALIGN_BWA_MEM:BWA_MEM (EZH2_IP_NTKO_REP2_T1) (43),NFCORE_CHIPSEQ:CHIPSEQ:ALIGN_BWA_MEM:BWA_MEM (EZH2_IP_NTKO_REP2_T1) (43),1478667,43
,,0,2024-01-24T01:04:49.09644135Z,2024-02-23T01:04:49.09644135Z,2024-02-22T07:51:05.952570133Z,1172.2775,docker_cpu_usage_pct,NFCORE_CHIPSEQ:CHIPSEQ:ALIGN_BWA_MEM:BWA_MEM (EZH2_IP_NTKO_REP2_T1) (43),NFCORE_CHIPSEQ:CHIPSEQ:ALIGN_BWA_MEM:BWA_MEM (EZH2_IP_NTKO_REP2_T1) (43),1478667,43
,,0,2024-01-24T01:04:49.09644135Z,2024-02-23T01:04:49.09644135Z,2024-02-22T07:51:07.952241095Z,1175.5124,docker_cpu_usage_pct,NFCORE_CHIPSEQ:CHIPSEQ:ALIGN_BWA_MEM:BWA_MEM (EZH2_IP_NTKO_REP2_T1) (43),NFCORE_CHIPSEQ:CHIPSEQ:ALIGN_BWA_MEM:BWA_MEM (EZH2_IP_NTKO_REP2_T1) (43),1478667,43
,,0,2024-01-24T01:04:49.09644135Z,2024-02-23T01:04:49.09644135Z,2024-02-22T07:51:09.95296419Z,1190.1018,docker_cpu_usage_pct,NFCORE_CHIPSEQ:CHIPSEQ:ALIGN_BWA_MEM:BWA_MEM (EZH2_IP_NTKO_REP2_T1) (43),NFCORE_CHIPSEQ:CHIPSEQ:ALIGN_BWA_MEM:BWA_MEM (EZH2_IP_NTKO_REP2_T1) (43),1478667,43
,,0,2024-01-24T01:04:49.09644135Z,2024-02-23T01:04:49.09644135Z,2024-02-22T07:51:11.952523927Z,1190.8458,docker_cpu_usage_pct,NFCORE_CHIPSEQ:CHIPSEQ:ALIGN_BWA_MEM:BWA_MEM (EZH2_IP_NTKO_REP2_T1) (43),NFCORE_CHIPSEQ:CHIPSEQ:ALIGN_BWA_MEM:BWA_MEM (EZH2_IP_NTKO_REP2_T1) (43),1478667,43
,,0,2024-01-24T01:04:49.09644135Z,2024-02-23T01:04:49.09644135Z,2024-02-22T07:51:13.952944501Z,1188.987,docker_cpu_usage_pct,NFCORE_CHIPSEQ:CHIPSEQ:ALIGN_BWA_MEM:BWA_MEM (EZH2_IP_NTKO_REP2_T1) (43),NFCORE_CHIPSEQ:CHIPSEQ:ALIGN_BWA_MEM:BWA_MEM (EZH2_IP_NTKO_REP2_T1) (43),1478667,43
,,0,2024-01-24T01:04:49.09644135Z,2024-02-23T01:04:49.09644135Z,2024-02-22T07:51:15.952383102Z,1191.1671,docker_cpu_usage_pct,NFCORE_CHIPSEQ:CHIPSEQ:ALIGN_BWA_MEM:BWA_MEM (EZH2_IP_NTKO_REP2_T1) (43),NFCORE_CHIPSEQ:CHIPSEQ:ALIGN_BWA_MEM:BWA_MEM (EZH2_IP_NTKO_REP2_T1) (43),1478667,43
,,0,2024-01-24T01:04:49.09644135Z,2024-02-23T01:04:49.09644135Z,2024-02-22T07:51:17.953040382Z,1192.6625,docker_cpu_usage_pct,NFCORE_CHIPSEQ:CHIPSEQ:ALIGN_BWA_MEM:BWA_MEM (EZH2_IP_NTKO_REP2_T1) (43),NFCORE_CHIPSEQ:CHIPSEQ:ALIGN_BWA_MEM:BWA_MEM (EZH2_IP_NTKO_REP2_T1) (43),1478667,43
,,0,2024-01-24T01:04:49.09644135Z,2024-02-23T01:04:49.09644135Z,2024-02-22T07:51:19.952636407Z,1189.7209,docker_cpu_usage_pct,NFCORE_CHIPSEQ:CHIPSEQ:ALIGN_BWA_MEM:BWA_MEM (EZH2_IP_NTKO_REP2_T1) (43),NFCORE_CHIPSEQ:CHIPSEQ:ALIGN_BWA_MEM:BWA_MEM (EZH2_IP_NTKO_REP2_T1) (43),1478667,43
,,0,2024-01-24T01:04:49.09644135Z,2024-02-23T01:04:49.09644135Z,2024-02-22T07:51:21.952925173Z,1168.1042,docker_cpu_usage_pct,NFCORE_CHIPSEQ:CHIPSEQ:ALIGN_BWA_MEM:BWA_MEM (EZH2_IP_NTKO_REP2_T1) (43),NFCORE_CHIPSEQ:CHIPSEQ:ALIGN_BWA_MEM:BWA_MEM (EZH2_IP_NTKO_REP2_T1) (43),1478667,43
,,0,2024-01-24T01:04:49.09644135Z,2024-02-23T01:04:49.09644135Z,2024-02-22T07:51:23.952800155Z,1353.1493,docker_cpu_usage_pct,NFCORE_CHIPSEQ:CHIPSEQ:ALIGN_BWA_MEM:BWA_MEM (EZH2_IP_NTKO_REP2_T1) (43),NFCORE_CHIPSEQ:CHIPSEQ:ALIGN_BWA_MEM:BWA_MEM (EZH2_IP_NTKO_REP2_T1) (43),1478667,43
,,0,2024-01-24T01:04:49.09644135Z,2024-02-23T01:04:49.09644135Z,2024-02-22T07:51:25.952881603Z,1447.7874,docker_cpu_usage_pct,NFCORE_CHIPSEQ:CHIPSEQ:ALIGN_BWA_MEM:BWA_MEM (EZH2_IP_NTKO_REP2_T1) (43),NFCORE_CHIPSEQ:CHIPSEQ:ALIGN_BWA_MEM:BWA_MEM (EZH2_IP_NTKO_REP2_T1) (43),1478667,43
,,0,2024-01-24T01:04:49.09644135Z,2024-02-23T01:04:49.09644135Z,2024-02-22T07:51:27.952701842Z,1503.1373,docker_cpu_usage_pct,NFCORE_CHIPSEQ:CHIPSEQ:ALIGN_BWA_MEM:BWA_MEM (EZH2_IP_NTKO_REP2_T1) (43),NFCORE_CHIPSEQ:CHIPSEQ:ALIGN_BWA_MEM:BWA_MEM (EZH2_IP_NTKO_REP2_T1) (43),1478667,43
,,0,2024-01-24T01:04:49.09644135Z,2024-02-23T01:04:49.09644135Z,2024-02-22T07:51:29.953310785Z,1276.1795,docker_cpu_usage_pct,NFCORE_CHIPSEQ:CHIPSEQ:ALIGN_BWA_MEM:BWA_MEM (EZH2_IP_NTKO_REP2_T1) (43),NFCORE_CHIPSEQ:CHIPSEQ:ALIGN_BWA_MEM:BWA_MEM (EZH2_IP_NTKO_REP2_T1) (43),1478667,43
,,0,2024-01-24T01:04:49.09644135Z,2024-02-23T01:04:49.09644135Z,2024-02-22T07:51:31.952960096Z,1225.0854,docker_cpu_usage_pct,NFCORE_CHIPSEQ:CHIPSEQ:ALIGN_BWA_MEM:BWA_MEM (EZH2_IP_NTKO_REP2_T1) (43),NFCORE_CHIPSEQ:CHIPSEQ:ALIGN_BWA_MEM:BWA_MEM (EZH2_IP_NTKO_REP2_T1) (43),1478667,43
,,0,2024-01-24T01:04:49.09644135Z,2024-02-23T01:04:49.09644135Z,2024-02-22T07:51:33.952429371Z,1189.0039,docker_cpu_usage_pct,NFCORE_CHIPSEQ:CHIPSEQ:ALIGN_BWA_MEM:BWA_MEM (EZH2_IP_NTKO_REP2_T1) (43),NFCORE_CHIPSEQ:CHIPSEQ:ALIGN_BWA_MEM:BWA_MEM (EZH2_IP_NTKO_REP2_T1) (43),1478667,43
,,0,2024-01-24T01:04:49.09644135Z,2024-02-23T01:04:49.09644135Z,2024-02-22T07:51:35.953177477Z,1188.2512,docker_cpu_usage_pct,NFCORE_CHIPSEQ:CHIPSEQ:ALIGN_BWA_MEM:BWA_MEM (EZH2_IP_NTKO_REP2_T1) (43),NFCORE_CHIPSEQ:CHIPSEQ:ALIGN_BWA_MEM:BWA_MEM (EZH2_IP_NTKO_REP2_T1) (43),1478667,43
,,0,2024-01-24T01:04:49.09644135Z,2024-02-23T01:04:49.09644135Z,2024-02-22T07:51:37.952758944Z,1187.5238,docker_cpu_usage_pct,NFCORE_CHIPSEQ:CHIPSEQ:ALIGN_BWA_MEM:BWA_MEM (EZH2_IP_NTKO_REP2_T1) (43),NFCORE_CHIPSEQ:CHIPSEQ:ALIGN_BWA_MEM:BWA_MEM (EZH2_IP_NTKO_REP2_T1) (43),1478667,43
,,0,2024-01-24T01:04:49.09644135Z,2024-02-23T01:04:49.09644135Z,2024-02-22T07:51:39.953305841Z,1191.5662,docker_cpu_usage_pct,NFCORE_CHIPSEQ:CHIPSEQ:ALIGN_BWA_MEM:BWA_MEM (EZH2_IP_NTKO_REP2_T1) (43),NFCORE_CHIPSEQ:CHIPSEQ:ALIGN_BWA_MEM:BWA_MEM (EZH2_IP_NTKO_REP2_T1) (43),1478667,43
,,0,2024-01-24T01:04:49.09644135Z,2024-02-23T01:04:49.09644135Z,2024-02-22T07:51:41.952650899Z,1182.7706,docker_cpu_usage_pct,NFCORE_CHIPSEQ:CHIPSEQ:ALIGN_BWA_MEM:BWA_MEM (EZH2_IP_NTKO_REP2_T1) (43),NFCORE_CHIPSEQ:CHIPSEQ:ALIGN_BWA_MEM:BWA_MEM (EZH2_IP_NTKO_REP2_T1) (43),1478667,43
,,0,2024-01-24T01:04:49.09644135Z,2024-02-23T01:04:49.09644135Z,2024-02-22T07:51:43.952285585Z,1175.8712,docker_cpu_usage_pct,NFCORE_CHIPSEQ:CHIPSEQ:ALIGN_BWA_MEM:BWA_MEM (EZH2_IP_NTKO_REP2_T1) (43),NFCORE_CHIPSEQ:CHIPSEQ:ALIGN_BWA_MEM:BWA_MEM (EZH2_IP_NTKO_REP2_T1) (43),1478667,43
,,0,2024-01-24T01:04:49.09644135Z,2024-02-23T01:04:49.09644135Z,2024-02-22T07:51:45.952870341Z,1182.0392,docker_cpu_usage_pct,NFCORE_CHIPSEQ:CHIPSEQ:ALIGN_BWA_MEM:BWA_MEM (EZH2_IP_NTKO_REP2_T1) (43),NFCORE_CHIPSEQ:CHIPSEQ:ALIGN_BWA_MEM:BWA_MEM (EZH2_IP_NTKO_REP2_T1) (43),1478667,43
,,0,2024-01-24T01:04:49.09644135Z,2024-02-23T01:04:49.09644135Z,2024-02-22T07:51:47.952519877Z,1178.4047,docker_cpu_usage_pct,NFCORE_CHIPSEQ:CHIPSEQ:ALIGN_BWA_MEM:BWA_MEM (EZH2_IP_NTKO_REP2_T1) (43),NFCORE_CHIPSEQ:CHIPSEQ:ALIGN_BWA_MEM:BWA_MEM (EZH2_IP_NTKO_REP2_T1) (43),1478667,43
,,0,2024-01-24T01:04:49.09644135Z,2024-02-23T01:04:49.09644135Z,2024-02-22T07:51:49.952878244Z,1183.8582,docker_cpu_usage_pct,NFCORE_CHIPSEQ:CHIPSEQ:ALIGN_BWA_MEM:BWA_MEM (EZH2_IP_NTKO_REP2_T1) (43),NFCORE_CHIPSEQ:CHIPSEQ:ALIGN_BWA_MEM:BWA_MEM (EZH2_IP_NTKO_REP2_T1) (43),1478667,43
,,0,2024-01-24T01:04:49.09644135Z,2024-02-23T01:04:49.09644135Z,2024-02-22T07:51:51.952506477Z,1191.222,docker_cpu_usage_pct,NFCORE_CHIPSEQ:CHIPSEQ:ALIGN_BWA_MEM:BWA_MEM (EZH2_IP_NTKO_REP2_T1) (43),NFCORE_CHIPSEQ:CHIPSEQ:ALIGN_BWA_MEM:BWA_MEM (EZH2_IP_NTKO_REP2_T1) (43),1478667,43
,,0,2024-01-24T01:04:49.09644135Z,2024-02-23T01:04:49.09644135Z,2024-02-22T07:51:53.952240403Z,1199.3861,docker_cpu_usage_pct,NFCORE_CHIPSEQ:CHIPSEQ:ALIGN_BWA_MEM:BWA_MEM (EZH2_IP_NTKO_REP2_T1) (43),NFCORE_CHIPSEQ:CHIPSEQ:ALIGN_BWA_MEM:BWA_MEM (EZH2_IP_NTKO_REP2_T1) (43),1478667,43
,,0,2024-01-24T01:04:49.09644135Z,2024-02-23T01:04:49.09644135Z,2024-02-22T07:51:55.953073413Z,1187.345,docker_cpu_usage_pct,NFCORE_CHIPSEQ:CHIPSEQ:ALIGN_BWA_MEM:BWA_MEM (EZH2_IP_NTKO_REP2_T1) (43),NFCORE_CHIPSEQ:CHIPSEQ:ALIGN_BWA_MEM:BWA_MEM (EZH2_IP_NTKO_REP2_T1) (43),1478667,43
,,0,2024-01-24T01:04:49.09644135Z,2024-02-23T01:04:49.09644135Z,2024-02-22T07:51:57.952699094Z,1182.7489,docker_cpu_usage_pct,NFCORE_CHIPSEQ:CHIPSEQ:ALIGN_BWA_MEM:BWA_MEM (EZH2_IP_NTKO_REP2_T1) (43),NFCORE_CHIPSEQ:CHIPSEQ:ALIGN_BWA_MEM:BWA_MEM (EZH2_IP_NTKO_REP2_T1) (43),1478667,43
,,0,2024-01-24T01:04:49.09644135Z,2024-02-23T01:04:49.09644135Z,2024-02-22T07:51:59.952964055Z,1152.78,docker_cpu_usage_pct,NFCORE_CHIPSEQ:CHIPSEQ:ALIGN_BWA_MEM:BWA_MEM (EZH2_IP_NTKO_REP2_T1) (43),NFCORE_CHIPSEQ:CHIPSEQ:ALIGN_BWA_MEM:BWA_MEM (EZH2_IP_NTKO_REP2_T1) (43),1478667,43
,,0,2024-01-24T01:04:49.09644135Z,2024-02-23T01:04:49.09644135Z,2024-02-22T07:52:01.952637215Z,1366.4823,docker_cpu_usage_pct,NFCORE_CHIPSEQ:CHIPSEQ:ALIGN_BWA_MEM:BWA_MEM (EZH2_IP_NTKO_REP2_T1) (43),NFCORE_CHIPSEQ:CHIPSEQ:ALIGN_BWA_MEM:BWA_MEM (EZH2_IP_NTKO_REP2_T1) (43),1478667,43
,,0,2024-01-24T01:04:49.09644135Z,2024-02-23T01:04:49.09644135Z,2024-02-22T07:52:03.952175561Z,1448.072,docker_cpu_usage_pct,NFCORE_CHIPSEQ:CHIPSEQ:ALIGN_BWA_MEM:BWA_MEM (EZH2_IP_NTKO_REP2_T1) (43),NFCORE_CHIPSEQ:CHIPSEQ:ALIGN_BWA_MEM:BWA_MEM (EZH2_IP_NTKO_REP2_T1) (43),1478667,43
,,0,2024-01-24T01:04:49.09644135Z,2024-02-23T01:04:49.09644135Z,2024-02-22T07:52:05.952620985Z,1481.0425,docker_cpu_usage_pct,NFCORE_CHIPSEQ:CHIPSEQ:ALIGN_BWA_MEM:BWA_MEM (EZH2_IP_NTKO_REP2_T1) (43),NFCORE_CHIPSEQ:CHIPSEQ:ALIGN_BWA_MEM:BWA_MEM (EZH2_IP_NTKO_REP2_T1) (43),1478667,43
,,0,2024-01-24T01:04:49.09644135Z,2024-02-23T01:04:49.09644135Z,2024-02-22T07:52:07.952229741Z,1273.8461,docker_cpu_usage_pct,NFCORE_CHIPSEQ:CHIPSEQ:ALIGN_BWA_MEM:BWA_MEM (EZH2_IP_NTKO_REP2_T1) (43),NFCORE_CHIPSEQ:CHIPSEQ:ALIGN_BWA_MEM:BWA_MEM (EZH2_IP_NTKO_REP2_T1) (43),1478667,43
,,0,2024-01-24T01:04:49.09644135Z,2024-02-23T01:04:49.09644135Z,2024-02-22T07:52:09.953056296Z,1235.0382,docker_cpu_usage_pct,NFCORE_CHIPSEQ:CHIPSEQ:ALIGN_BWA_MEM:BWA_MEM (EZH2_IP_NTKO_REP2_T1) (43),NFCORE_CHIPSEQ:CHIPSEQ:ALIGN_BWA_MEM:BWA_MEM (EZH2_IP_NTKO_REP2_T1) (43),1478667,43
,,0,2024-01-24T01:04:49.09644135Z,2024-02-23T01:04:49.09644135Z,2024-02-22T07:52:11.952568438Z,1198.653,docker_cpu_usage_pct,NFCORE_CHIPSEQ:CHIPSEQ:ALIGN_BWA_MEM:BWA_MEM (EZH2_IP_NTKO_REP2_T1) (43),NFCORE_CHIPSEQ:CHIPSEQ:ALIGN_BWA_MEM:BWA_MEM (EZH2_IP_NTKO_REP2_T1) (43),1478667,43
,,0,2024-01-24T01:04:49.09644135Z,2024-02-23T01:04:49.09644135Z,2024-02-22T07:52:13.953054561Z,1199.0133,docker_cpu_usage_pct,NFCORE_CHIPSEQ:CHIPSEQ:ALIGN_BWA_MEM:BWA_MEM (EZH2_IP_NTKO_REP2_T1) (43),NFCORE_CHIPSEQ:CHIPSEQ:ALIGN_BWA_MEM:BWA_MEM (EZH2_IP_NTKO_REP2_T1) (43),1478667,43
,,0,2024-01-24T01:04:49.09644135Z,2024-02-23T01:04:49.09644135Z,2024-02-22T07:52:15.952574441Z,1203.8084,docker_cpu_usage_pct,NFCORE_CHIPSEQ:CHIPSEQ:ALIGN_BWA_MEM:BWA_MEM (EZH2_IP_NTKO_REP2_T1) (43),NFCORE_CHIPSEQ:CHIPSEQ:ALIGN_BWA_MEM:BWA_MEM (EZH2_IP_NTKO_REP2_T1) (43),1478667,43
,,0,2024-01-24T01:04:49.09644135Z,2024-02-23T01:04:49.09644135Z,2024-02-22T07:52:17.953398253Z,1203.4525,docker_cpu_usage_pct,NFCORE_CHIPSEQ:CHIPSEQ:ALIGN_BWA_MEM:BWA_MEM (EZH2_IP_NTKO_REP2_T1) (43),NFCORE_CHIPSEQ:CHIPSEQ:ALIGN_BWA_MEM:BWA_MEM (EZH2_IP_NTKO_REP2_T1) (43),1478667,43
,,0,2024-01-24T01:04:49.09644135Z,2024-02-23T01:04:49.09644135Z,2024-02-22T07:52:19.952813819Z,1186.4091,docker_cpu_usage_pct,NFCORE_CHIPSEQ:CHIPSEQ:ALIGN_BWA_MEM:BWA_MEM (EZH2_IP_NTKO_REP2_T1) (43),NFCORE_CHIPSEQ:CHIPSEQ:ALIGN_BWA_MEM:BWA_MEM (EZH2_IP_NTKO_REP2_T1) (43),1478667,43
,,0,2024-01-24T01:04:49.09644135Z,2024-02-23T01:04:49.09644135Z,2024-02-22T07:52:21.952464921Z,1184.9392,docker_cpu_usage_pct,NFCORE_CHIPSEQ:CHIPSEQ:ALIGN_BWA_MEM:BWA_MEM (EZH2_IP_NTKO_REP2_T1) (43),NFCORE_CHIPSEQ:CHIPSEQ:ALIGN_BWA_MEM:BWA_MEM (EZH2_IP_NTKO_REP2_T1) (43),1478667,43
,,0,2024-01-24T01:04:49.09644135Z,2024-02-23T01:04:49.09644135Z,2024-02-22T07:52:23.953119466Z,1173.7222,docker_cpu_usage_pct,NFCORE_CHIPSEQ:CHIPSEQ:ALIGN_BWA_MEM:BWA_MEM (EZH2_IP_NTKO_REP2_T1) (43),NFCORE_CHIPSEQ:CHIPSEQ:ALIGN_BWA_MEM:BWA_MEM (EZH2_IP_NTKO_REP2_T1) (43),1478667,43
,,0,2024-01-24T01:04:49.09644135Z,2024-02-23T01:04:49.09644135Z,2024-02-22T07:52:25.952581361Z,1192.7444,docker_cpu_usage_pct,NFCORE_CHIPSEQ:CHIPSEQ:ALIGN_BWA_MEM:BWA_MEM (EZH2_IP_NTKO_REP2_T1) (43),NFCORE_CHIPSEQ:CHIPSEQ:ALIGN_BWA_MEM:BWA_MEM (EZH2_IP_NTKO_REP2_T1) (43),1478667,43
,,0,2024-01-24T01:04:49.09644135Z,2024-02-23T01:04:49.09644135Z,2024-02-22T07:52:27.953148461Z,1184.5922,docker_cpu_usage_pct,NFCORE_CHIPSEQ:CHIPSEQ:ALIGN_BWA_MEM:BWA_MEM (EZH2_IP_NTKO_REP2_T1) (43),NFCORE_CHIPSEQ:CHIPSEQ:ALIGN_BWA_MEM:BWA_MEM (EZH2_IP_NTKO_REP2_T1) (43),1478667,43
,,0,2024-01-24T01:04:49.09644135Z,2024-02-23T01:04:49.09644135Z,2024-02-22T07:52:29.952933005Z,1180.2263,docker_cpu_usage_pct,NFCORE_CHIPSEQ:CHIPSEQ:ALIGN_BWA_MEM:BWA_MEM (EZH2_IP_NTKO_REP2_T1) (43),NFCORE_CHIPSEQ:CHIPSEQ:ALIGN_BWA_MEM:BWA_MEM (EZH2_IP_NTKO_REP2_T1) (43),1478667,43
,,0,2024-01-24T01:04:49.09644135Z,2024-02-23T01:04:49.09644135Z,2024-02-22T07:52:31.952444579Z,1180.9345,docker_cpu_usage_pct,NFCORE_CHIPSEQ:CHIPSEQ:ALIGN_BWA_MEM:BWA_MEM (EZH2_IP_NTKO_REP2_T1) (43),NFCORE_CHIPSEQ:CHIPSEQ:ALIGN_BWA_MEM:BWA_MEM (EZH2_IP_NTKO_REP2_T1) (43),1478667,43
,,0,2024-01-24T01:04:49.09644135Z,2024-02-23T01:04:49.09644135Z,2024-02-22T07:52:33.952877643Z,1184.9516,docker_cpu_usage_pct,NFCORE_CHIPSEQ:CHIPSEQ:ALIGN_BWA_MEM:BWA_MEM (EZH2_IP_NTKO_REP2_T1) (43),NFCORE_CHIPSEQ:CHIPSEQ:ALIGN_BWA_MEM:BWA_MEM (EZH2_IP_NTKO_REP2_T1) (43),1478667,43
,,0,2024-01-24T01:04:49.09644135Z,2024-02-23T01:04:49.09644135Z,2024-02-22T07:52:35.952602603Z,1191.2235,docker_cpu_usage_pct,NFCORE_CHIPSEQ:CHIPSEQ:ALIGN_BWA_MEM:BWA_MEM (EZH2_IP_NTKO_REP2_T1) (43),NFCORE_CHIPSEQ:CHIPSEQ:ALIGN_BWA_MEM:BWA_MEM (EZH2_IP_NTKO_REP2_T1) (43),1478667,43
,,0,2024-01-24T01:04:49.09644135Z,2024-02-23T01:04:49.09644135Z,2024-02-22T07:52:37.953099607Z,1158.0711,docker_cpu_usage_pct,NFCORE_CHIPSEQ:CHIPSEQ:ALIGN_BWA_MEM:BWA_MEM (EZH2_IP_NTKO_REP2_T1) (43),NFCORE_CHIPSEQ:CHIPSEQ:ALIGN_BWA_MEM:BWA_MEM (EZH2_IP_NTKO_REP2_T1) (43),1478667,43
,,0,2024-01-24T01:04:49.09644135Z,2024-02-23T01:04:49.09644135Z,2024-02-22T07:52:39.95235203Z,1335.4695,docker_cpu_usage_pct,NFCORE_CHIPSEQ:CHIPSEQ:ALIGN_BWA_MEM:BWA_MEM (EZH2_IP_NTKO_REP2_T1) (43),NFCORE_CHIPSEQ:CHIPSEQ:ALIGN_BWA_MEM:BWA_MEM (EZH2_IP_NTKO_REP2_T1) (43),1478667,43
,,0,2024-01-24T01:04:49.09644135Z,2024-02-23T01:04:49.09644135Z,2024-02-22T07:52:41.952866954Z,1448.0994,docker_cpu_usage_pct,NFCORE_CHIPSEQ:CHIPSEQ:ALIGN_BWA_MEM:BWA_MEM (EZH2_IP_NTKO_REP2_T1) (43),NFCORE_CHIPSEQ:CHIPSEQ:ALIGN_BWA_MEM:BWA_MEM (EZH2_IP_NTKO_REP2_T1) (43),1478667,43
,,0,2024-01-24T01:04:49.09644135Z,2024-02-23T01:04:49.09644135Z,2024-02-22T07:52:43.952395745Z,1480.734,docker_cpu_usage_pct,NFCORE_CHIPSEQ:CHIPSEQ:ALIGN_BWA_MEM:BWA_MEM (EZH2_IP_NTKO_REP2_T1) (43),NFCORE_CHIPSEQ:CHIPSEQ:ALIGN_BWA_MEM:BWA_MEM (EZH2_IP_NTKO_REP2_T1) (43),1478667,43
,,0,2024-01-24T01:04:49.09644135Z,2024-02-23T01:04:49.09644135Z,2024-02-22T07:52:45.952982189Z,1304.1122,docker_cpu_usage_pct,NFCORE_CHIPSEQ:CHIPSEQ:ALIGN_BWA_MEM:BWA_MEM (EZH2_IP_NTKO_REP2_T1) (43),NFCORE_CHIPSEQ:CHIPSEQ:ALIGN_BWA_MEM:BWA_MEM (EZH2_IP_NTKO_REP2_T1) (43),1478667,43
,,0,2024-01-24T01:04:49.09644135Z,2024-02-23T01:04:49.09644135Z,2024-02-22T07:52:47.952447607Z,1248.9527,docker_cpu_usage_pct,NFCORE_CHIPSEQ:CHIPSEQ:ALIGN_BWA_MEM:BWA_MEM (EZH2_IP_NTKO_REP2_T1) (43),NFCORE_CHIPSEQ:CHIPSEQ:ALIGN_BWA_MEM:BWA_MEM (EZH2_IP_NTKO_REP2_T1) (43),1478667,43
,,0,2024-01-24T01:04:49.09644135Z,2024-02-23T01:04:49.09644135Z,2024-02-22T07:52:49.953280888Z,1194.9007,docker_cpu_usage_pct,NFCORE_CHIPSEQ:CHIPSEQ:ALIGN_BWA_MEM:BWA_MEM (EZH2_IP_NTKO_REP2_T1) (43),NFCORE_CHIPSEQ:CHIPSEQ:ALIGN_BWA_MEM:BWA_MEM (EZH2_IP_NTKO_REP2_T1) (43),1478667,43
,,0,2024-01-24T01:04:49.09644135Z,2024-02-23T01:04:49.09644135Z,2024-02-22T07:52:51.952792485Z,1190.4846,docker_cpu_usage_pct,NFCORE_CHIPSEQ:CHIPSEQ:ALIGN_BWA_MEM:BWA_MEM (EZH2_IP_NTKO_REP2_T1) (43),NFCORE_CHIPSEQ:CHIPSEQ:ALIGN_BWA_MEM:BWA_MEM (EZH2_IP_NTKO_REP2_T1) (43),1478667,43
,,0,2024-01-24T01:04:49.09644135Z,2024-02-23T01:04:49.09644135Z,2024-02-22T07:52:53.952219029Z,1190.1057,docker_cpu_usage_pct,NFCORE_CHIPSEQ:CHIPSEQ:ALIGN_BWA_MEM:BWA_MEM (EZH2_IP_NTKO_REP2_T1) (43),NFCORE_CHIPSEQ:CHIPSEQ:ALIGN_BWA_MEM:BWA_MEM (EZH2_IP_NTKO_REP2_T1) (43),1478667,43
,,0,2024-01-24T01:04:49.09644135Z,2024-02-23T01:04:49.09644135Z,2024-02-22T07:52:55.952949585Z,1201.2918,docker_cpu_usage_pct,NFCORE_CHIPSEQ:CHIPSEQ:ALIGN_BWA_MEM:BWA_MEM (EZH2_IP_NTKO_REP2_T1) (43),NFCORE_CHIPSEQ:CHIPSEQ:ALIGN_BWA_MEM:BWA_MEM (EZH2_IP_NTKO_REP2_T1) (43),1478667,43
,,0,2024-01-24T01:04:49.09644135Z,2024-02-23T01:04:49.09644135Z,2024-02-22T07:52:57.952321045Z,1190.8635,docker_cpu_usage_pct,NFCORE_CHIPSEQ:CHIPSEQ:ALIGN_BWA_MEM:BWA_MEM (EZH2_IP_NTKO_REP2_T1) (43),NFCORE_CHIPSEQ:CHIPSEQ:ALIGN_BWA_MEM:BWA_MEM (EZH2_IP_NTKO_REP2_T1) (43),1478667,43
,,0,2024-01-24T01:04:49.09644135Z,2024-02-23T01:04:49.09644135Z,2024-02-22T07:52:59.952885805Z,1187.5338,docker_cpu_usage_pct,NFCORE_CHIPSEQ:CHIPSEQ:ALIGN_BWA_MEM:BWA_MEM (EZH2_IP_NTKO_REP2_T1) (43),NFCORE_CHIPSEQ:CHIPSEQ:ALIGN_BWA_MEM:BWA_MEM (EZH2_IP_NTKO_REP2_T1) (43),1478667,43
,,0,2024-01-24T01:04:49.09644135Z,2024-02-23T01:04:49.09644135Z,2024-02-22T07:53:01.952584055Z,1191.5713,docker_cpu_usage_pct,NFCORE_CHIPSEQ:CHIPSEQ:ALIGN_BWA_MEM:BWA_MEM (EZH2_IP_NTKO_REP2_T1) (43),NFCORE_CHIPSEQ:CHIPSEQ:ALIGN_BWA_MEM:BWA_MEM (EZH2_IP_NTKO_REP2_T1) (43),1478667,43
,,0,2024-01-24T01:04:49.09644135Z,2024-02-23T01:04:49.09644135Z,2024-02-22T07:53:03.953025648Z,1187.527,docker_cpu_usage_pct,NFCORE_CHIPSEQ:CHIPSEQ:ALIGN_BWA_MEM:BWA_MEM (EZH2_IP_NTKO_REP2_T1) (43),NFCORE_CHIPSEQ:CHIPSEQ:ALIGN_BWA_MEM:BWA_MEM (EZH2_IP_NTKO_REP2_T1) (43),1478667,43
,,0,2024-01-24T01:04:49.09644135Z,2024-02-23T01:04:49.09644135Z,2024-02-22T07:53:05.952702596Z,1186.0363,docker_cpu_usage_pct,NFCORE_CHIPSEQ:CHIPSEQ:ALIGN_BWA_MEM:BWA_MEM (EZH2_IP_NTKO_REP2_T1) (43),NFCORE_CHIPSEQ:CHIPSEQ:ALIGN_BWA_MEM:BWA_MEM (EZH2_IP_NTKO_REP2_T1) (43),1478667,43
,,0,2024-01-24T01:04:49.09644135Z,2024-02-23T01:04:49.09644135Z,2024-02-22T07:53:07.95316787Z,1180.2144,docker_cpu_usage_pct,NFCORE_CHIPSEQ:CHIPSEQ:ALIGN_BWA_MEM:BWA_MEM (EZH2_IP_NTKO_REP2_T1) (43),NFCORE_CHIPSEQ:CHIPSEQ:ALIGN_BWA_MEM:BWA_MEM (EZH2_IP_NTKO_REP2_T1) (43),1478667,43
,,0,2024-01-24T01:04:49.09644135Z,2024-02-23T01:04:49.09644135Z,2024-02-22T07:53:09.952592498Z,1184.4714,docker_cpu_usage_pct,NFCORE_CHIPSEQ:CHIPSEQ:ALIGN_BWA_MEM:BWA_MEM (EZH2_IP_NTKO_REP2_T1) (43),NFCORE_CHIPSEQ:CHIPSEQ:ALIGN_BWA_MEM:BWA_MEM (EZH2_IP_NTKO_REP2_T1) (43),1478667,43
,,0,2024-01-24T01:04:49.09644135Z,2024-02-23T01:04:49.09644135Z,2024-02-22T07:53:11.95243884Z,1189.3324,docker_cpu_usage_pct,NFCORE_CHIPSEQ:CHIPSEQ:ALIGN_BWA_MEM:BWA_MEM (EZH2_IP_NTKO_REP2_T1) (43),NFCORE_CHIPSEQ:CHIPSEQ:ALIGN_BWA_MEM:BWA_MEM (EZH2_IP_NTKO_REP2_T1) (43),1478667,43
,,0,2024-01-24T01:04:49.09644135Z,2024-02-23T01:04:49.09644135Z,2024-02-22T07:53:13.9528889Z,1185.2993,docker_cpu_usage_pct,NFCORE_CHIPSEQ:CHIPSEQ:ALIGN_BWA_MEM:BWA_MEM (EZH2_IP_NTKO_REP2_T1) (43),NFCORE_CHIPSEQ:CHIPSEQ:ALIGN_BWA_MEM:BWA_MEM (EZH2_IP_NTKO_REP2_T1) (43),1478667,43
,,0,2024-01-24T01:04:49.09644135Z,2024-02-23T01:04:49.09644135Z,2024-02-22T07:53:15.952263766Z,1163.6856,docker_cpu_usage_pct,NFCORE_CHIPSEQ:CHIPSEQ:ALIGN_BWA_MEM:BWA_MEM (EZH2_IP_NTKO_REP2_T1) (43),NFCORE_CHIPSEQ:CHIPSEQ:ALIGN_BWA_MEM:BWA_MEM (EZH2_IP_NTKO_REP2_T1) (43),1478667,43
,,0,2024-01-24T01:04:49.09644135Z,2024-02-23T01:04:49.09644135Z,2024-02-22T07:53:17.952733405Z,1307.2193,docker_cpu_usage_pct,NFCORE_CHIPSEQ:CHIPSEQ:ALIGN_BWA_MEM:BWA_MEM (EZH2_IP_NTKO_REP2_T1) (43),NFCORE_CHIPSEQ:CHIPSEQ:ALIGN_BWA_MEM:BWA_MEM (EZH2_IP_NTKO_REP2_T1) (43),1478667,43
,,0,2024-01-24T01:04:49.09644135Z,2024-02-23T01:04:49.09644135Z,2024-02-22T07:53:19.952647986Z,1454.8116,docker_cpu_usage_pct,NFCORE_CHIPSEQ:CHIPSEQ:ALIGN_BWA_MEM:BWA_MEM (EZH2_IP_NTKO_REP2_T1) (43),NFCORE_CHIPSEQ:CHIPSEQ:ALIGN_BWA_MEM:BWA_MEM (EZH2_IP_NTKO_REP2_T1) (43),1478667,43
,,0,2024-01-24T01:04:49.09644135Z,2024-02-23T01:04:49.09644135Z,2024-02-22T07:53:21.952941909Z,1506.6561,docker_cpu_usage_pct,NFCORE_CHIPSEQ:CHIPSEQ:ALIGN_BWA_MEM:BWA_MEM (EZH2_IP_NTKO_REP2_T1) (43),NFCORE_CHIPSEQ:CHIPSEQ:ALIGN_BWA_MEM:BWA_MEM (EZH2_IP_NTKO_REP2_T1) (43),1478667,43
,,0,2024-01-24T01:04:49.09644135Z,2024-02-23T01:04:49.09644135Z,2024-02-22T07:53:23.952423285Z,1290.0612,docker_cpu_usage_pct,NFCORE_CHIPSEQ:CHIPSEQ:ALIGN_BWA_MEM:BWA_MEM (EZH2_IP_NTKO_REP2_T1) (43),NFCORE_CHIPSEQ:CHIPSEQ:ALIGN_BWA_MEM:BWA_MEM (EZH2_IP_NTKO_REP2_T1) (43),1478667,43
,,0,2024-01-24T01:04:49.09644135Z,2024-02-23T01:04:49.09644135Z,2024-02-22T07:53:25.953083609Z,1256.8894,docker_cpu_usage_pct,NFCORE_CHIPSEQ:CHIPSEQ:ALIGN_BWA_MEM:BWA_MEM (EZH2_IP_NTKO_REP2_T1) (43),NFCORE_CHIPSEQ:CHIPSEQ:ALIGN_BWA_MEM:BWA_MEM (EZH2_IP_NTKO_REP2_T1) (43),1478667,43
,,0,2024-01-24T01:04:49.09644135Z,2024-02-23T01:04:49.09644135Z,2024-02-22T07:53:27.952545863Z,1182.7398,docker_cpu_usage_pct,NFCORE_CHIPSEQ:CHIPSEQ:ALIGN_BWA_MEM:BWA_MEM (EZH2_IP_NTKO_REP2_T1) (43),NFCORE_CHIPSEQ:CHIPSEQ:ALIGN_BWA_MEM:BWA_MEM (EZH2_IP_NTKO_REP2_T1) (43),1478667,43
,,0,2024-01-24T01:04:49.09644135Z,2024-02-23T01:04:49.09644135Z,2024-02-22T07:53:29.953064211Z,1191.9005,docker_cpu_usage_pct,NFCORE_CHIPSEQ:CHIPSEQ:ALIGN_BWA_MEM:BWA_MEM (EZH2_IP_NTKO_REP2_T1) (43),NFCORE_CHIPSEQ:CHIPSEQ:ALIGN_BWA_MEM:BWA_MEM (EZH2_IP_NTKO_REP2_T1) (43),1478667,43
,,0,2024-01-24T01:04:49.09644135Z,2024-02-23T01:04:49.09644135Z,2024-02-22T07:53:31.952564255Z,1192.2648,docker_cpu_usage_pct,NFCORE_CHIPSEQ:CHIPSEQ:ALIGN_BWA_MEM:BWA_MEM (EZH2_IP_NTKO_REP2_T1) (43),NFCORE_CHIPSEQ:CHIPSEQ:ALIGN_BWA_MEM:BWA_MEM (EZH2_IP_NTKO_REP2_T1) (43),1478667,43
,,0,2024-01-24T01:04:49.09644135Z,2024-02-23T01:04:49.09644135Z,2024-02-22T07:53:33.952165511Z,1190.0999,docker_cpu_usage_pct,NFCORE_CHIPSEQ:CHIPSEQ:ALIGN_BWA_MEM:BWA_MEM (EZH2_IP_NTKO_REP2_T1) (43),NFCORE_CHIPSEQ:CHIPSEQ:ALIGN_BWA_MEM:BWA_MEM (EZH2_IP_NTKO_REP2_T1) (43),1478667,43
,,0,2024-01-24T01:04:49.09644135Z,2024-02-23T01:04:49.09644135Z,2024-02-22T07:53:35.952745649Z,1190.4817,docker_cpu_usage_pct,NFCORE_CHIPSEQ:CHIPSEQ:ALIGN_BWA_MEM:BWA_MEM (EZH2_IP_NTKO_REP2_T1) (43),NFCORE_CHIPSEQ:CHIPSEQ:ALIGN_BWA_MEM:BWA_MEM (EZH2_IP_NTKO_REP2_T1) (43),1478667,43
,,0,2024-01-24T01:04:49.09644135Z,2024-02-23T01:04:49.09644135Z,2024-02-22T07:53:37.952329704Z,1189.7211,docker_cpu_usage_pct,NFCORE_CHIPSEQ:CHIPSEQ:ALIGN_BWA_MEM:BWA_MEM (EZH2_IP_NTKO_REP2_T1) (43),NFCORE_CHIPSEQ:CHIPSEQ:ALIGN_BWA_MEM:BWA_MEM (EZH2_IP_NTKO_REP2_T1) (43),1478667,43
,,0,2024-01-24T01:04:49.09644135Z,2024-02-23T01:04:49.09644135Z,2024-02-22T07:53:39.952948132Z,1176.6164,docker_cpu_usage_pct,NFCORE_CHIPSEQ:CHIPSEQ:ALIGN_BWA_MEM:BWA_MEM (EZH2_IP_NTKO_REP2_T1) (43),NFCORE_CHIPSEQ:CHIPSEQ:ALIGN_BWA_MEM:BWA_MEM (EZH2_IP_NTKO_REP2_T1) (43),1478667,43
,,0,2024-01-24T01:04:49.09644135Z,2024-02-23T01:04:49.09644135Z,2024-02-22T07:53:41.952354549Z,1181.303,docker_cpu_usage_pct,NFCORE_CHIPSEQ:CHIPSEQ:ALIGN_BWA_MEM:BWA_MEM (EZH2_IP_NTKO_REP2_T1) (43),NFCORE_CHIPSEQ:CHIPSEQ:ALIGN_BWA_MEM:BWA_MEM (EZH2_IP_NTKO_REP2_T1) (43),1478667,43
,,0,2024-01-24T01:04:49.09644135Z,2024-02-23T01:04:49.09644135Z,2024-02-22T07:53:43.95279409Z,1180.957,docker_cpu_usage_pct,NFCORE_CHIPSEQ:CHIPSEQ:ALIGN_BWA_MEM:BWA_MEM (EZH2_IP_NTKO_REP2_T1) (43),NFCORE_CHIPSEQ:CHIPSEQ:ALIGN_BWA_MEM:BWA_MEM (EZH2_IP_NTKO_REP2_T1) (43),1478667,43
,,0,2024-01-24T01:04:49.09644135Z,2024-02-23T01:04:49.09644135Z,2024-02-22T07:53:45.95231074Z,1177.3361,docker_cpu_usage_pct,NFCORE_CHIPSEQ:CHIPSEQ:ALIGN_BWA_MEM:BWA_MEM (EZH2_IP_NTKO_REP2_T1) (43),NFCORE_CHIPSEQ:CHIPSEQ:ALIGN_BWA_MEM:BWA_MEM (EZH2_IP_NTKO_REP2_T1) (43),1478667,43
,,0,2024-01-24T01:04:49.09644135Z,2024-02-23T01:04:49.09644135Z,2024-02-22T07:53:47.952960657Z,1182.331,docker_cpu_usage_pct,NFCORE_CHIPSEQ:CHIPSEQ:ALIGN_BWA_MEM:BWA_MEM (EZH2_IP_NTKO_REP2_T1) (43),NFCORE_CHIPSEQ:CHIPSEQ:ALIGN_BWA_MEM:BWA_MEM (EZH2_IP_NTKO_REP2_T1) (43),1478667,43
,,0,2024-01-24T01:04:49.09644135Z,2024-02-23T01:04:49.09644135Z,2024-02-22T07:53:49.952430894Z,1182.0443,docker_cpu_usage_pct,NFCORE_CHIPSEQ:CHIPSEQ:ALIGN_BWA_MEM:BWA_MEM (EZH2_IP_NTKO_REP2_T1) (43),NFCORE_CHIPSEQ:CHIPSEQ:ALIGN_BWA_MEM:BWA_MEM (EZH2_IP_NTKO_REP2_T1) (43),1478667,43
,,0,2024-01-24T01:04:49.09644135Z,2024-02-23T01:04:49.09644135Z,2024-02-22T07:53:51.953004176Z,1177.6881,docker_cpu_usage_pct,NFCORE_CHIPSEQ:CHIPSEQ:ALIGN_BWA_MEM:BWA_MEM (EZH2_IP_NTKO_REP2_T1) (43),NFCORE_CHIPSEQ:CHIPSEQ:ALIGN_BWA_MEM:BWA_MEM (EZH2_IP_NTKO_REP2_T1) (43),1478667,43
,,0,2024-01-24T01:04:49.09644135Z,2024-02-23T01:04:49.09644135Z,2024-02-22T07:53:53.952458252Z,1183.0759,docker_cpu_usage_pct,NFCORE_CHIPSEQ:CHIPSEQ:ALIGN_BWA_MEM:BWA_MEM (EZH2_IP_NTKO_REP2_T1) (43),NFCORE_CHIPSEQ:CHIPSEQ:ALIGN_BWA_MEM:BWA_MEM (EZH2_IP_NTKO_REP2_T1) (43),1478667,43
,,0,2024-01-24T01:04:49.09644135Z,2024-02-23T01:04:49.09644135Z,2024-02-22T07:53:55.953067315Z,1270.7761,docker_cpu_usage_pct,NFCORE_CHIPSEQ:CHIPSEQ:ALIGN_BWA_MEM:BWA_MEM (EZH2_IP_NTKO_REP2_T1) (43),NFCORE_CHIPSEQ:CHIPSEQ:ALIGN_BWA_MEM:BWA_MEM (EZH2_IP_NTKO_REP2_T1) (43),1478667,43
,,0,2024-01-24T01:04:49.09644135Z,2024-02-23T01:04:49.09644135Z,2024-02-22T07:53:57.95256422Z,1441.4577,docker_cpu_usage_pct,NFCORE_CHIPSEQ:CHIPSEQ:ALIGN_BWA_MEM:BWA_MEM (EZH2_IP_NTKO_REP2_T1) (43),NFCORE_CHIPSEQ:CHIPSEQ:ALIGN_BWA_MEM:BWA_MEM (EZH2_IP_NTKO_REP2_T1) (43),1478667,43
,,0,2024-01-24T01:04:49.09644135Z,2024-02-23T01:04:49.09644135Z,2024-02-22T07:53:59.952283973Z,1466.3854,docker_cpu_usage_pct,NFCORE_CHIPSEQ:CHIPSEQ:ALIGN_BWA_MEM:BWA_MEM (EZH2_IP_NTKO_REP2_T1) (43),NFCORE_CHIPSEQ:CHIPSEQ:ALIGN_BWA_MEM:BWA_MEM (EZH2_IP_NTKO_REP2_T1) (43),1478667,43
,,0,2024-01-24T01:04:49.09644135Z,2024-02-23T01:04:49.09644135Z,2024-02-22T07:54:01.952690137Z,1288.5132,docker_cpu_usage_pct,NFCORE_CHIPSEQ:CHIPSEQ:ALIGN_BWA_MEM:BWA_MEM (EZH2_IP_NTKO_REP2_T1) (43),NFCORE_CHIPSEQ:CHIPSEQ:ALIGN_BWA_MEM:BWA_MEM (EZH2_IP_NTKO_REP2_T1) (43),1478667,43
,,0,2024-01-24T01:04:49.09644135Z,2024-02-23T01:04:49.09644135Z,2024-02-22T07:54:03.95215857Z,1273.2108,docker_cpu_usage_pct,NFCORE_CHIPSEQ:CHIPSEQ:ALIGN_BWA_MEM:BWA_MEM (EZH2_IP_NTKO_REP2_T1) (43),NFCORE_CHIPSEQ:CHIPSEQ:ALIGN_BWA_MEM:BWA_MEM (EZH2_IP_NTKO_REP2_T1) (43),1478667,43
,,0,2024-01-24T01:04:49.09644135Z,2024-02-23T01:04:49.09644135Z,2024-02-22T07:54:05.952831322Z,1194.4756,docker_cpu_usage_pct,NFCORE_CHIPSEQ:CHIPSEQ:ALIGN_BWA_MEM:BWA_MEM (EZH2_IP_NTKO_REP2_T1) (43),NFCORE_CHIPSEQ:CHIPSEQ:ALIGN_BWA_MEM:BWA_MEM (EZH2_IP_NTKO_REP2_T1) (43),1478667,43
,,0,2024-01-24T01:04:49.09644135Z,2024-02-23T01:04:49.09644135Z,2024-02-22T07:54:07.952274363Z,1191.2129,docker_cpu_usage_pct,NFCORE_CHIPSEQ:CHIPSEQ:ALIGN_BWA_MEM:BWA_MEM (EZH2_IP_NTKO_REP2_T1) (43),NFCORE_CHIPSEQ:CHIPSEQ:ALIGN_BWA_MEM:BWA_MEM (EZH2_IP_NTKO_REP2_T1) (43),1478667,43
,,0,2024-01-24T01:04:49.09644135Z,2024-02-23T01:04:49.09644135Z,2024-02-22T07:54:09.952897112Z,1200.4599,docker_cpu_usage_pct,NFCORE_CHIPSEQ:CHIPSEQ:ALIGN_BWA_MEM:BWA_MEM (EZH2_IP_NTKO_REP2_T1) (43),NFCORE_CHIPSEQ:CHIPSEQ:ALIGN_BWA_MEM:BWA_MEM (EZH2_IP_NTKO_REP2_T1) (43),1478667,43
,,0,2024-01-24T01:04:49.09644135Z,2024-02-23T01:04:49.09644135Z,2024-02-22T07:54:11.952494107Z,1182.7566,docker_cpu_usage_pct,NFCORE_CHIPSEQ:CHIPSEQ:ALIGN_BWA_MEM:BWA_MEM (EZH2_IP_NTKO_REP2_T1) (43),NFCORE_CHIPSEQ:CHIPSEQ:ALIGN_BWA_MEM:BWA_MEM (EZH2_IP_NTKO_REP2_T1) (43),1478667,43
,,0,2024-01-24T01:04:49.09644135Z,2024-02-23T01:04:49.09644135Z,2024-02-22T07:54:14.952974364Z,1185.3,docker_cpu_usage_pct,NFCORE_CHIPSEQ:CHIPSEQ:ALIGN_BWA_MEM:BWA_MEM (EZH2_IP_NTKO_REP2_T1) (43),NFCORE_CHIPSEQ:CHIPSEQ:ALIGN_BWA_MEM:BWA_MEM (EZH2_IP_NTKO_REP2_T1) (43),1478667,43
,,0,2024-01-24T01:04:49.09644135Z,2024-02-23T01:04:49.09644135Z,2024-02-22T07:54:15.952262564Z,1181.6802,docker_cpu_usage_pct,NFCORE_CHIPSEQ:CHIPSEQ:ALIGN_BWA_MEM:BWA_MEM (EZH2_IP_NTKO_REP2_T1) (43),NFCORE_CHIPSEQ:CHIPSEQ:ALIGN_BWA_MEM:BWA_MEM (EZH2_IP_NTKO_REP2_T1) (43),1478667,43
,,0,2024-01-24T01:04:49.09644135Z,2024-02-23T01:04:49.09644135Z,2024-02-22T07:54:17.95286496Z,1188.9937,docker_cpu_usage_pct,NFCORE_CHIPSEQ:CHIPSEQ:ALIGN_BWA_MEM:BWA_MEM (EZH2_IP_NTKO_REP2_T1) (43),NFCORE_CHIPSEQ:CHIPSEQ:ALIGN_BWA_MEM:BWA_MEM (EZH2_IP_NTKO_REP2_T1) (43),1478667,43
,,0,2024-01-24T01:04:49.09644135Z,2024-02-23T01:04:49.09644135Z,2024-02-22T07:54:19.952336408Z,1180.2185,docker_cpu_usage_pct,NFCORE_CHIPSEQ:CHIPSEQ:ALIGN_BWA_MEM:BWA_MEM (EZH2_IP_NTKO_REP2_T1) (43),NFCORE_CHIPSEQ:CHIPSEQ:ALIGN_BWA_MEM:BWA_MEM (EZH2_IP_NTKO_REP2_T1) (43),1478667,43
,,0,2024-01-24T01:04:49.09644135Z,2024-02-23T01:04:49.09644135Z,2024-02-22T07:54:22.953190103Z,1180.5954,docker_cpu_usage_pct,NFCORE_CHIPSEQ:CHIPSEQ:ALIGN_BWA_MEM:BWA_MEM (EZH2_IP_NTKO_REP2_T1) (43),NFCORE_CHIPSEQ:CHIPSEQ:ALIGN_BWA_MEM:BWA_MEM (EZH2_IP_NTKO_REP2_T1) (43),1478667,43
,,0,2024-01-24T01:04:49.09644135Z,2024-02-23T01:04:49.09644135Z,2024-02-22T07:54:24.95263311Z,1188.2306,docker_cpu_usage_pct,NFCORE_CHIPSEQ:CHIPSEQ:ALIGN_BWA_MEM:BWA_MEM (EZH2_IP_NTKO_REP2_T1) (43),NFCORE_CHIPSEQ:CHIPSEQ:ALIGN_BWA_MEM:BWA_MEM (EZH2_IP_NTKO_REP2_T1) (43),1478667,43
,,0,2024-01-24T01:04:49.09644135Z,2024-02-23T01:04:49.09644135Z,2024-02-22T07:54:26.952390395Z,1201.0555,docker_cpu_usage_pct,NFCORE_CHIPSEQ:CHIPSEQ:ALIGN_BWA_MEM:BWA_MEM (EZH2_IP_NTKO_REP2_T1) (43),NFCORE_CHIPSEQ:CHIPSEQ:ALIGN_BWA_MEM:BWA_MEM (EZH2_IP_NTKO_REP2_T1) (43),1478667,43
,,0,2024-01-24T01:04:49.09644135Z,2024-02-23T01:04:49.09644135Z,2024-02-22T07:54:28.953004359Z,1182.7875,docker_cpu_usage_pct,NFCORE_CHIPSEQ:CHIPSEQ:ALIGN_BWA_MEM:BWA_MEM (EZH2_IP_NTKO_REP2_T1) (43),NFCORE_CHIPSEQ:CHIPSEQ:ALIGN_BWA_MEM:BWA_MEM (EZH2_IP_NTKO_REP2_T1) (43),1478667,43
,,0,2024-01-24T01:04:49.09644135Z,2024-02-23T01:04:49.09644135Z,2024-02-22T07:54:30.952459913Z,1188.2472,docker_cpu_usage_pct,NFCORE_CHIPSEQ:CHIPSEQ:ALIGN_BWA_MEM:BWA_MEM (EZH2_IP_NTKO_REP2_T1) (43),NFCORE_CHIPSEQ:CHIPSEQ:ALIGN_BWA_MEM:BWA_MEM (EZH2_IP_NTKO_REP2_T1) (43),1478667,43
,,0,2024-01-24T01:04:49.09644135Z,2024-02-23T01:04:49.09644135Z,2024-02-22T07:54:31.952732193Z,1180.4838,docker_cpu_usage_pct,NFCORE_CHIPSEQ:CHIPSEQ:ALIGN_BWA_MEM:BWA_MEM (EZH2_IP_NTKO_REP2_T1) (43),NFCORE_CHIPSEQ:CHIPSEQ:ALIGN_BWA_MEM:BWA_MEM (EZH2_IP_NTKO_REP2_T1) (43),1478667,43
,,0,2024-01-24T01:04:49.09644135Z,2024-02-23T01:04:49.09644135Z,2024-02-22T07:54:34.952393535Z,1190.2049,docker_cpu_usage_pct,NFCORE_CHIPSEQ:CHIPSEQ:ALIGN_BWA_MEM:BWA_MEM (EZH2_IP_NTKO_REP2_T1) (43),NFCORE_CHIPSEQ:CHIPSEQ:ALIGN_BWA_MEM:BWA_MEM (EZH2_IP_NTKO_REP2_T1) (43),1478667,43
,,0,2024-01-24T01:04:49.09644135Z,2024-02-23T01:04:49.09644135Z,2024-02-22T07:54:36.952810849Z,1420.4363,docker_cpu_usage_pct,NFCORE_CHIPSEQ:CHIPSEQ:ALIGN_BWA_MEM:BWA_MEM (EZH2_IP_NTKO_REP2_T1) (43),NFCORE_CHIPSEQ:CHIPSEQ:ALIGN_BWA_MEM:BWA_MEM (EZH2_IP_NTKO_REP2_T1) (43),1478667,43
,,0,2024-01-24T01:04:49.09644135Z,2024-02-23T01:04:49.09644135Z,2024-02-22T07:54:38.952560522Z,1478.2879,docker_cpu_usage_pct,NFCORE_CHIPSEQ:CHIPSEQ:ALIGN_BWA_MEM:BWA_MEM (EZH2_IP_NTKO_REP2_T1) (43),NFCORE_CHIPSEQ:CHIPSEQ:ALIGN_BWA_MEM:BWA_MEM (EZH2_IP_NTKO_REP2_T1) (43),1478667,43
,,0,2024-01-24T01:04:49.09644135Z,2024-02-23T01:04:49.09644135Z,2024-02-22T07:54:40.952926123Z,1278.1596,docker_cpu_usage_pct,NFCORE_CHIPSEQ:CHIPSEQ:ALIGN_BWA_MEM:BWA_MEM (EZH2_IP_NTKO_REP2_T1) (43),NFCORE_CHIPSEQ:CHIPSEQ:ALIGN_BWA_MEM:BWA_MEM (EZH2_IP_NTKO_REP2_T1) (43),1478667,43
,,0,2024-01-24T01:04:49.09644135Z,2024-02-23T01:04:49.09644135Z,2024-02-22T07:54:42.952504729Z,1275.6377,docker_cpu_usage_pct,NFCORE_CHIPSEQ:CHIPSEQ:ALIGN_BWA_MEM:BWA_MEM (EZH2_IP_NTKO_REP2_T1) (43),NFCORE_CHIPSEQ:CHIPSEQ:ALIGN_BWA_MEM:BWA_MEM (EZH2_IP_NTKO_REP2_T1) (43),1478667,43
,,0,2024-01-24T01:04:49.09644135Z,2024-02-23T01:04:49.09644135Z,2024-02-22T07:54:44.953063836Z,1194.142,docker_cpu_usage_pct,NFCORE_CHIPSEQ:CHIPSEQ:ALIGN_BWA_MEM:BWA_MEM (EZH2_IP_NTKO_REP2_T1) (43),NFCORE_CHIPSEQ:CHIPSEQ:ALIGN_BWA_MEM:BWA_MEM (EZH2_IP_NTKO_REP2_T1) (43),1478667,43
,,0,2024-01-24T01:04:49.09644135Z,2024-02-23T01:04:49.09644135Z,2024-02-22T07:54:46.952795965Z,1178.0548,docker_cpu_usage_pct,NFCORE_CHIPSEQ:CHIPSEQ:ALIGN_BWA_MEM:BWA_MEM (EZH2_IP_NTKO_REP2_T1) (43),NFCORE_CHIPSEQ:CHIPSEQ:ALIGN_BWA_MEM:BWA_MEM (EZH2_IP_NTKO_REP2_T1) (43),1478667,43
,,0,2024-01-24T01:04:49.09644135Z,2024-02-23T01:04:49.09644135Z,2024-02-22T07:54:48.952358388Z,1174.3337,docker_cpu_usage_pct,NFCORE_CHIPSEQ:CHIPSEQ:ALIGN_BWA_MEM:BWA_MEM (EZH2_IP_NTKO_REP2_T1) (43),NFCORE_CHIPSEQ:CHIPSEQ:ALIGN_BWA_MEM:BWA_MEM (EZH2_IP_NTKO_REP2_T1) (43),1478667,43
,,0,2024-01-24T01:04:49.09644135Z,2024-02-23T01:04:49.09644135Z,2024-02-22T07:54:50.952640765Z,1180.5845,docker_cpu_usage_pct,NFCORE_CHIPSEQ:CHIPSEQ:ALIGN_BWA_MEM:BWA_MEM (EZH2_IP_NTKO_REP2_T1) (43),NFCORE_CHIPSEQ:CHIPSEQ:ALIGN_BWA_MEM:BWA_MEM (EZH2_IP_NTKO_REP2_T1) (43),1478667,43
,,0,2024-01-24T01:04:49.09644135Z,2024-02-23T01:04:49.09644135Z,2024-02-22T07:54:52.952419014Z,1198.6542,docker_cpu_usage_pct,NFCORE_CHIPSEQ:CHIPSEQ:ALIGN_BWA_MEM:BWA_MEM (EZH2_IP_NTKO_REP2_T1) (43),NFCORE_CHIPSEQ:CHIPSEQ:ALIGN_BWA_MEM:BWA_MEM (EZH2_IP_NTKO_REP2_T1) (43),1478667,43
,,0,2024-01-24T01:04:49.09644135Z,2024-02-23T01:04:49.09644135Z,2024-02-22T07:54:54.952797002Z,1199.3838,docker_cpu_usage_pct,NFCORE_CHIPSEQ:CHIPSEQ:ALIGN_BWA_MEM:BWA_MEM (EZH2_IP_NTKO_REP2_T1) (43),NFCORE_CHIPSEQ:CHIPSEQ:ALIGN_BWA_MEM:BWA_MEM (EZH2_IP_NTKO_REP2_T1) (43),1478667,43
,,0,2024-01-24T01:04:49.09644135Z,2024-02-23T01:04:49.09644135Z,2024-02-22T07:54:56.952323922Z,1187.0776,docker_cpu_usage_pct,NFCORE_CHIPSEQ:CHIPSEQ:ALIGN_BWA_MEM:BWA_MEM (EZH2_IP_NTKO_REP2_T1) (43),NFCORE_CHIPSEQ:CHIPSEQ:ALIGN_BWA_MEM:BWA_MEM (EZH2_IP_NTKO_REP2_T1) (43),1478667,43
,,0,2024-01-24T01:04:49.09644135Z,2024-02-23T01:04:49.09644135Z,2024-02-22T07:54:58.952929717Z,1194.4943,docker_cpu_usage_pct,NFCORE_CHIPSEQ:CHIPSEQ:ALIGN_BWA_MEM:BWA_MEM (EZH2_IP_NTKO_REP2_T1) (43),NFCORE_CHIPSEQ:CHIPSEQ:ALIGN_BWA_MEM:BWA_MEM (EZH2_IP_NTKO_REP2_T1) (43),1478667,43
,,0,2024-01-24T01:04:49.09644135Z,2024-02-23T01:04:49.09644135Z,2024-02-22T07:55:00.952364333Z,1182.0234,docker_cpu_usage_pct,NFCORE_CHIPSEQ:CHIPSEQ:ALIGN_BWA_MEM:BWA_MEM (EZH2_IP_NTKO_REP2_T1) (43),NFCORE_CHIPSEQ:CHIPSEQ:ALIGN_BWA_MEM:BWA_MEM (EZH2_IP_NTKO_REP2_T1) (43),1478667,43
,,0,2024-01-24T01:04:49.09644135Z,2024-02-23T01:04:49.09644135Z,2024-02-22T07:55:02.952945646Z,1186.4194,docker_cpu_usage_pct,NFCORE_CHIPSEQ:CHIPSEQ:ALIGN_BWA_MEM:BWA_MEM (EZH2_IP_NTKO_REP2_T1) (43),NFCORE_CHIPSEQ:CHIPSEQ:ALIGN_BWA_MEM:BWA_MEM (EZH2_IP_NTKO_REP2_T1) (43),1478667,43
,,0,2024-01-24T01:04:49.09644135Z,2024-02-23T01:04:49.09644135Z,2024-02-22T07:55:04.952629249Z,1192.6384,docker_cpu_usage_pct,NFCORE_CHIPSEQ:CHIPSEQ:ALIGN_BWA_MEM:BWA_MEM (EZH2_IP_NTKO_REP2_T1) (43),NFCORE_CHIPSEQ:CHIPSEQ:ALIGN_BWA_MEM:BWA_MEM (EZH2_IP_NTKO_REP2_T1) (43),1478667,43
,,0,2024-01-24T01:04:49.09644135Z,2024-02-23T01:04:49.09644135Z,2024-02-22T07:55:06.952193398Z,1190.4701,docker_cpu_usage_pct,NFCORE_CHIPSEQ:CHIPSEQ:ALIGN_BWA_MEM:BWA_MEM (EZH2_IP_NTKO_REP2_T1) (43),NFCORE_CHIPSEQ:CHIPSEQ:ALIGN_BWA_MEM:BWA_MEM (EZH2_IP_NTKO_REP2_T1) (43),1478667,43
,,0,2024-01-24T01:04:49.09644135Z,2024-02-23T01:04:49.09644135Z,2024-02-22T07:55:08.953012647Z,1188.2783,docker_cpu_usage_pct,NFCORE_CHIPSEQ:CHIPSEQ:ALIGN_BWA_MEM:BWA_MEM (EZH2_IP_NTKO_REP2_T1) (43),NFCORE_CHIPSEQ:CHIPSEQ:ALIGN_BWA_MEM:BWA_MEM (EZH2_IP_NTKO_REP2_T1) (43),1478667,43
,,0,2024-01-24T01:04:49.09644135Z,2024-02-23T01:04:49.09644135Z,2024-02-22T07:55:10.952268024Z,1198.2734,docker_cpu_usage_pct,NFCORE_CHIPSEQ:CHIPSEQ:ALIGN_BWA_MEM:BWA_MEM (EZH2_IP_NTKO_REP2_T1) (43),NFCORE_CHIPSEQ:CHIPSEQ:ALIGN_BWA_MEM:BWA_MEM (EZH2_IP_NTKO_REP2_T1) (43),1478667,43
,,0,2024-01-24T01:04:49.09644135Z,2024-02-23T01:04:49.09644135Z,2024-02-22T07:55:12.952857815Z,1058.326,docker_cpu_usage_pct,NFCORE_CHIPSEQ:CHIPSEQ:ALIGN_BWA_MEM:BWA_MEM (EZH2_IP_NTKO_REP2_T1) (43),NFCORE_CHIPSEQ:CHIPSEQ:ALIGN_BWA_MEM:BWA_MEM (EZH2_IP_NTKO_REP2_T1) (43),1478667,43
,,0,2024-01-24T01:04:49.09644135Z,2024-02-23T01:04:49.09644135Z,2024-02-22T07:55:14.952582086Z,1433.7478,docker_cpu_usage_pct,NFCORE_CHIPSEQ:CHIPSEQ:ALIGN_BWA_MEM:BWA_MEM (EZH2_IP_NTKO_REP2_T1) (43),NFCORE_CHIPSEQ:CHIPSEQ:ALIGN_BWA_MEM:BWA_MEM (EZH2_IP_NTKO_REP2_T1) (43),1478667,43
,,0,2024-01-24T01:04:49.09644135Z,2024-02-23T01:04:49.09644135Z,2024-02-22T07:55:16.952786203Z,1469.2938,docker_cpu_usage_pct,NFCORE_CHIPSEQ:CHIPSEQ:ALIGN_BWA_MEM:BWA_MEM (EZH2_IP_NTKO_REP2_T1) (43),NFCORE_CHIPSEQ:CHIPSEQ:ALIGN_BWA_MEM:BWA_MEM (EZH2_IP_NTKO_REP2_T1) (43),1478667,43
,,0,2024-01-24T01:04:49.09644135Z,2024-02-23T01:04:49.09644135Z,2024-02-22T07:55:18.952619348Z,1425.2313,docker_cpu_usage_pct,NFCORE_CHIPSEQ:CHIPSEQ:ALIGN_BWA_MEM:BWA_MEM (EZH2_IP_NTKO_REP2_T1) (43),NFCORE_CHIPSEQ:CHIPSEQ:ALIGN_BWA_MEM:BWA_MEM (EZH2_IP_NTKO_REP2_T1) (43),1478667,43
,,0,2024-01-24T01:04:49.09644135Z,2024-02-23T01:04:49.09644135Z,2024-02-22T07:55:20.953154654Z,1280.9241,docker_cpu_usage_pct,NFCORE_CHIPSEQ:CHIPSEQ:ALIGN_BWA_MEM:BWA_MEM (EZH2_IP_NTKO_REP2_T1) (43),NFCORE_CHIPSEQ:CHIPSEQ:ALIGN_BWA_MEM:BWA_MEM (EZH2_IP_NTKO_REP2_T1) (43),1478667,43
,,0,2024-01-24T01:04:49.09644135Z,2024-02-23T01:04:49.09644135Z,2024-02-22T07:55:22.952877774Z,1176.6242,docker_cpu_usage_pct,NFCORE_CHIPSEQ:CHIPSEQ:ALIGN_BWA_MEM:BWA_MEM (EZH2_IP_NTKO_REP2_T1) (43),NFCORE_CHIPSEQ:CHIPSEQ:ALIGN_BWA_MEM:BWA_MEM (EZH2_IP_NTKO_REP2_T1) (43),1478667,43
,,0,2024-01-24T01:04:49.09644135Z,2024-02-23T01:04:49.09644135Z,2024-02-22T07:55:24.952344345Z,1175.5395,docker_cpu_usage_pct,NFCORE_CHIPSEQ:CHIPSEQ:ALIGN_BWA_MEM:BWA_MEM (EZH2_IP_NTKO_REP2_T1) (43),NFCORE_CHIPSEQ:CHIPSEQ:ALIGN_BWA_MEM:BWA_MEM (EZH2_IP_NTKO_REP2_T1) (43),1478667,43
,,0,2024-01-24T01:04:49.09644135Z,2024-02-23T01:04:49.09644135Z,2024-02-22T07:55:26.952912261Z,1193.9533,docker_cpu_usage_pct,NFCORE_CHIPSEQ:CHIPSEQ:ALIGN_BWA_MEM:BWA_MEM (EZH2_IP_NTKO_REP2_T1) (43),NFCORE_CHIPSEQ:CHIPSEQ:ALIGN_BWA_MEM:BWA_MEM (EZH2_IP_NTKO_REP2_T1) (43),1478667,43
,,0,2024-01-24T01:04:49.09644135Z,2024-02-23T01:04:49.09644135Z,2024-02-22T07:55:28.952420422Z,1171.2205,docker_cpu_usage_pct,NFCORE_CHIPSEQ:CHIPSEQ:ALIGN_BWA_MEM:BWA_MEM (EZH2_IP_NTKO_REP2_T1) (43),NFCORE_CHIPSEQ:CHIPSEQ:ALIGN_BWA_MEM:BWA_MEM (EZH2_IP_NTKO_REP2_T1) (43),1478667,43
,,0,2024-01-24T01:04:49.09644135Z,2024-02-23T01:04:49.09644135Z,2024-02-22T07:55:30.953023298Z,1198.6339,docker_cpu_usage_pct,NFCORE_CHIPSEQ:CHIPSEQ:ALIGN_BWA_MEM:BWA_MEM (EZH2_IP_NTKO_REP2_T1) (43),NFCORE_CHIPSEQ:CHIPSEQ:ALIGN_BWA_MEM:BWA_MEM (EZH2_IP_NTKO_REP2_T1) (43),1478667,43
,,0,2024-01-24T01:04:49.09644135Z,2024-02-23T01:04:49.09644135Z,2024-02-22T07:55:32.952536919Z,1198.6361,docker_cpu_usage_pct,NFCORE_CHIPSEQ:CHIPSEQ:ALIGN_BWA_MEM:BWA_MEM (EZH2_IP_NTKO_REP2_T1) (43),NFCORE_CHIPSEQ:CHIPSEQ:ALIGN_BWA_MEM:BWA_MEM (EZH2_IP_NTKO_REP2_T1) (43),1478667,43
,,0,2024-01-24T01:04:49.09644135Z,2024-02-23T01:04:49.09644135Z,2024-02-22T07:55:34.95301875Z,1199.4009,docker_cpu_usage_pct,NFCORE_CHIPSEQ:CHIPSEQ:ALIGN_BWA_MEM:BWA_MEM (EZH2_IP_NTKO_REP2_T1) (43),NFCORE_CHIPSEQ:CHIPSEQ:ALIGN_BWA_MEM:BWA_MEM (EZH2_IP_NTKO_REP2_T1) (43),1478667,43
,,0,2024-01-24T01:04:49.09644135Z,2024-02-23T01:04:49.09644135Z,2024-02-22T07:55:36.952476438Z,1197.8384,docker_cpu_usage_pct,NFCORE_CHIPSEQ:CHIPSEQ:ALIGN_BWA_MEM:BWA_MEM (EZH2_IP_NTKO_REP2_T1) (43),NFCORE_CHIPSEQ:CHIPSEQ:ALIGN_BWA_MEM:BWA_MEM (EZH2_IP_NTKO_REP2_T1) (43),1478667,43
,,0,2024-01-24T01:04:49.09644135Z,2024-02-23T01:04:49.09644135Z,2024-02-22T07:55:38.953201386Z,1182.0615,docker_cpu_usage_pct,NFCORE_CHIPSEQ:CHIPSEQ:ALIGN_BWA_MEM:BWA_MEM (EZH2_IP_NTKO_REP2_T1) (43),NFCORE_CHIPSEQ:CHIPSEQ:ALIGN_BWA_MEM:BWA_MEM (EZH2_IP_NTKO_REP2_T1) (43),1478667,43
,,0,2024-01-24T01:04:49.09644135Z,2024-02-23T01:04:49.09644135Z,2024-02-22T07:55:40.952569749Z,1180.9478,docker_cpu_usage_pct,NFCORE_CHIPSEQ:CHIPSEQ:ALIGN_BWA_MEM:BWA_MEM (EZH2_IP_NTKO_REP2_T1) (43),NFCORE_CHIPSEQ:CHIPSEQ:ALIGN_BWA_MEM:BWA_MEM (EZH2_IP_NTKO_REP2_T1) (43),1478667,43
,,0,2024-01-24T01:04:49.09644135Z,2024-02-23T01:04:49.09644135Z,2024-02-22T07:55:42.953062659Z,1176.9805,docker_cpu_usage_pct,NFCORE_CHIPSEQ:CHIPSEQ:ALIGN_BWA_MEM:BWA_MEM (EZH2_IP_NTKO_REP2_T1) (43),NFCORE_CHIPSEQ:CHIPSEQ:ALIGN_BWA_MEM:BWA_MEM (EZH2_IP_NTKO_REP2_T1) (43),1478667,43
,,0,2024-01-24T01:04:49.09644135Z,2024-02-23T01:04:49.09644135Z,2024-02-22T07:55:44.9526703Z,1178.8001,docker_cpu_usage_pct,NFCORE_CHIPSEQ:CHIPSEQ:ALIGN_BWA_MEM:BWA_MEM (EZH2_IP_NTKO_REP2_T1) (43),NFCORE_CHIPSEQ:CHIPSEQ:ALIGN_BWA_MEM:BWA_MEM (EZH2_IP_NTKO_REP2_T1) (43),1478667,43
,,0,2024-01-24T01:04:49.09644135Z,2024-02-23T01:04:49.09644135Z,2024-02-22T07:55:46.952131605Z,1180.9589,docker_cpu_usage_pct,NFCORE_CHIPSEQ:CHIPSEQ:ALIGN_BWA_MEM:BWA_MEM (EZH2_IP_NTKO_REP2_T1) (43),NFCORE_CHIPSEQ:CHIPSEQ:ALIGN_BWA_MEM:BWA_MEM (EZH2_IP_NTKO_REP2_T1) (43),1478667,43
,,0,2024-01-24T01:04:49.09644135Z,2024-02-23T01:04:49.09644135Z,2024-02-22T07:55:48.95284934Z,1183.8613,docker_cpu_usage_pct,NFCORE_CHIPSEQ:CHIPSEQ:ALIGN_BWA_MEM:BWA_MEM (EZH2_IP_NTKO_REP2_T1) (43),NFCORE_CHIPSEQ:CHIPSEQ:ALIGN_BWA_MEM:BWA_MEM (EZH2_IP_NTKO_REP2_T1) (43),1478667,43
,,0,2024-01-24T01:04:49.09644135Z,2024-02-23T01:04:49.09644135Z,2024-02-22T07:55:50.952274604Z,1107.837,docker_cpu_usage_pct,NFCORE_CHIPSEQ:CHIPSEQ:ALIGN_BWA_MEM:BWA_MEM (EZH2_IP_NTKO_REP2_T1) (43),NFCORE_CHIPSEQ:CHIPSEQ:ALIGN_BWA_MEM:BWA_MEM (EZH2_IP_NTKO_REP2_T1) (43),1478667,43
,,0,2024-01-24T01:04:49.09644135Z,2024-02-23T01:04:49.09644135Z,2024-02-22T07:55:52.952673948Z,1424.8155,docker_cpu_usage_pct,NFCORE_CHIPSEQ:CHIPSEQ:ALIGN_BWA_MEM:BWA_MEM (EZH2_IP_NTKO_REP2_T1) (43),NFCORE_CHIPSEQ:CHIPSEQ:ALIGN_BWA_MEM:BWA_MEM (EZH2_IP_NTKO_REP2_T1) (43),1478667,43
,,0,2024-01-24T01:04:49.09644135Z,2024-02-23T01:04:49.09644135Z,2024-02-22T07:55:54.952316137Z,1460.2938,docker_cpu_usage_pct,NFCORE_CHIPSEQ:CHIPSEQ:ALIGN_BWA_MEM:BWA_MEM (EZH2_IP_NTKO_REP2_T1) (43),NFCORE_CHIPSEQ:CHIPSEQ:ALIGN_BWA_MEM:BWA_MEM (EZH2_IP_NTKO_REP2_T1) (43),1478667,43
,,0,2024-01-24T01:04:49.09644135Z,2024-02-23T01:04:49.09644135Z,2024-02-22T07:55:56.953033201Z,1495.3399,docker_cpu_usage_pct,NFCORE_CHIPSEQ:CHIPSEQ:ALIGN_BWA_MEM:BWA_MEM (EZH2_IP_NTKO_REP2_T1) (43),NFCORE_CHIPSEQ:CHIPSEQ:ALIGN_BWA_MEM:BWA_MEM (EZH2_IP_NTKO_REP2_T1) (43),1478667,43
,,0,2024-01-24T01:04:49.09644135Z,2024-02-23T01:04:49.09644135Z,2024-02-22T07:55:58.952548525Z,1290.4873,docker_cpu_usage_pct,NFCORE_CHIPSEQ:CHIPSEQ:ALIGN_BWA_MEM:BWA_MEM (EZH2_IP_NTKO_REP2_T1) (43),NFCORE_CHIPSEQ:CHIPSEQ:ALIGN_BWA_MEM:BWA_MEM (EZH2_IP_NTKO_REP2_T1) (43),1478667,43
,,0,2024-01-24T01:04:49.09644135Z,2024-02-23T01:04:49.09644135Z,2024-02-22T07:56:00.953320899Z,1186.411,docker_cpu_usage_pct,NFCORE_CHIPSEQ:CHIPSEQ:ALIGN_BWA_MEM:BWA_MEM (EZH2_IP_NTKO_REP2_T1) (43),NFCORE_CHIPSEQ:CHIPSEQ:ALIGN_BWA_MEM:BWA_MEM (EZH2_IP_NTKO_REP2_T1) (43),1478667,43
,,0,2024-01-24T01:04:49.09644135Z,2024-02-23T01:04:49.09644135Z,2024-02-22T07:56:02.952674387Z,1183.1246,docker_cpu_usage_pct,NFCORE_CHIPSEQ:CHIPSEQ:ALIGN_BWA_MEM:BWA_MEM (EZH2_IP_NTKO_REP2_T1) (43),NFCORE_CHIPSEQ:CHIPSEQ:ALIGN_BWA_MEM:BWA_MEM (EZH2_IP_NTKO_REP2_T1) (43),1478667,43
,,0,2024-01-24T01:04:49.09644135Z,2024-02-23T01:04:49.09644135Z,2024-02-22T07:56:04.952255562Z,1176.9586,docker_cpu_usage_pct,NFCORE_CHIPSEQ:CHIPSEQ:ALIGN_BWA_MEM:BWA_MEM (EZH2_IP_NTKO_REP2_T1) (43),NFCORE_CHIPSEQ:CHIPSEQ:ALIGN_BWA_MEM:BWA_MEM (EZH2_IP_NTKO_REP2_T1) (43),1478667,43
,,0,2024-01-24T01:04:49.09644135Z,2024-02-23T01:04:49.09644135Z,2024-02-22T07:56:06.953068246Z,1176.2417,docker_cpu_usage_pct,NFCORE_CHIPSEQ:CHIPSEQ:ALIGN_BWA_MEM:BWA_MEM (EZH2_IP_NTKO_REP2_T1) (43),NFCORE_CHIPSEQ:CHIPSEQ:ALIGN_BWA_MEM:BWA_MEM (EZH2_IP_NTKO_REP2_T1) (43),1478667,43
,,0,2024-01-24T01:04:49.09644135Z,2024-02-23T01:04:49.09644135Z,2024-02-22T07:56:08.95265629Z,1179.1363,docker_cpu_usage_pct,NFCORE_CHIPSEQ:CHIPSEQ:ALIGN_BWA_MEM:BWA_MEM (EZH2_IP_NTKO_REP2_T1) (43),NFCORE_CHIPSEQ:CHIPSEQ:ALIGN_BWA_MEM:BWA_MEM (EZH2_IP_NTKO_REP2_T1) (43),1478667,43
,,0,2024-01-24T01:04:49.09644135Z,2024-02-23T01:04:49.09644135Z,2024-02-22T07:56:10.953257117Z,1174.7919,docker_cpu_usage_pct,NFCORE_CHIPSEQ:CHIPSEQ:ALIGN_BWA_MEM:BWA_MEM (EZH2_IP_NTKO_REP2_T1) (43),NFCORE_CHIPSEQ:CHIPSEQ:ALIGN_BWA_MEM:BWA_MEM (EZH2_IP_NTKO_REP2_T1) (43),1478667,43
,,0,2024-01-24T01:04:49.09644135Z,2024-02-23T01:04:49.09644135Z,2024-02-22T07:56:12.952869521Z,1179.8674,docker_cpu_usage_pct,NFCORE_CHIPSEQ:CHIPSEQ:ALIGN_BWA_MEM:BWA_MEM (EZH2_IP_NTKO_REP2_T1) (43),NFCORE_CHIPSEQ:CHIPSEQ:ALIGN_BWA_MEM:BWA_MEM (EZH2_IP_NTKO_REP2_T1) (43),1478667,43
,,0,2024-01-24T01:04:49.09644135Z,2024-02-23T01:04:49.09644135Z,2024-02-22T07:56:14.952270058Z,1178.7803,docker_cpu_usage_pct,NFCORE_CHIPSEQ:CHIPSEQ:ALIGN_BWA_MEM:BWA_MEM (EZH2_IP_NTKO_REP2_T1) (43),NFCORE_CHIPSEQ:CHIPSEQ:ALIGN_BWA_MEM:BWA_MEM (EZH2_IP_NTKO_REP2_T1) (43),1478667,43
,,0,2024-01-24T01:04:49.09644135Z,2024-02-23T01:04:49.09644135Z,2024-02-22T07:56:16.952920464Z,1180.9503,docker_cpu_usage_pct,NFCORE_CHIPSEQ:CHIPSEQ:ALIGN_BWA_MEM:BWA_MEM (EZH2_IP_NTKO_REP2_T1) (43),NFCORE_CHIPSEQ:CHIPSEQ:ALIGN_BWA_MEM:BWA_MEM (EZH2_IP_NTKO_REP2_T1) (43),1478667,43
,,0,2024-01-24T01:04:49.09644135Z,2024-02-23T01:04:49.09644135Z,2024-02-22T07:56:18.95260034Z,1179.8512,docker_cpu_usage_pct,NFCORE_CHIPSEQ:CHIPSEQ:ALIGN_BWA_MEM:BWA_MEM (EZH2_IP_NTKO_REP2_T1) (43),NFCORE_CHIPSEQ:CHIPSEQ:ALIGN_BWA_MEM:BWA_MEM (EZH2_IP_NTKO_REP2_T1) (43),1478667,43
,,0,2024-01-24T01:04:49.09644135Z,2024-02-23T01:04:49.09644135Z,2024-02-22T07:56:20.95308106Z,1177.3398,docker_cpu_usage_pct,NFCORE_CHIPSEQ:CHIPSEQ:ALIGN_BWA_MEM:BWA_MEM (EZH2_IP_NTKO_REP2_T1) (43),NFCORE_CHIPSEQ:CHIPSEQ:ALIGN_BWA_MEM:BWA_MEM (EZH2_IP_NTKO_REP2_T1) (43),1478667,43
,,0,2024-01-24T01:04:49.09644135Z,2024-02-23T01:04:49.09644135Z,2024-02-22T07:56:22.952469114Z,1178.0601,docker_cpu_usage_pct,NFCORE_CHIPSEQ:CHIPSEQ:ALIGN_BWA_MEM:BWA_MEM (EZH2_IP_NTKO_REP2_T1) (43),NFCORE_CHIPSEQ:CHIPSEQ:ALIGN_BWA_MEM:BWA_MEM (EZH2_IP_NTKO_REP2_T1) (43),1478667,43
,,0,2024-01-24T01:04:49.09644135Z,2024-02-23T01:04:49.09644135Z,2024-02-22T07:56:24.952913993Z,1176.2525,docker_cpu_usage_pct,NFCORE_CHIPSEQ:CHIPSEQ:ALIGN_BWA_MEM:BWA_MEM (EZH2_IP_NTKO_REP2_T1) (43),NFCORE_CHIPSEQ:CHIPSEQ:ALIGN_BWA_MEM:BWA_MEM (EZH2_IP_NTKO_REP2_T1) (43),1478667,43
,,0,2024-01-24T01:04:49.09644135Z,2024-02-23T01:04:49.09644135Z,2024-02-22T07:56:26.952496403Z,1188.6085,docker_cpu_usage_pct,NFCORE_CHIPSEQ:CHIPSEQ:ALIGN_BWA_MEM:BWA_MEM (EZH2_IP_NTKO_REP2_T1) (43),NFCORE_CHIPSEQ:CHIPSEQ:ALIGN_BWA_MEM:BWA_MEM (EZH2_IP_NTKO_REP2_T1) (43),1478667,43
,,0,2024-01-24T01:04:49.09644135Z,2024-02-23T01:04:49.09644135Z,2024-02-22T07:56:28.953076274Z,1137.4629,docker_cpu_usage_pct,NFCORE_CHIPSEQ:CHIPSEQ:ALIGN_BWA_MEM:BWA_MEM (EZH2_IP_NTKO_REP2_T1) (43),NFCORE_CHIPSEQ:CHIPSEQ:ALIGN_BWA_MEM:BWA_MEM (EZH2_IP_NTKO_REP2_T1) (43),1478667,43
,,0,2024-01-24T01:04:49.09644135Z,2024-02-23T01:04:49.09644135Z,2024-02-22T07:56:30.952471117Z,1426.9545,docker_cpu_usage_pct,NFCORE_CHIPSEQ:CHIPSEQ:ALIGN_BWA_MEM:BWA_MEM (EZH2_IP_NTKO_REP2_T1) (43),NFCORE_CHIPSEQ:CHIPSEQ:ALIGN_BWA_MEM:BWA_MEM (EZH2_IP_NTKO_REP2_T1) (43),1478667,43
,,0,2024-01-24T01:04:49.09644135Z,2024-02-23T01:04:49.09644135Z,2024-02-22T07:56:32.953176442Z,1456.7596,docker_cpu_usage_pct,NFCORE_CHIPSEQ:CHIPSEQ:ALIGN_BWA_MEM:BWA_MEM (EZH2_IP_NTKO_REP2_T1) (43),NFCORE_CHIPSEQ:CHIPSEQ:ALIGN_BWA_MEM:BWA_MEM (EZH2_IP_NTKO_REP2_T1) (43),1478667,43
,,0,2024-01-24T01:04:49.09644135Z,2024-02-23T01:04:49.09644135Z,2024-02-22T07:56:34.952465411Z,1527.9442,docker_cpu_usage_pct,NFCORE_CHIPSEQ:CHIPSEQ:ALIGN_BWA_MEM:BWA_MEM (EZH2_IP_NTKO_REP2_T1) (43),NFCORE_CHIPSEQ:CHIPSEQ:ALIGN_BWA_MEM:BWA_MEM (EZH2_IP_NTKO_REP2_T1) (43),1478667,43
,,0,2024-01-24T01:04:49.09644135Z,2024-02-23T01:04:49.09644135Z,2024-02-22T07:56:36.953307239Z,1298.507,docker_cpu_usage_pct,NFCORE_CHIPSEQ:CHIPSEQ:ALIGN_BWA_MEM:BWA_MEM (EZH2_IP_NTKO_REP2_T1) (43),NFCORE_CHIPSEQ:CHIPSEQ:ALIGN_BWA_MEM:BWA_MEM (EZH2_IP_NTKO_REP2_T1) (43),1478667,43
,,0,2024-01-24T01:04:49.09644135Z,2024-02-23T01:04:49.09644135Z,2024-02-22T07:56:38.952859695Z,1199.3891,docker_cpu_usage_pct,NFCORE_CHIPSEQ:CHIPSEQ:ALIGN_BWA_MEM:BWA_MEM (EZH2_IP_NTKO_REP2_T1) (43),NFCORE_CHIPSEQ:CHIPSEQ:ALIGN_BWA_MEM:BWA_MEM (EZH2_IP_NTKO_REP2_T1) (43),1478667,43
,,0,2024-01-24T01:04:49.09644135Z,2024-02-23T01:04:49.09644135Z,2024-02-22T07:56:40.952501844Z,1178.7719,docker_cpu_usage_pct,NFCORE_CHIPSEQ:CHIPSEQ:ALIGN_BWA_MEM:BWA_MEM (EZH2_IP_NTKO_REP2_T1) (43),NFCORE_CHIPSEQ:CHIPSEQ:ALIGN_BWA_MEM:BWA_MEM (EZH2_IP_NTKO_REP2_T1) (43),1478667,43
,,0,2024-01-24T01:04:49.09644135Z,2024-02-23T01:04:49.09644135Z,2024-02-22T07:56:42.953126044Z,1179.8538,docker_cpu_usage_pct,NFCORE_CHIPSEQ:CHIPSEQ:ALIGN_BWA_MEM:BWA_MEM (EZH2_IP_NTKO_REP2_T1) (43),NFCORE_CHIPSEQ:CHIPSEQ:ALIGN_BWA_MEM:BWA_MEM (EZH2_IP_NTKO_REP2_T1) (43),1478667,43
,,0,2024-01-24T01:04:49.09644135Z,2024-02-23T01:04:49.09644135Z,2024-02-22T07:56:44.95269844Z,1180.5856,docker_cpu_usage_pct,NFCORE_CHIPSEQ:CHIPSEQ:ALIGN_BWA_MEM:BWA_MEM (EZH2_IP_NTKO_REP2_T1) (43),NFCORE_CHIPSEQ:CHIPSEQ:ALIGN_BWA_MEM:BWA_MEM (EZH2_IP_NTKO_REP2_T1) (43),1478667,43
,,0,2024-01-24T01:04:49.09644135Z,2024-02-23T01:04:49.09644135Z,2024-02-22T07:56:46.953131833Z,1180.5857,docker_cpu_usage_pct,NFCORE_CHIPSEQ:CHIPSEQ:ALIGN_BWA_MEM:BWA_MEM (EZH2_IP_NTKO_REP2_T1) (43),NFCORE_CHIPSEQ:CHIPSEQ:ALIGN_BWA_MEM:BWA_MEM (EZH2_IP_NTKO_REP2_T1) (43),1478667,43
,,0,2024-01-24T01:04:49.09644135Z,2024-02-23T01:04:49.09644135Z,2024-02-22T07:56:48.952722718Z,1174.0798,docker_cpu_usage_pct,NFCORE_CHIPSEQ:CHIPSEQ:ALIGN_BWA_MEM:BWA_MEM (EZH2_IP_NTKO_REP2_T1) (43),NFCORE_CHIPSEQ:CHIPSEQ:ALIGN_BWA_MEM:BWA_MEM (EZH2_IP_NTKO_REP2_T1) (43),1478667,43
,,0,2024-01-24T01:04:49.09644135Z,2024-02-23T01:04:49.09644135Z,2024-02-22T07:56:50.952444897Z,1175.1788,docker_cpu_usage_pct,NFCORE_CHIPSEQ:CHIPSEQ:ALIGN_BWA_MEM:BWA_MEM (EZH2_IP_NTKO_REP2_T1) (43),NFCORE_CHIPSEQ:CHIPSEQ:ALIGN_BWA_MEM:BWA_MEM (EZH2_IP_NTKO_REP2_T1) (43),1478667,43
,,0,2024-01-24T01:04:49.09644135Z,2024-02-23T01:04:49.09644135Z,2024-02-22T07:56:52.952948051Z,1199.0113,docker_cpu_usage_pct,NFCORE_CHIPSEQ:CHIPSEQ:ALIGN_BWA_MEM:BWA_MEM (EZH2_IP_NTKO_REP2_T1) (43),NFCORE_CHIPSEQ:CHIPSEQ:ALIGN_BWA_MEM:BWA_MEM (EZH2_IP_NTKO_REP2_T1) (43),1478667,43
,,0,2024-01-24T01:04:49.09644135Z,2024-02-23T01:04:49.09644135Z,2024-02-22T07:56:54.95239162Z,1176.9692,docker_cpu_usage_pct,NFCORE_CHIPSEQ:CHIPSEQ:ALIGN_BWA_MEM:BWA_MEM (EZH2_IP_NTKO_REP2_T1) (43),NFCORE_CHIPSEQ:CHIPSEQ:ALIGN_BWA_MEM:BWA_MEM (EZH2_IP_NTKO_REP2_T1) (43),1478667,43
,,0,2024-01-24T01:04:49.09644135Z,2024-02-23T01:04:49.09644135Z,2024-02-22T07:56:56.953131441Z,1187.9636,docker_cpu_usage_pct,NFCORE_CHIPSEQ:CHIPSEQ:ALIGN_BWA_MEM:BWA_MEM (EZH2_IP_NTKO_REP2_T1) (43),NFCORE_CHIPSEQ:CHIPSEQ:ALIGN_BWA_MEM:BWA_MEM (EZH2_IP_NTKO_REP2_T1) (43),1478667,43
,,0,2024-01-24T01:04:49.09644135Z,2024-02-23T01:04:49.09644135Z,2024-02-22T07:56:58.952539979Z,1182.0405,docker_cpu_usage_pct,NFCORE_CHIPSEQ:CHIPSEQ:ALIGN_BWA_MEM:BWA_MEM (EZH2_IP_NTKO_REP2_T1) (43),NFCORE_CHIPSEQ:CHIPSEQ:ALIGN_BWA_MEM:BWA_MEM (EZH2_IP_NTKO_REP2_T1) (43),1478667,43
,,0,2024-01-24T01:04:49.09644135Z,2024-02-23T01:04:49.09644135Z,2024-02-22T07:57:00.952172143Z,1178.7782,docker_cpu_usage_pct,NFCORE_CHIPSEQ:CHIPSEQ:ALIGN_BWA_MEM:BWA_MEM (EZH2_IP_NTKO_REP2_T1) (43),NFCORE_CHIPSEQ:CHIPSEQ:ALIGN_BWA_MEM:BWA_MEM (EZH2_IP_NTKO_REP2_T1) (43),1478667,43
,,0,2024-01-24T01:04:49.09644135Z,2024-02-23T01:04:49.09644135Z,2024-02-22T07:57:02.952877261Z,1179.5208,docker_cpu_usage_pct,NFCORE_CHIPSEQ:CHIPSEQ:ALIGN_BWA_MEM:BWA_MEM (EZH2_IP_NTKO_REP2_T1) (43),NFCORE_CHIPSEQ:CHIPSEQ:ALIGN_BWA_MEM:BWA_MEM (EZH2_IP_NTKO_REP2_T1) (43),1478667,43
,,0,2024-01-24T01:04:49.09644135Z,2024-02-23T01:04:49.09644135Z,2024-02-22T07:57:04.952351119Z,1183.1549,docker_cpu_usage_pct,NFCORE_CHIPSEQ:CHIPSEQ:ALIGN_BWA_MEM:BWA_MEM (EZH2_IP_NTKO_REP2_T1) (43),NFCORE_CHIPSEQ:CHIPSEQ:ALIGN_BWA_MEM:BWA_MEM (EZH2_IP_NTKO_REP2_T1) (43),1478667,43
,,0,2024-01-24T01:04:49.09644135Z,2024-02-23T01:04:49.09644135Z,2024-02-22T07:57:06.952775898Z,1143.523,docker_cpu_usage_pct,NFCORE_CHIPSEQ:CHIPSEQ:ALIGN_BWA_MEM:BWA_MEM (EZH2_IP_NTKO_REP2_T1) (43),NFCORE_CHIPSEQ:CHIPSEQ:ALIGN_BWA_MEM:BWA_MEM (EZH2_IP_NTKO_REP2_T1) (43),1478667,43
,,0,2024-01-24T01:04:49.09644135Z,2024-02-23T01:04:49.09644135Z,2024-02-22T07:57:08.952565655Z,1434.2878,docker_cpu_usage_pct,NFCORE_CHIPSEQ:CHIPSEQ:ALIGN_BWA_MEM:BWA_MEM (EZH2_IP_NTKO_REP2_T1) (43),NFCORE_CHIPSEQ:CHIPSEQ:ALIGN_BWA_MEM:BWA_MEM (EZH2_IP_NTKO_REP2_T1) (43),1478667,43
,,0,2024-01-24T01:04:49.09644135Z,2024-02-23T01:04:49.09644135Z,2024-02-22T07:57:10.953023584Z,1450.8062,docker_cpu_usage_pct,NFCORE_CHIPSEQ:CHIPSEQ:ALIGN_BWA_MEM:BWA_MEM (EZH2_IP_NTKO_REP2_T1) (43),NFCORE_CHIPSEQ:CHIPSEQ:ALIGN_BWA_MEM:BWA_MEM (EZH2_IP_NTKO_REP2_T1) (43),1478667,43
,,0,2024-01-24T01:04:49.09644135Z,2024-02-23T01:04:49.09644135Z,2024-02-22T07:57:12.95248166Z,1501.634,docker_cpu_usage_pct,NFCORE_CHIPSEQ:CHIPSEQ:ALIGN_BWA_MEM:BWA_MEM (EZH2_IP_NTKO_REP2_T1) (43),NFCORE_CHIPSEQ:CHIPSEQ:ALIGN_BWA_MEM:BWA_MEM (EZH2_IP_NTKO_REP2_T1) (43),1478667,43
,,0,2024-01-24T01:04:49.09644135Z,2024-02-23T01:04:49.09644135Z,2024-02-22T07:57:14.953102053Z,1278.5505,docker_cpu_usage_pct,NFCORE_CHIPSEQ:CHIPSEQ:ALIGN_BWA_MEM:BWA_MEM (EZH2_IP_NTKO_REP2_T1) (43),NFCORE_CHIPSEQ:CHIPSEQ:ALIGN_BWA_MEM:BWA_MEM (EZH2_IP_NTKO_REP2_T1) (43),1478667,43
,,0,2024-01-24T01:04:49.09644135Z,2024-02-23T01:04:49.09644135Z,2024-02-22T07:57:16.952692623Z,1196.2745,docker_cpu_usage_pct,NFCORE_CHIPSEQ:CHIPSEQ:ALIGN_BWA_MEM:BWA_MEM (EZH2_IP_NTKO_REP2_T1) (43),NFCORE_CHIPSEQ:CHIPSEQ:ALIGN_BWA_MEM:BWA_MEM (EZH2_IP_NTKO_REP2_T1) (43),1478667,43
,,0,2024-01-24T01:04:49.09644135Z,2024-02-23T01:04:49.09644135Z,2024-02-22T07:57:18.953109098Z,1199.017,docker_cpu_usage_pct,NFCORE_CHIPSEQ:CHIPSEQ:ALIGN_BWA_MEM:BWA_MEM (EZH2_IP_NTKO_REP2_T1) (43),NFCORE_CHIPSEQ:CHIPSEQ:ALIGN_BWA_MEM:BWA_MEM (EZH2_IP_NTKO_REP2_T1) (43),1478667,43
,,0,2024-01-24T01:04:49.09644135Z,2024-02-23T01:04:49.09644135Z,2024-02-22T07:57:20.952880503Z,1185.6916,docker_cpu_usage_pct,NFCORE_CHIPSEQ:CHIPSEQ:ALIGN_BWA_MEM:BWA_MEM (EZH2_IP_NTKO_REP2_T1) (43),NFCORE_CHIPSEQ:CHIPSEQ:ALIGN_BWA_MEM:BWA_MEM (EZH2_IP_NTKO_REP2_T1) (43),1478667,43
,,0,2024-01-24T01:04:49.09644135Z,2024-02-23T01:04:49.09644135Z,2024-02-22T07:57:22.9521367Z,1178.7014,docker_cpu_usage_pct,NFCORE_CHIPSEQ:CHIPSEQ:ALIGN_BWA_MEM:BWA_MEM (EZH2_IP_NTKO_REP2_T1) (43),NFCORE_CHIPSEQ:CHIPSEQ:ALIGN_BWA_MEM:BWA_MEM (EZH2_IP_NTKO_REP2_T1) (43),1478667,43
,,0,2024-01-24T01:04:49.09644135Z,2024-02-23T01:04:49.09644135Z,2024-02-22T07:57:24.952795513Z,1182.7677,docker_cpu_usage_pct,NFCORE_CHIPSEQ:CHIPSEQ:ALIGN_BWA_MEM:BWA_MEM (EZH2_IP_NTKO_REP2_T1) (43),NFCORE_CHIPSEQ:CHIPSEQ:ALIGN_BWA_MEM:BWA_MEM (EZH2_IP_NTKO_REP2_T1) (43),1478667,43
,,0,2024-01-24T01:04:49.09644135Z,2024-02-23T01:04:49.09644135Z,2024-02-22T07:57:26.952240596Z,1192.2999,docker_cpu_usage_pct,NFCORE_CHIPSEQ:CHIPSEQ:ALIGN_BWA_MEM:BWA_MEM (EZH2_IP_NTKO_REP2_T1) (43),NFCORE_CHIPSEQ:CHIPSEQ:ALIGN_BWA_MEM:BWA_MEM (EZH2_IP_NTKO_REP2_T1) (43),1478667,43
,,0,2024-01-24T01:04:49.09644135Z,2024-02-23T01:04:49.09644135Z,2024-02-22T07:57:28.952897347Z,1186.036,docker_cpu_usage_pct,NFCORE_CHIPSEQ:CHIPSEQ:ALIGN_BWA_MEM:BWA_MEM (EZH2_IP_NTKO_REP2_T1) (43),NFCORE_CHIPSEQ:CHIPSEQ:ALIGN_BWA_MEM:BWA_MEM (EZH2_IP_NTKO_REP2_T1) (43),1478667,43
,,0,2024-01-24T01:04:49.09644135Z,2024-02-23T01:04:49.09644135Z,2024-02-22T07:57:30.952417461Z,1181.3181,docker_cpu_usage_pct,NFCORE_CHIPSEQ:CHIPSEQ:ALIGN_BWA_MEM:BWA_MEM (EZH2_IP_NTKO_REP2_T1) (43),NFCORE_CHIPSEQ:CHIPSEQ:ALIGN_BWA_MEM:BWA_MEM (EZH2_IP_NTKO_REP2_T1) (43),1478667,43
,,0,2024-01-24T01:04:49.09644135Z,2024-02-23T01:04:49.09644135Z,2024-02-22T07:57:32.95301529Z,1176.9832,docker_cpu_usage_pct,NFCORE_CHIPSEQ:CHIPSEQ:ALIGN_BWA_MEM:BWA_MEM (EZH2_IP_NTKO_REP2_T1) (43),NFCORE_CHIPSEQ:CHIPSEQ:ALIGN_BWA_MEM:BWA_MEM (EZH2_IP_NTKO_REP2_T1) (43),1478667,43
,,0,2024-01-24T01:04:49.09644135Z,2024-02-23T01:04:49.09644135Z,2024-02-22T07:57:34.952630087Z,1201.5805,docker_cpu_usage_pct,NFCORE_CHIPSEQ:CHIPSEQ:ALIGN_BWA_MEM:BWA_MEM (EZH2_IP_NTKO_REP2_T1) (43),NFCORE_CHIPSEQ:CHIPSEQ:ALIGN_BWA_MEM:BWA_MEM (EZH2_IP_NTKO_REP2_T1) (43),1478667,43
,,0,2024-01-24T01:04:49.09644135Z,2024-02-23T01:04:49.09644135Z,2024-02-22T07:57:36.95215004Z,1179.8672,docker_cpu_usage_pct,NFCORE_CHIPSEQ:CHIPSEQ:ALIGN_BWA_MEM:BWA_MEM (EZH2_IP_NTKO_REP2_T1) (43),NFCORE_CHIPSEQ:CHIPSEQ:ALIGN_BWA_MEM:BWA_MEM (EZH2_IP_NTKO_REP2_T1) (43),1478667,43
,,0,2024-01-24T01:04:49.09644135Z,2024-02-23T01:04:49.09644135Z,2024-02-22T07:57:38.952716346Z,1179.4864,docker_cpu_usage_pct,NFCORE_CHIPSEQ:CHIPSEQ:ALIGN_BWA_MEM:BWA_MEM (EZH2_IP_NTKO_REP2_T1) (43),NFCORE_CHIPSEQ:CHIPSEQ:ALIGN_BWA_MEM:BWA_MEM (EZH2_IP_NTKO_REP2_T1) (43),1478667,43
,,0,2024-01-24T01:04:49.09644135Z,2024-02-23T01:04:49.09644135Z,2024-02-22T07:57:40.952298051Z,1179.5106,docker_cpu_usage_pct,NFCORE_CHIPSEQ:CHIPSEQ:ALIGN_BWA_MEM:BWA_MEM (EZH2_IP_NTKO_REP2_T1) (43),NFCORE_CHIPSEQ:CHIPSEQ:ALIGN_BWA_MEM:BWA_MEM (EZH2_IP_NTKO_REP2_T1) (43),1478667,43
,,0,2024-01-24T01:04:49.09644135Z,2024-02-23T01:04:49.09644135Z,2024-02-22T07:57:42.953041252Z,1175.902,docker_cpu_usage_pct,NFCORE_CHIPSEQ:CHIPSEQ:ALIGN_BWA_MEM:BWA_MEM (EZH2_IP_NTKO_REP2_T1) (43),NFCORE_CHIPSEQ:CHIPSEQ:ALIGN_BWA_MEM:BWA_MEM (EZH2_IP_NTKO_REP2_T1) (43),1478667,43
,,0,2024-01-24T01:04:49.09644135Z,2024-02-23T01:04:49.09644135Z,2024-02-22T07:57:44.95242035Z,1133.8447,docker_cpu_usage_pct,NFCORE_CHIPSEQ:CHIPSEQ:ALIGN_BWA_MEM:BWA_MEM (EZH2_IP_NTKO_REP2_T1) (43),NFCORE_CHIPSEQ:CHIPSEQ:ALIGN_BWA_MEM:BWA_MEM (EZH2_IP_NTKO_REP2_T1) (43),1478667,43
,,0,2024-01-24T01:04:49.09644135Z,2024-02-23T01:04:49.09644135Z,2024-02-22T07:57:46.952867151Z,1428.4007,docker_cpu_usage_pct,NFCORE_CHIPSEQ:CHIPSEQ:ALIGN_BWA_MEM:BWA_MEM (EZH2_IP_NTKO_REP2_T1) (43),NFCORE_CHIPSEQ:CHIPSEQ:ALIGN_BWA_MEM:BWA_MEM (EZH2_IP_NTKO_REP2_T1) (43),1478667,43
,,0,2024-01-24T01:04:49.09644135Z,2024-02-23T01:04:49.09644135Z,2024-02-22T07:57:48.95235288Z,1434.9969,docker_cpu_usage_pct,NFCORE_CHIPSEQ:CHIPSEQ:ALIGN_BWA_MEM:BWA_MEM (EZH2_IP_NTKO_REP2_T1) (43),NFCORE_CHIPSEQ:CHIPSEQ:ALIGN_BWA_MEM:BWA_MEM (EZH2_IP_NTKO_REP2_T1) (43),1478667,43
,,0,2024-01-24T01:04:49.09644135Z,2024-02-23T01:04:49.09644135Z,2024-02-22T07:57:50.953025768Z,1489.8452,docker_cpu_usage_pct,NFCORE_CHIPSEQ:CHIPSEQ:ALIGN_BWA_MEM:BWA_MEM (EZH2_IP_NTKO_REP2_T1) (43),NFCORE_CHIPSEQ:CHIPSEQ:ALIGN_BWA_MEM:BWA_MEM (EZH2_IP_NTKO_REP2_T1) (43),1478667,43
,,0,2024-01-24T01:04:49.09644135Z,2024-02-23T01:04:49.09644135Z,2024-02-22T07:57:52.952782976Z,1268.8135,docker_cpu_usage_pct,NFCORE_CHIPSEQ:CHIPSEQ:ALIGN_BWA_MEM:BWA_MEM (EZH2_IP_NTKO_REP2_T1) (43),NFCORE_CHIPSEQ:CHIPSEQ:ALIGN_BWA_MEM:BWA_MEM (EZH2_IP_NTKO_REP2_T1) (43),1478667,43
,,0,2024-01-24T01:04:49.09644135Z,2024-02-23T01:04:49.09644135Z,2024-02-22T07:57:54.953092332Z,1187.0105,docker_cpu_usage_pct,NFCORE_CHIPSEQ:CHIPSEQ:ALIGN_BWA_MEM:BWA_MEM (EZH2_IP_NTKO_REP2_T1) (43),NFCORE_CHIPSEQ:CHIPSEQ:ALIGN_BWA_MEM:BWA_MEM (EZH2_IP_NTKO_REP2_T1) (43),1478667,43
,,0,2024-01-24T01:04:49.09644135Z,2024-02-23T01:04:49.09644135Z,2024-02-22T07:57:56.952707834Z,1193.2408,docker_cpu_usage_pct,NFCORE_CHIPSEQ:CHIPSEQ:ALIGN_BWA_MEM:BWA_MEM (EZH2_IP_NTKO_REP2_T1) (43),NFCORE_CHIPSEQ:CHIPSEQ:ALIGN_BWA_MEM:BWA_MEM (EZH2_IP_NTKO_REP2_T1) (43),1478667,43
,,0,2024-01-24T01:04:49.09644135Z,2024-02-23T01:04:49.09644135Z,2024-02-22T07:57:58.952172191Z,1178.3996,docker_cpu_usage_pct,NFCORE_CHIPSEQ:CHIPSEQ:ALIGN_BWA_MEM:BWA_MEM (EZH2_IP_NTKO_REP2_T1) (43),NFCORE_CHIPSEQ:CHIPSEQ:ALIGN_BWA_MEM:BWA_MEM (EZH2_IP_NTKO_REP2_T1) (43),1478667,43
,,0,2024-01-24T01:04:49.09644135Z,2024-02-23T01:04:49.09644135Z,2024-02-22T07:58:00.952965001Z,1179.8775,docker_cpu_usage_pct,NFCORE_CHIPSEQ:CHIPSEQ:ALIGN_BWA_MEM:BWA_MEM (EZH2_IP_NTKO_REP2_T1) (43),NFCORE_CHIPSEQ:CHIPSEQ:ALIGN_BWA_MEM:BWA_MEM (EZH2_IP_NTKO_REP2_T1) (43),1478667,43
,,0,2024-01-24T01:04:49.09644135Z,2024-02-23T01:04:49.09644135Z,2024-02-22T07:58:02.952354665Z,1180.5648,docker_cpu_usage_pct,NFCORE_CHIPSEQ:CHIPSEQ:ALIGN_BWA_MEM:BWA_MEM (EZH2_IP_NTKO_REP2_T1) (43),NFCORE_CHIPSEQ:CHIPSEQ:ALIGN_BWA_MEM:BWA_MEM (EZH2_IP_NTKO_REP2_T1) (43),1478667,43
,,0,2024-01-24T01:04:49.09644135Z,2024-02-23T01:04:49.09644135Z,2024-02-22T07:58:04.953138194Z,1181.295,docker_cpu_usage_pct,NFCORE_CHIPSEQ:CHIPSEQ:ALIGN_BWA_MEM:BWA_MEM (EZH2_IP_NTKO_REP2_T1) (43),NFCORE_CHIPSEQ:CHIPSEQ:ALIGN_BWA_MEM:BWA_MEM (EZH2_IP_NTKO_REP2_T1) (43),1478667,43
,,0,2024-01-24T01:04:49.09644135Z,2024-02-23T01:04:49.09644135Z,2024-02-22T07:58:06.952538288Z,1180.2322,docker_cpu_usage_pct,NFCORE_CHIPSEQ:CHIPSEQ:ALIGN_BWA_MEM:BWA_MEM (EZH2_IP_NTKO_REP2_T1) (43),NFCORE_CHIPSEQ:CHIPSEQ:ALIGN_BWA_MEM:BWA_MEM (EZH2_IP_NTKO_REP2_T1) (43),1478667,43
,,0,2024-01-24T01:04:49.09644135Z,2024-02-23T01:04:49.09644135Z,2024-02-22T07:58:08.952173448Z,1180.2331,docker_cpu_usage_pct,NFCORE_CHIPSEQ:CHIPSEQ:ALIGN_BWA_MEM:BWA_MEM (EZH2_IP_NTKO_REP2_T1) (43),NFCORE_CHIPSEQ:CHIPSEQ:ALIGN_BWA_MEM:BWA_MEM (EZH2_IP_NTKO_REP2_T1) (43),1478667,43
,,0,2024-01-24T01:04:49.09644135Z,2024-02-23T01:04:49.09644135Z,2024-02-22T07:58:10.952915925Z,1176.6167,docker_cpu_usage_pct,NFCORE_CHIPSEQ:CHIPSEQ:ALIGN_BWA_MEM:BWA_MEM (EZH2_IP_NTKO_REP2_T1) (43),NFCORE_CHIPSEQ:CHIPSEQ:ALIGN_BWA_MEM:BWA_MEM (EZH2_IP_NTKO_REP2_T1) (43),1478667,43
,,0,2024-01-24T01:04:49.09644135Z,2024-02-23T01:04:49.09644135Z,2024-02-22T07:58:12.952439211Z,1174.7998,docker_cpu_usage_pct,NFCORE_CHIPSEQ:CHIPSEQ:ALIGN_BWA_MEM:BWA_MEM (EZH2_IP_NTKO_REP2_T1) (43),NFCORE_CHIPSEQ:CHIPSEQ:ALIGN_BWA_MEM:BWA_MEM (EZH2_IP_NTKO_REP2_T1) (43),1478667,43
,,0,2024-01-24T01:04:49.09644135Z,2024-02-23T01:04:49.09644135Z,2024-02-22T07:58:14.953014771Z,1172.6271,docker_cpu_usage_pct,NFCORE_CHIPSEQ:CHIPSEQ:ALIGN_BWA_MEM:BWA_MEM (EZH2_IP_NTKO_REP2_T1) (43),NFCORE_CHIPSEQ:CHIPSEQ:ALIGN_BWA_MEM:BWA_MEM (EZH2_IP_NTKO_REP2_T1) (43),1478667,43
,,0,2024-01-24T01:04:49.09644135Z,2024-02-23T01:04:49.09644135Z,2024-02-22T07:58:16.952440294Z,1172.6505,docker_cpu_usage_pct,NFCORE_CHIPSEQ:CHIPSEQ:ALIGN_BWA_MEM:BWA_MEM (EZH2_IP_NTKO_REP2_T1) (43),NFCORE_CHIPSEQ:CHIPSEQ:ALIGN_BWA_MEM:BWA_MEM (EZH2_IP_NTKO_REP2_T1) (43),1478667,43
,,0,2024-01-24T01:04:49.09644135Z,2024-02-23T01:04:49.09644135Z,2024-02-22T07:58:18.953061535Z,1176.2635,docker_cpu_usage_pct,NFCORE_CHIPSEQ:CHIPSEQ:ALIGN_BWA_MEM:BWA_MEM (EZH2_IP_NTKO_REP2_T1) (43),NFCORE_CHIPSEQ:CHIPSEQ:ALIGN_BWA_MEM:BWA_MEM (EZH2_IP_NTKO_REP2_T1) (43),1478667,43
,,0,2024-01-24T01:04:49.09644135Z,2024-02-23T01:04:49.09644135Z,2024-02-22T07:58:20.952537509Z,1177.316,docker_cpu_usage_pct,NFCORE_CHIPSEQ:CHIPSEQ:ALIGN_BWA_MEM:BWA_MEM (EZH2_IP_NTKO_REP2_T1) (43),NFCORE_CHIPSEQ:CHIPSEQ:ALIGN_BWA_MEM:BWA_MEM (EZH2_IP_NTKO_REP2_T1) (43),1478667,43
,,0,2024-01-24T01:04:49.09644135Z,2024-02-23T01:04:49.09644135Z,2024-02-22T07:58:22.952145586Z,1120.0859,docker_cpu_usage_pct,NFCORE_CHIPSEQ:CHIPSEQ:ALIGN_BWA_MEM:BWA_MEM (EZH2_IP_NTKO_REP2_T1) (43),NFCORE_CHIPSEQ:CHIPSEQ:ALIGN_BWA_MEM:BWA_MEM (EZH2_IP_NTKO_REP2_T1) (43),1478667,43
,,0,2024-01-24T01:04:49.09644135Z,2024-02-23T01:04:49.09644135Z,2024-02-22T07:58:24.952568309Z,1417.7357,docker_cpu_usage_pct,NFCORE_CHIPSEQ:CHIPSEQ:ALIGN_BWA_MEM:BWA_MEM (EZH2_IP_NTKO_REP2_T1) (43),NFCORE_CHIPSEQ:CHIPSEQ:ALIGN_BWA_MEM:BWA_MEM (EZH2_IP_NTKO_REP2_T1) (43),1478667,43
,,0,2024-01-24T01:04:49.09644135Z,2024-02-23T01:04:49.09644135Z,2024-02-22T07:58:26.952338571Z,1445.7816,docker_cpu_usage_pct,NFCORE_CHIPSEQ:CHIPSEQ:ALIGN_BWA_MEM:BWA_MEM (EZH2_IP_NTKO_REP2_T1) (43),NFCORE_CHIPSEQ:CHIPSEQ:ALIGN_BWA_MEM:BWA_MEM (EZH2_IP_NTKO_REP2_T1) (43),1478667,43
,,0,2024-01-24T01:04:49.09644135Z,2024-02-23T01:04:49.09644135Z,2024-02-22T07:58:28.952810316Z,1486.1579,docker_cpu_usage_pct,NFCORE_CHIPSEQ:CHIPSEQ:ALIGN_BWA_MEM:BWA_MEM (EZH2_IP_NTKO_REP2_T1) (43),NFCORE_CHIPSEQ:CHIPSEQ:ALIGN_BWA_MEM:BWA_MEM (EZH2_IP_NTKO_REP2_T1) (43),1478667,43
,,0,2024-01-24T01:04:49.09644135Z,2024-02-23T01:04:49.09644135Z,2024-02-22T07:58:30.952220215Z,1277.0034,docker_cpu_usage_pct,NFCORE_CHIPSEQ:CHIPSEQ:ALIGN_BWA_MEM:BWA_MEM (EZH2_IP_NTKO_REP2_T1) (43),NFCORE_CHIPSEQ:CHIPSEQ:ALIGN_BWA_MEM:BWA_MEM (EZH2_IP_NTKO_REP2_T1) (43),1478667,43
,,0,2024-01-24T01:04:49.09644135Z,2024-02-23T01:04:49.09644135Z,2024-02-22T07:58:32.952837483Z,1188.6359,docker_cpu_usage_pct,NFCORE_CHIPSEQ:CHIPSEQ:ALIGN_BWA_MEM:BWA_MEM (EZH2_IP_NTKO_REP2_T1) (43),NFCORE_CHIPSEQ:CHIPSEQ:ALIGN_BWA_MEM:BWA_MEM (EZH2_IP_NTKO_REP2_T1) (43),1478667,43
,,0,2024-01-24T01:04:49.09644135Z,2024-02-23T01:04:49.09644135Z,2024-02-22T07:58:34.952372356Z,1179.1227,docker_cpu_usage_pct,NFCORE_CHIPSEQ:CHIPSEQ:ALIGN_BWA_MEM:BWA_MEM (EZH2_IP_NTKO_REP2_T1) (43),NFCORE_CHIPSEQ:CHIPSEQ:ALIGN_BWA_MEM:BWA_MEM (EZH2_IP_NTKO_REP2_T1) (43),1478667,43
,,0,2024-01-24T01:04:49.09644135Z,2024-02-23T01:04:49.09644135Z,2024-02-22T07:58:36.953131709Z,1198.2932,docker_cpu_usage_pct,NFCORE_CHIPSEQ:CHIPSEQ:ALIGN_BWA_MEM:BWA_MEM (EZH2_IP_NTKO_REP2_T1) (43),NFCORE_CHIPSEQ:CHIPSEQ:ALIGN_BWA_MEM:BWA_MEM (EZH2_IP_NTKO_REP2_T1) (43),1478667,43
,,0,2024-01-24T01:04:49.09644135Z,2024-02-23T01:04:49.09644135Z,2024-02-22T07:58:38.952737274Z,1198.6273,docker_cpu_usage_pct,NFCORE_CHIPSEQ:CHIPSEQ:ALIGN_BWA_MEM:BWA_MEM (EZH2_IP_NTKO_REP2_T1) (43),NFCORE_CHIPSEQ:CHIPSEQ:ALIGN_BWA_MEM:BWA_MEM (EZH2_IP_NTKO_REP2_T1) (43),1478667,43
,,0,2024-01-24T01:04:49.09644135Z,2024-02-23T01:04:49.09644135Z,2024-02-22T07:58:40.952240114Z,1204.2094,docker_cpu_usage_pct,NFCORE_CHIPSEQ:CHIPSEQ:ALIGN_BWA_MEM:BWA_MEM (EZH2_IP_NTKO_REP2_T1) (43),NFCORE_CHIPSEQ:CHIPSEQ:ALIGN_BWA_MEM:BWA_MEM (EZH2_IP_NTKO_REP2_T1) (43),1478667,43
,,0,2024-01-24T01:04:49.09644135Z,2024-02-23T01:04:49.09644135Z,2024-02-22T07:58:42.952958604Z,1199.0198,docker_cpu_usage_pct,NFCORE_CHIPSEQ:CHIPSEQ:ALIGN_BWA_MEM:BWA_MEM (EZH2_IP_NTKO_REP2_T1) (43),NFCORE_CHIPSEQ:CHIPSEQ:ALIGN_BWA_MEM:BWA_MEM (EZH2_IP_NTKO_REP2_T1) (43),1478667,43
,,0,2024-01-24T01:04:49.09644135Z,2024-02-23T01:04:49.09644135Z,2024-02-22T07:58:44.952378131Z,1203.4698,docker_cpu_usage_pct,NFCORE_CHIPSEQ:CHIPSEQ:ALIGN_BWA_MEM:BWA_MEM (EZH2_IP_NTKO_REP2_T1) (43),NFCORE_CHIPSEQ:CHIPSEQ:ALIGN_BWA_MEM:BWA_MEM (EZH2_IP_NTKO_REP2_T1) (43),1478667,43
,,0,2024-01-24T01:04:49.09644135Z,2024-02-23T01:04:49.09644135Z,2024-02-22T07:58:46.953126982Z,1189.6925,docker_cpu_usage_pct,NFCORE_CHIPSEQ:CHIPSEQ:ALIGN_BWA_MEM:BWA_MEM (EZH2_IP_NTKO_REP2_T1) (43),NFCORE_CHIPSEQ:CHIPSEQ:ALIGN_BWA_MEM:BWA_MEM (EZH2_IP_NTKO_REP2_T1) (43),1478667,43
,,0,2024-01-24T01:04:49.09644135Z,2024-02-23T01:04:49.09644135Z,2024-02-22T07:58:48.952526818Z,1178.4318,docker_cpu_usage_pct,NFCORE_CHIPSEQ:CHIPSEQ:ALIGN_BWA_MEM:BWA_MEM (EZH2_IP_NTKO_REP2_T1) (43),NFCORE_CHIPSEQ:CHIPSEQ:ALIGN_BWA_MEM:BWA_MEM (EZH2_IP_NTKO_REP2_T1) (43),1478667,43
,,0,2024-01-24T01:04:49.09644135Z,2024-02-23T01:04:49.09644135Z,2024-02-22T07:58:50.952287135Z,1194.4085,docker_cpu_usage_pct,NFCORE_CHIPSEQ:CHIPSEQ:ALIGN_BWA_MEM:BWA_MEM (EZH2_IP_NTKO_REP2_T1) (43),NFCORE_CHIPSEQ:CHIPSEQ:ALIGN_BWA_MEM:BWA_MEM (EZH2_IP_NTKO_REP2_T1) (43),1478667,43
,,0,2024-01-24T01:04:49.09644135Z,2024-02-23T01:04:49.09644135Z,2024-02-22T07:58:52.952706914Z,1203.8187,docker_cpu_usage_pct,NFCORE_CHIPSEQ:CHIPSEQ:ALIGN_BWA_MEM:BWA_MEM (EZH2_IP_NTKO_REP2_T1) (43),NFCORE_CHIPSEQ:CHIPSEQ:ALIGN_BWA_MEM:BWA_MEM (EZH2_IP_NTKO_REP2_T1) (43),1478667,43
,,0,2024-01-24T01:04:49.09644135Z,2024-02-23T01:04:49.09644135Z,2024-02-22T07:58:54.952421179Z,1201.5722,docker_cpu_usage_pct,NFCORE_CHIPSEQ:CHIPSEQ:ALIGN_BWA_MEM:BWA_MEM (EZH2_IP_NTKO_REP2_T1) (43),NFCORE_CHIPSEQ:CHIPSEQ:ALIGN_BWA_MEM:BWA_MEM (EZH2_IP_NTKO_REP2_T1) (43),1478667,43
,,0,2024-01-24T01:04:49.09644135Z,2024-02-23T01:04:49.09644135Z,2024-02-22T07:58:56.952665722Z,1204.4711,docker_cpu_usage_pct,NFCORE_CHIPSEQ:CHIPSEQ:ALIGN_BWA_MEM:BWA_MEM (EZH2_IP_NTKO_REP2_T1) (43),NFCORE_CHIPSEQ:CHIPSEQ:ALIGN_BWA_MEM:BWA_MEM (EZH2_IP_NTKO_REP2_T1) (43),1478667,43
,,0,2024-01-24T01:04:49.09644135Z,2024-02-23T01:04:49.09644135Z,2024-02-22T07:58:58.952601974Z,1196.8035,docker_cpu_usage_pct,NFCORE_CHIPSEQ:CHIPSEQ:ALIGN_BWA_MEM:BWA_MEM (EZH2_IP_NTKO_REP2_T1) (43),NFCORE_CHIPSEQ:CHIPSEQ:ALIGN_BWA_MEM:BWA_MEM (EZH2_IP_NTKO_REP2_T1) (43),1478667,43
,,0,2024-01-24T01:04:49.09644135Z,2024-02-23T01:04:49.09644135Z,2024-02-22T07:59:00.952978989Z,1140.7831,docker_cpu_usage_pct,NFCORE_CHIPSEQ:CHIPSEQ:ALIGN_BWA_MEM:BWA_MEM (EZH2_IP_NTKO_REP2_T1) (43),NFCORE_CHIPSEQ:CHIPSEQ:ALIGN_BWA_MEM:BWA_MEM (EZH2_IP_NTKO_REP2_T1) (43),1478667,43
,,0,2024-01-24T01:04:49.09644135Z,2024-02-23T01:04:49.09644135Z,2024-02-22T07:59:02.952370423Z,1428.4022,docker_cpu_usage_pct,NFCORE_CHIPSEQ:CHIPSEQ:ALIGN_BWA_MEM:BWA_MEM (EZH2_IP_NTKO_REP2_T1) (43),NFCORE_CHIPSEQ:CHIPSEQ:ALIGN_BWA_MEM:BWA_MEM (EZH2_IP_NTKO_REP2_T1) (43),1478667,43
,,0,2024-01-24T01:04:49.09644135Z,2024-02-23T01:04:49.09644135Z,2024-02-22T07:59:04.95282389Z,1468.3982,docker_cpu_usage_pct,NFCORE_CHIPSEQ:CHIPSEQ:ALIGN_BWA_MEM:BWA_MEM (EZH2_IP_NTKO_REP2_T1) (43),NFCORE_CHIPSEQ:CHIPSEQ:ALIGN_BWA_MEM:BWA_MEM (EZH2_IP_NTKO_REP2_T1) (43),1478667,43
,,0,2024-01-24T01:04:49.09644135Z,2024-02-23T01:04:49.09644135Z,2024-02-22T07:59:06.952438971Z,1458.6824,docker_cpu_usage_pct,NFCORE_CHIPSEQ:CHIPSEQ:ALIGN_BWA_MEM:BWA_MEM (EZH2_IP_NTKO_REP2_T1) (43),NFCORE_CHIPSEQ:CHIPSEQ:ALIGN_BWA_MEM:BWA_MEM (EZH2_IP_NTKO_REP2_T1) (43),1478667,43
,,0,2024-01-24T01:04:49.09644135Z,2024-02-23T01:04:49.09644135Z,2024-02-22T07:59:08.953243529Z,1271.11,docker_cpu_usage_pct,NFCORE_CHIPSEQ:CHIPSEQ:ALIGN_BWA_MEM:BWA_MEM (EZH2_IP_NTKO_REP2_T1) (43),NFCORE_CHIPSEQ:CHIPSEQ:ALIGN_BWA_MEM:BWA_MEM (EZH2_IP_NTKO_REP2_T1) (43),1478667,43
,,0,2024-01-24T01:04:49.09644135Z,2024-02-23T01:04:49.09644135Z,2024-02-22T07:59:10.952317191Z,1203.069,docker_cpu_usage_pct,NFCORE_CHIPSEQ:CHIPSEQ:ALIGN_BWA_MEM:BWA_MEM (EZH2_IP_NTKO_REP2_T1) (43),NFCORE_CHIPSEQ:CHIPSEQ:ALIGN_BWA_MEM:BWA_MEM (EZH2_IP_NTKO_REP2_T1) (43),1478667,43
,,0,2024-01-24T01:04:49.09644135Z,2024-02-23T01:04:49.09644135Z,2024-02-22T07:59:12.953160489Z,1201.5463,docker_cpu_usage_pct,NFCORE_CHIPSEQ:CHIPSEQ:ALIGN_BWA_MEM:BWA_MEM (EZH2_IP_NTKO_REP2_T1) (43),NFCORE_CHIPSEQ:CHIPSEQ:ALIGN_BWA_MEM:BWA_MEM (EZH2_IP_NTKO_REP2_T1) (43),1478667,43
,,0,2024-01-24T01:04:49.09644135Z,2024-02-23T01:04:49.09644135Z,2024-02-22T07:59:14.952558531Z,1194.1339,docker_cpu_usage_pct,NFCORE_CHIPSEQ:CHIPSEQ:ALIGN_BWA_MEM:BWA_MEM (EZH2_IP_NTKO_REP2_T1) (43),NFCORE_CHIPSEQ:CHIPSEQ:ALIGN_BWA_MEM:BWA_MEM (EZH2_IP_NTKO_REP2_T1) (43),1478667,43
,,0,2024-01-24T01:04:49.09644135Z,2024-02-23T01:04:49.09644135Z,2024-02-22T07:59:16.952137769Z,1179.1572,docker_cpu_usage_pct,NFCORE_CHIPSEQ:CHIPSEQ:ALIGN_BWA_MEM:BWA_MEM (EZH2_IP_NTKO_REP2_T1) (43),NFCORE_CHIPSEQ:CHIPSEQ:ALIGN_BWA_MEM:BWA_MEM (EZH2_IP_NTKO_REP2_T1) (43),1478667,43
,,0,2024-01-24T01:04:49.09644135Z,2024-02-23T01:04:49.09644135Z,2024-02-22T07:59:18.95278579Z,1173.7293,docker_cpu_usage_pct,NFCORE_CHIPSEQ:CHIPSEQ:ALIGN_BWA_MEM:BWA_MEM (EZH2_IP_NTKO_REP2_T1) (43),NFCORE_CHIPSEQ:CHIPSEQ:ALIGN_BWA_MEM:BWA_MEM (EZH2_IP_NTKO_REP2_T1) (43),1478667,43
,,0,2024-01-24T01:04:49.09644135Z,2024-02-23T01:04:49.09644135Z,2024-02-22T07:59:20.952305345Z,1171.943,docker_cpu_usage_pct,NFCORE_CHIPSEQ:CHIPSEQ:ALIGN_BWA_MEM:BWA_MEM (EZH2_IP_NTKO_REP2_T1) (43),NFCORE_CHIPSEQ:CHIPSEQ:ALIGN_BWA_MEM:BWA_MEM (EZH2_IP_NTKO_REP2_T1) (43),1478667,43
,,0,2024-01-24T01:04:49.09644135Z,2024-02-23T01:04:49.09644135Z,2024-02-22T07:59:22.952807192Z,1199.0102,docker_cpu_usage_pct,NFCORE_CHIPSEQ:CHIPSEQ:ALIGN_BWA_MEM:BWA_MEM (EZH2_IP_NTKO_REP2_T1) (43),NFCORE_CHIPSEQ:CHIPSEQ:ALIGN_BWA_MEM:BWA_MEM (EZH2_IP_NTKO_REP2_T1) (43),1478667,43
,,0,2024-01-24T01:04:49.09644135Z,2024-02-23T01:04:49.09644135Z,2024-02-22T07:59:24.952280164Z,1181.1299,docker_cpu_usage_pct,NFCORE_CHIPSEQ:CHIPSEQ:ALIGN_BWA_MEM:BWA_MEM (EZH2_IP_NTKO_REP2_T1) (43),NFCORE_CHIPSEQ:CHIPSEQ:ALIGN_BWA_MEM:BWA_MEM (EZH2_IP_NTKO_REP2_T1) (43),1478667,43
,,0,2024-01-24T01:04:49.09644135Z,2024-02-23T01:04:49.09644135Z,2024-02-22T07:59:26.953062759Z,1187.5086,docker_cpu_usage_pct,NFCORE_CHIPSEQ:CHIPSEQ:ALIGN_BWA_MEM:BWA_MEM (EZH2_IP_NTKO_REP2_T1) (43),NFCORE_CHIPSEQ:CHIPSEQ:ALIGN_BWA_MEM:BWA_MEM (EZH2_IP_NTKO_REP2_T1) (43),1478667,43
,,0,2024-01-24T01:04:49.09644135Z,2024-02-23T01:04:49.09644135Z,2024-02-22T07:59:28.952686586Z,1180.5871,docker_cpu_usage_pct,NFCORE_CHIPSEQ:CHIPSEQ:ALIGN_BWA_MEM:BWA_MEM (EZH2_IP_NTKO_REP2_T1) (43),NFCORE_CHIPSEQ:CHIPSEQ:ALIGN_BWA_MEM:BWA_MEM (EZH2_IP_NTKO_REP2_T1) (43),1478667,43
,,0,2024-01-24T01:04:49.09644135Z,2024-02-23T01:04:49.09644135Z,2024-02-22T07:59:30.952298282Z,1180.596,docker_cpu_usage_pct,NFCORE_CHIPSEQ:CHIPSEQ:ALIGN_BWA_MEM:BWA_MEM (EZH2_IP_NTKO_REP2_T1) (43),NFCORE_CHIPSEQ:CHIPSEQ:ALIGN_BWA_MEM:BWA_MEM (EZH2_IP_NTKO_REP2_T1) (43),1478667,43
,,0,2024-01-24T01:04:49.09644135Z,2024-02-23T01:04:49.09644135Z,2024-02-22T07:59:32.952821308Z,1180.9662,docker_cpu_usage_pct,NFCORE_CHIPSEQ:CHIPSEQ:ALIGN_BWA_MEM:BWA_MEM (EZH2_IP_NTKO_REP2_T1) (43),NFCORE_CHIPSEQ:CHIPSEQ:ALIGN_BWA_MEM:BWA_MEM (EZH2_IP_NTKO_REP2_T1) (43),1478667,43
,,0,2024-01-24T01:04:49.09644135Z,2024-02-23T01:04:49.09644135Z,2024-02-22T07:59:34.952436023Z,1180.2363,docker_cpu_usage_pct,NFCORE_CHIPSEQ:CHIPSEQ:ALIGN_BWA_MEM:BWA_MEM (EZH2_IP_NTKO_REP2_T1) (43),NFCORE_CHIPSEQ:CHIPSEQ:ALIGN_BWA_MEM:BWA_MEM (EZH2_IP_NTKO_REP2_T1) (43),1478667,43
,,0,2024-01-24T01:04:49.09644135Z,2024-02-23T01:04:49.09644135Z,2024-02-22T07:59:36.95333182Z,1181.328,docker_cpu_usage_pct,NFCORE_CHIPSEQ:CHIPSEQ:ALIGN_BWA_MEM:BWA_MEM (EZH2_IP_NTKO_REP2_T1) (43),NFCORE_CHIPSEQ:CHIPSEQ:ALIGN_BWA_MEM:BWA_MEM (EZH2_IP_NTKO_REP2_T1) (43),1478667,43
,,0,2024-01-24T01:04:49.09644135Z,2024-02-23T01:04:49.09644135Z,2024-02-22T07:59:38.952304994Z,1110.5363,docker_cpu_usage_pct,NFCORE_CHIPSEQ:CHIPSEQ:ALIGN_BWA_MEM:BWA_MEM (EZH2_IP_NTKO_REP2_T1) (43),NFCORE_CHIPSEQ:CHIPSEQ:ALIGN_BWA_MEM:BWA_MEM (EZH2_IP_NTKO_REP2_T1) (43),1478667,43
,,0,2024-01-24T01:04:49.09644135Z,2024-02-23T01:04:49.09644135Z,2024-02-22T07:59:40.952777586Z,1427.7613,docker_cpu_usage_pct,NFCORE_CHIPSEQ:CHIPSEQ:ALIGN_BWA_MEM:BWA_MEM (EZH2_IP_NTKO_REP2_T1) (43),NFCORE_CHIPSEQ:CHIPSEQ:ALIGN_BWA_MEM:BWA_MEM (EZH2_IP_NTKO_REP2_T1) (43),1478667,43
,,0,2024-01-24T01:04:49.09644135Z,2024-02-23T01:04:49.09644135Z,2024-02-22T07:59:42.952265117Z,1463.3732,docker_cpu_usage_pct,NFCORE_CHIPSEQ:CHIPSEQ:ALIGN_BWA_MEM:BWA_MEM (EZH2_IP_NTKO_REP2_T1) (43),NFCORE_CHIPSEQ:CHIPSEQ:ALIGN_BWA_MEM:BWA_MEM (EZH2_IP_NTKO_REP2_T1) (43),1478667,43
,,0,2024-01-24T01:04:49.09644135Z,2024-02-23T01:04:49.09644135Z,2024-02-22T07:59:44.953003317Z,1482.6937,docker_cpu_usage_pct,NFCORE_CHIPSEQ:CHIPSEQ:ALIGN_BWA_MEM:BWA_MEM (EZH2_IP_NTKO_REP2_T1) (43),NFCORE_CHIPSEQ:CHIPSEQ:ALIGN_BWA_MEM:BWA_MEM (EZH2_IP_NTKO_REP2_T1) (43),1478667,43
,,0,2024-01-24T01:04:49.09644135Z,2024-02-23T01:04:49.09644135Z,2024-02-22T07:59:46.952691744Z,1279.3355,docker_cpu_usage_pct,NFCORE_CHIPSEQ:CHIPSEQ:ALIGN_BWA_MEM:BWA_MEM (EZH2_IP_NTKO_REP2_T1) (43),NFCORE_CHIPSEQ:CHIPSEQ:ALIGN_BWA_MEM:BWA_MEM (EZH2_IP_NTKO_REP2_T1) (43),1478667,43
,,0,2024-01-24T01:04:49.09644135Z,2024-02-23T01:04:49.09644135Z,2024-02-22T07:59:48.952209544Z,1176.6135,docker_cpu_usage_pct,NFCORE_CHIPSEQ:CHIPSEQ:ALIGN_BWA_MEM:BWA_MEM (EZH2_IP_NTKO_REP2_T1) (43),NFCORE_CHIPSEQ:CHIPSEQ:ALIGN_BWA_MEM:BWA_MEM (EZH2_IP_NTKO_REP2_T1) (43),1478667,43
,,0,2024-01-24T01:04:49.09644135Z,2024-02-23T01:04:49.09644135Z,2024-02-22T07:59:50.952799579Z,1180.9543,docker_cpu_usage_pct,NFCORE_CHIPSEQ:CHIPSEQ:ALIGN_BWA_MEM:BWA_MEM (EZH2_IP_NTKO_REP2_T1) (43),NFCORE_CHIPSEQ:CHIPSEQ:ALIGN_BWA_MEM:BWA_MEM (EZH2_IP_NTKO_REP2_T1) (43),1478667,43
,,0,2024-01-24T01:04:49.09644135Z,2024-02-23T01:04:49.09644135Z,2024-02-22T07:59:52.952729682Z,1179.871,docker_cpu_usage_pct,NFCORE_CHIPSEQ:CHIPSEQ:ALIGN_BWA_MEM:BWA_MEM (EZH2_IP_NTKO_REP2_T1) (43),NFCORE_CHIPSEQ:CHIPSEQ:ALIGN_BWA_MEM:BWA_MEM (EZH2_IP_NTKO_REP2_T1) (43),1478667,43
,,0,2024-01-24T01:04:49.09644135Z,2024-02-23T01:04:49.09644135Z,2024-02-22T07:59:54.95311728Z,1179.8845,docker_cpu_usage_pct,NFCORE_CHIPSEQ:CHIPSEQ:ALIGN_BWA_MEM:BWA_MEM (EZH2_IP_NTKO_REP2_T1) (43),NFCORE_CHIPSEQ:CHIPSEQ:ALIGN_BWA_MEM:BWA_MEM (EZH2_IP_NTKO_REP2_T1) (43),1478667,43
,,0,2024-01-24T01:04:49.09644135Z,2024-02-23T01:04:49.09644135Z,2024-02-22T07:59:56.952653439Z,1194.7767,docker_cpu_usage_pct,NFCORE_CHIPSEQ:CHIPSEQ:ALIGN_BWA_MEM:BWA_MEM (EZH2_IP_NTKO_REP2_T1) (43),NFCORE_CHIPSEQ:CHIPSEQ:ALIGN_BWA_MEM:BWA_MEM (EZH2_IP_NTKO_REP2_T1) (43),1478667,43
,,0,2024-01-24T01:04:49.09644135Z,2024-02-23T01:04:49.09644135Z,2024-02-22T07:59:58.952511709Z,1186.7794,docker_cpu_usage_pct,NFCORE_CHIPSEQ:CHIPSEQ:ALIGN_BWA_MEM:BWA_MEM (EZH2_IP_NTKO_REP2_T1) (43),NFCORE_CHIPSEQ:CHIPSEQ:ALIGN_BWA_MEM:BWA_MEM (EZH2_IP_NTKO_REP2_T1) (43),1478667,43
,,0,2024-01-24T01:04:49.09644135Z,2024-02-23T01:04:49.09644135Z,2024-02-22T08:00:00.953094852Z,1189.389,docker_cpu_usage_pct,NFCORE_CHIPSEQ:CHIPSEQ:ALIGN_BWA_MEM:BWA_MEM (EZH2_IP_NTKO_REP2_T1) (43),NFCORE_CHIPSEQ:CHIPSEQ:ALIGN_BWA_MEM:BWA_MEM (EZH2_IP_NTKO_REP2_T1) (43),1478667,43
,,0,2024-01-24T01:04:49.09644135Z,2024-02-23T01:04:49.09644135Z,2024-02-22T08:00:02.952509917Z,1184.9543,docker_cpu_usage_pct,NFCORE_CHIPSEQ:CHIPSEQ:ALIGN_BWA_MEM:BWA_MEM (EZH2_IP_NTKO_REP2_T1) (43),NFCORE_CHIPSEQ:CHIPSEQ:ALIGN_BWA_MEM:BWA_MEM (EZH2_IP_NTKO_REP2_T1) (43),1478667,43
,,0,2024-01-24T01:04:49.09644135Z,2024-02-23T01:04:49.09644135Z,2024-02-22T08:00:04.953243015Z,1190.4748,docker_cpu_usage_pct,NFCORE_CHIPSEQ:CHIPSEQ:ALIGN_BWA_MEM:BWA_MEM (EZH2_IP_NTKO_REP2_T1) (43),NFCORE_CHIPSEQ:CHIPSEQ:ALIGN_BWA_MEM:BWA_MEM (EZH2_IP_NTKO_REP2_T1) (43),1478667,43
,,0,2024-01-24T01:04:49.09644135Z,2024-02-23T01:04:49.09644135Z,2024-02-22T08:00:06.952849005Z,1190.4901,docker_cpu_usage_pct,NFCORE_CHIPSEQ:CHIPSEQ:ALIGN_BWA_MEM:BWA_MEM (EZH2_IP_NTKO_REP2_T1) (43),NFCORE_CHIPSEQ:CHIPSEQ:ALIGN_BWA_MEM:BWA_MEM (EZH2_IP_NTKO_REP2_T1) (43),1478667,43
,,0,2024-01-24T01:04:49.09644135Z,2024-02-23T01:04:49.09644135Z,2024-02-22T08:00:08.952231238Z,1188.2616,docker_cpu_usage_pct,NFCORE_CHIPSEQ:CHIPSEQ:ALIGN_BWA_MEM:BWA_MEM (EZH2_IP_NTKO_REP2_T1) (43),NFCORE_CHIPSEQ:CHIPSEQ:ALIGN_BWA_MEM:BWA_MEM (EZH2_IP_NTKO_REP2_T1) (43),1478667,43
,,0,2024-01-24T01:04:49.09644135Z,2024-02-23T01:04:49.09644135Z,2024-02-22T08:00:10.952952264Z,1184.2376,docker_cpu_usage_pct,NFCORE_CHIPSEQ:CHIPSEQ:ALIGN_BWA_MEM:BWA_MEM (EZH2_IP_NTKO_REP2_T1) (43),NFCORE_CHIPSEQ:CHIPSEQ:ALIGN_BWA_MEM:BWA_MEM (EZH2_IP_NTKO_REP2_T1) (43),1478667,43
,,0,2024-01-24T01:04:49.09644135Z,2024-02-23T01:04:49.09644135Z,2024-02-22T08:00:12.952542593Z,1182.4193,docker_cpu_usage_pct,NFCORE_CHIPSEQ:CHIPSEQ:ALIGN_BWA_MEM:BWA_MEM (EZH2_IP_NTKO_REP2_T1) (43),NFCORE_CHIPSEQ:CHIPSEQ:ALIGN_BWA_MEM:BWA_MEM (EZH2_IP_NTKO_REP2_T1) (43),1478667,43
,,0,2024-01-24T01:04:49.09644135Z,2024-02-23T01:04:49.09644135Z,2024-02-22T08:00:14.95271871Z,1192.337,docker_cpu_usage_pct,NFCORE_CHIPSEQ:CHIPSEQ:ALIGN_BWA_MEM:BWA_MEM (EZH2_IP_NTKO_REP2_T1) (43),NFCORE_CHIPSEQ:CHIPSEQ:ALIGN_BWA_MEM:BWA_MEM (EZH2_IP_NTKO_REP2_T1) (43),1478667,43
,,0,2024-01-24T01:04:49.09644135Z,2024-02-23T01:04:49.09644135Z,2024-02-22T08:00:16.952463314Z,1098.153,docker_cpu_usage_pct,NFCORE_CHIPSEQ:CHIPSEQ:ALIGN_BWA_MEM:BWA_MEM (EZH2_IP_NTKO_REP2_T1) (43),NFCORE_CHIPSEQ:CHIPSEQ:ALIGN_BWA_MEM:BWA_MEM (EZH2_IP_NTKO_REP2_T1) (43),1478667,43
,,0,2024-01-24T01:04:49.09644135Z,2024-02-23T01:04:49.09644135Z,2024-02-22T08:00:18.952824467Z,1422.4612,docker_cpu_usage_pct,NFCORE_CHIPSEQ:CHIPSEQ:ALIGN_BWA_MEM:BWA_MEM (EZH2_IP_NTKO_REP2_T1) (43),NFCORE_CHIPSEQ:CHIPSEQ:ALIGN_BWA_MEM:BWA_MEM (EZH2_IP_NTKO_REP2_T1) (43),1478667,43
,,0,2024-01-24T01:04:49.09644135Z,2024-02-23T01:04:49.09644135Z,2024-02-22T08:00:20.952354813Z,1451.4821,docker_cpu_usage_pct,NFCORE_CHIPSEQ:CHIPSEQ:ALIGN_BWA_MEM:BWA_MEM (EZH2_IP_NTKO_REP2_T1) (43),NFCORE_CHIPSEQ:CHIPSEQ:ALIGN_BWA_MEM:BWA_MEM (EZH2_IP_NTKO_REP2_T1) (43),1478667,43
,,0,2024-01-24T01:04:49.09644135Z,2024-02-23T01:04:49.09644135Z,2024-02-22T08:00:22.952882312Z,1479.1835,docker_cpu_usage_pct,NFCORE_CHIPSEQ:CHIPSEQ:ALIGN_BWA_MEM:BWA_MEM (EZH2_IP_NTKO_REP2_T1) (43),NFCORE_CHIPSEQ:CHIPSEQ:ALIGN_BWA_MEM:BWA_MEM (EZH2_IP_NTKO_REP2_T1) (43),1478667,43
,,0,2024-01-24T01:04:49.09644135Z,2024-02-23T01:04:49.09644135Z,2024-02-22T08:00:24.952605364Z,1298.9012,docker_cpu_usage_pct,NFCORE_CHIPSEQ:CHIPSEQ:ALIGN_BWA_MEM:BWA_MEM (EZH2_IP_NTKO_REP2_T1) (43),NFCORE_CHIPSEQ:CHIPSEQ:ALIGN_BWA_MEM:BWA_MEM (EZH2_IP_NTKO_REP2_T1) (43),1478667,43
,,0,2024-01-24T01:04:49.09644135Z,2024-02-23T01:04:49.09644135Z,2024-02-22T08:00:26.952999546Z,1203.6502,docker_cpu_usage_pct,NFCORE_CHIPSEQ:CHIPSEQ:ALIGN_BWA_MEM:BWA_MEM (EZH2_IP_NTKO_REP2_T1) (43),NFCORE_CHIPSEQ:CHIPSEQ:ALIGN_BWA_MEM:BWA_MEM (EZH2_IP_NTKO_REP2_T1) (43),1478667,43
,,0,2024-01-24T01:04:49.09644135Z,2024-02-23T01:04:49.09644135Z,2024-02-22T08:00:28.952508321Z,1183.4813,docker_cpu_usage_pct,NFCORE_CHIPSEQ:CHIPSEQ:ALIGN_BWA_MEM:BWA_MEM (EZH2_IP_NTKO_REP2_T1) (43),NFCORE_CHIPSEQ:CHIPSEQ:ALIGN_BWA_MEM:BWA_MEM (EZH2_IP_NTKO_REP2_T1) (43),1478667,43
,,0,2024-01-24T01:04:49.09644135Z,2024-02-23T01:04:49.09644135Z,2024-02-22T08:00:30.95219752Z,1193.7805,docker_cpu_usage_pct,NFCORE_CHIPSEQ:CHIPSEQ:ALIGN_BWA_MEM:BWA_MEM (EZH2_IP_NTKO_REP2_T1) (43),NFCORE_CHIPSEQ:CHIPSEQ:ALIGN_BWA_MEM:BWA_MEM (EZH2_IP_NTKO_REP2_T1) (43),1478667,43
,,0,2024-01-24T01:04:49.09644135Z,2024-02-23T01:04:49.09644135Z,2024-02-22T08:00:32.952737278Z,1191.179,docker_cpu_usage_pct,NFCORE_CHIPSEQ:CHIPSEQ:ALIGN_BWA_MEM:BWA_MEM (EZH2_IP_NTKO_REP2_T1) (43),NFCORE_CHIPSEQ:CHIPSEQ:ALIGN_BWA_MEM:BWA_MEM (EZH2_IP_NTKO_REP2_T1) (43),1478667,43
,,0,2024-01-24T01:04:49.09644135Z,2024-02-23T01:04:49.09644135Z,2024-02-22T08:00:34.953102829Z,1174.8011,docker_cpu_usage_pct,NFCORE_CHIPSEQ:CHIPSEQ:ALIGN_BWA_MEM:BWA_MEM (EZH2_IP_NTKO_REP2_T1) (43),NFCORE_CHIPSEQ:CHIPSEQ:ALIGN_BWA_MEM:BWA_MEM (EZH2_IP_NTKO_REP2_T1) (43),1478667,43
,,0,2024-01-24T01:04:49.09644135Z,2024-02-23T01:04:49.09644135Z,2024-02-22T08:00:36.952831009Z,1175.1603,docker_cpu_usage_pct,NFCORE_CHIPSEQ:CHIPSEQ:ALIGN_BWA_MEM:BWA_MEM (EZH2_IP_NTKO_REP2_T1) (43),NFCORE_CHIPSEQ:CHIPSEQ:ALIGN_BWA_MEM:BWA_MEM (EZH2_IP_NTKO_REP2_T1) (43),1478667,43
,,0,2024-01-24T01:04:49.09644135Z,2024-02-23T01:04:49.09644135Z,2024-02-22T08:00:38.952202057Z,1183.1295,docker_cpu_usage_pct,NFCORE_CHIPSEQ:CHIPSEQ:ALIGN_BWA_MEM:BWA_MEM (EZH2_IP_NTKO_REP2_T1) (43),NFCORE_CHIPSEQ:CHIPSEQ:ALIGN_BWA_MEM:BWA_MEM (EZH2_IP_NTKO_REP2_T1) (43),1478667,43
,,0,2024-01-24T01:04:49.09644135Z,2024-02-23T01:04:49.09644135Z,2024-02-22T08:00:40.952678832Z,1178.4133,docker_cpu_usage_pct,NFCORE_CHIPSEQ:CHIPSEQ:ALIGN_BWA_MEM:BWA_MEM (EZH2_IP_NTKO_REP2_T1) (43),NFCORE_CHIPSEQ:CHIPSEQ:ALIGN_BWA_MEM:BWA_MEM (EZH2_IP_NTKO_REP2_T1) (43),1478667,43
,,0,2024-01-24T01:04:49.09644135Z,2024-02-23T01:04:49.09644135Z,2024-02-22T08:00:42.952324819Z,1174.8257,docker_cpu_usage_pct,NFCORE_CHIPSEQ:CHIPSEQ:ALIGN_BWA_MEM:BWA_MEM (EZH2_IP_NTKO_REP2_T1) (43),NFCORE_CHIPSEQ:CHIPSEQ:ALIGN_BWA_MEM:BWA_MEM (EZH2_IP_NTKO_REP2_T1) (43),1478667,43
,,0,2024-01-24T01:04:49.09644135Z,2024-02-23T01:04:49.09644135Z,2024-02-22T08:00:44.952779921Z,1181.6748,docker_cpu_usage_pct,NFCORE_CHIPSEQ:CHIPSEQ:ALIGN_BWA_MEM:BWA_MEM (EZH2_IP_NTKO_REP2_T1) (43),NFCORE_CHIPSEQ:CHIPSEQ:ALIGN_BWA_MEM:BWA_MEM (EZH2_IP_NTKO_REP2_T1) (43),1478667,43
,,0,2024-01-24T01:04:49.09644135Z,2024-02-23T01:04:49.09644135Z,2024-02-22T08:00:46.952131588Z,1181.3167,docker_cpu_usage_pct,NFCORE_CHIPSEQ:CHIPSEQ:ALIGN_BWA_MEM:BWA_MEM (EZH2_IP_NTKO_REP2_T1) (43),NFCORE_CHIPSEQ:CHIPSEQ:ALIGN_BWA_MEM:BWA_MEM (EZH2_IP_NTKO_REP2_T1) (43),1478667,43
,,0,2024-01-24T01:04:49.09644135Z,2024-02-23T01:04:49.09644135Z,2024-02-22T08:00:48.952796727Z,1196.7722,docker_cpu_usage_pct,NFCORE_CHIPSEQ:CHIPSEQ:ALIGN_BWA_MEM:BWA_MEM (EZH2_IP_NTKO_REP2_T1) (43),NFCORE_CHIPSEQ:CHIPSEQ:ALIGN_BWA_MEM:BWA_MEM (EZH2_IP_NTKO_REP2_T1) (43),1478667,43
,,0,2024-01-24T01:04:49.09644135Z,2024-02-23T01:04:49.09644135Z,2024-02-22T08:00:50.95235538Z,1194.9426,docker_cpu_usage_pct,NFCORE_CHIPSEQ:CHIPSEQ:ALIGN_BWA_MEM:BWA_MEM (EZH2_IP_NTKO_REP2_T1) (43),NFCORE_CHIPSEQ:CHIPSEQ:ALIGN_BWA_MEM:BWA_MEM (EZH2_IP_NTKO_REP2_T1) (43),1478667,43
,,0,2024-01-24T01:04:49.09644135Z,2024-02-23T01:04:49.09644135Z,2024-02-22T08:00:52.952804391Z,1196.43,docker_cpu_usage_pct,NFCORE_CHIPSEQ:CHIPSEQ:ALIGN_BWA_MEM:BWA_MEM (EZH2_IP_NTKO_REP2_T1) (43),NFCORE_CHIPSEQ:CHIPSEQ:ALIGN_BWA_MEM:BWA_MEM (EZH2_IP_NTKO_REP2_T1) (43),1478667,43
,,0,2024-01-24T01:04:49.09644135Z,2024-02-23T01:04:49.09644135Z,2024-02-22T08:00:54.952227729Z,1085.0036,docker_cpu_usage_pct,NFCORE_CHIPSEQ:CHIPSEQ:ALIGN_BWA_MEM:BWA_MEM (EZH2_IP_NTKO_REP2_T1) (43),NFCORE_CHIPSEQ:CHIPSEQ:ALIGN_BWA_MEM:BWA_MEM (EZH2_IP_NTKO_REP2_T1) (43),1478667,43
,,0,2024-01-24T01:04:49.09644135Z,2024-02-23T01:04:49.09644135Z,2024-02-22T08:00:56.952655609Z,1434.8745,docker_cpu_usage_pct,NFCORE_CHIPSEQ:CHIPSEQ:ALIGN_BWA_MEM:BWA_MEM (EZH2_IP_NTKO_REP2_T1) (43),NFCORE_CHIPSEQ:CHIPSEQ:ALIGN_BWA_MEM:BWA_MEM (EZH2_IP_NTKO_REP2_T1) (43),1478667,43
,,0,2024-01-24T01:04:49.09644135Z,2024-02-23T01:04:49.09644135Z,2024-02-22T08:00:58.952278623Z,1468.8231,docker_cpu_usage_pct,NFCORE_CHIPSEQ:CHIPSEQ:ALIGN_BWA_MEM:BWA_MEM (EZH2_IP_NTKO_REP2_T1) (43),NFCORE_CHIPSEQ:CHIPSEQ:ALIGN_BWA_MEM:BWA_MEM (EZH2_IP_NTKO_REP2_T1) (43),1478667,43
,,0,2024-01-24T01:04:49.09644135Z,2024-02-23T01:04:49.09644135Z,2024-02-22T08:01:00.952835567Z,1439.5238,docker_cpu_usage_pct,NFCORE_CHIPSEQ:CHIPSEQ:ALIGN_BWA_MEM:BWA_MEM (EZH2_IP_NTKO_REP2_T1) (43),NFCORE_CHIPSEQ:CHIPSEQ:ALIGN_BWA_MEM:BWA_MEM (EZH2_IP_NTKO_REP2_T1) (43),1478667,43
,,0,2024-01-24T01:04:49.09644135Z,2024-02-23T01:04:49.09644135Z,2024-02-22T08:01:02.95243658Z,1271.1473,docker_cpu_usage_pct,NFCORE_CHIPSEQ:CHIPSEQ:ALIGN_BWA_MEM:BWA_MEM (EZH2_IP_NTKO_REP2_T1) (43),NFCORE_CHIPSEQ:CHIPSEQ:ALIGN_BWA_MEM:BWA_MEM (EZH2_IP_NTKO_REP2_T1) (43),1478667,43
,,0,2024-01-24T01:04:49.09644135Z,2024-02-23T01:04:49.09644135Z,2024-02-22T08:01:04.953114517Z,1199.0282,docker_cpu_usage_pct,NFCORE_CHIPSEQ:CHIPSEQ:ALIGN_BWA_MEM:BWA_MEM (EZH2_IP_NTKO_REP2_T1) (43),NFCORE_CHIPSEQ:CHIPSEQ:ALIGN_BWA_MEM:BWA_MEM (EZH2_IP_NTKO_REP2_T1) (43),1478667,43
,,0,2024-01-24T01:04:49.09644135Z,2024-02-23T01:04:49.09644135Z,2024-02-22T08:01:06.952639027Z,1181.3027,docker_cpu_usage_pct,NFCORE_CHIPSEQ:CHIPSEQ:ALIGN_BWA_MEM:BWA_MEM (EZH2_IP_NTKO_REP2_T1) (43),NFCORE_CHIPSEQ:CHIPSEQ:ALIGN_BWA_MEM:BWA_MEM (EZH2_IP_NTKO_REP2_T1) (43),1478667,43
,,0,2024-01-24T01:04:49.09644135Z,2024-02-23T01:04:49.09644135Z,2024-02-22T08:01:08.953074855Z,1183.4818,docker_cpu_usage_pct,NFCORE_CHIPSEQ:CHIPSEQ:ALIGN_BWA_MEM:BWA_MEM (EZH2_IP_NTKO_REP2_T1) (43),NFCORE_CHIPSEQ:CHIPSEQ:ALIGN_BWA_MEM:BWA_MEM (EZH2_IP_NTKO_REP2_T1) (43),1478667,43
,,0,2024-01-24T01:04:49.09644135Z,2024-02-23T01:04:49.09644135Z,2024-02-22T08:01:10.952713648Z,1182.0166,docker_cpu_usage_pct,NFCORE_CHIPSEQ:CHIPSEQ:ALIGN_BWA_MEM:BWA_MEM (EZH2_IP_NTKO_REP2_T1) (43),NFCORE_CHIPSEQ:CHIPSEQ:ALIGN_BWA_MEM:BWA_MEM (EZH2_IP_NTKO_REP2_T1) (43),1478667,43
,,0,2024-01-24T01:04:49.09644135Z,2024-02-23T01:04:49.09644135Z,2024-02-22T08:01:12.952565038Z,1179.1446,docker_cpu_usage_pct,NFCORE_CHIPSEQ:CHIPSEQ:ALIGN_BWA_MEM:BWA_MEM (EZH2_IP_NTKO_REP2_T1) (43),NFCORE_CHIPSEQ:CHIPSEQ:ALIGN_BWA_MEM:BWA_MEM (EZH2_IP_NTKO_REP2_T1) (43),1478667,43
,,0,2024-01-24T01:04:49.09644135Z,2024-02-23T01:04:49.09644135Z,2024-02-22T08:01:14.953195932Z,1181.2983,docker_cpu_usage_pct,NFCORE_CHIPSEQ:CHIPSEQ:ALIGN_BWA_MEM:BWA_MEM (EZH2_IP_NTKO_REP2_T1) (43),NFCORE_CHIPSEQ:CHIPSEQ:ALIGN_BWA_MEM:BWA_MEM (EZH2_IP_NTKO_REP2_T1) (43),1478667,43
,,0,2024-01-24T01:04:49.09644135Z,2024-02-23T01:04:49.09644135Z,2024-02-22T08:01:16.952743081Z,1179.4795,docker_cpu_usage_pct,NFCORE_CHIPSEQ:CHIPSEQ:ALIGN_BWA_MEM:BWA_MEM (EZH2_IP_NTKO_REP2_T1) (43),NFCORE_CHIPSEQ:CHIPSEQ:ALIGN_BWA_MEM:BWA_MEM (EZH2_IP_NTKO_REP2_T1) (43),1478667,43
,,0,2024-01-24T01:04:49.09644135Z,2024-02-23T01:04:49.09644135Z,2024-02-22T08:01:18.952160496Z,1178.7728,docker_cpu_usage_pct,NFCORE_CHIPSEQ:CHIPSEQ:ALIGN_BWA_MEM:BWA_MEM (EZH2_IP_NTKO_REP2_T1) (43),NFCORE_CHIPSEQ:CHIPSEQ:ALIGN_BWA_MEM:BWA_MEM (EZH2_IP_NTKO_REP2_T1) (43),1478667,43
,,0,2024-01-24T01:04:49.09644135Z,2024-02-23T01:04:49.09644135Z,2024-02-22T08:01:20.960268802Z,1177.3423,docker_cpu_usage_pct,NFCORE_CHIPSEQ:CHIPSEQ:ALIGN_BWA_MEM:BWA_MEM (EZH2_IP_NTKO_REP2_T1) (43),NFCORE_CHIPSEQ:CHIPSEQ:ALIGN_BWA_MEM:BWA_MEM (EZH2_IP_NTKO_REP2_T1) (43),1478667,43
,,0,2024-01-24T01:04:49.09644135Z,2024-02-23T01:04:49.09644135Z,2024-02-22T08:01:22.952539905Z,1183.5114,docker_cpu_usage_pct,NFCORE_CHIPSEQ:CHIPSEQ:ALIGN_BWA_MEM:BWA_MEM (EZH2_IP_NTKO_REP2_T1) (43),NFCORE_CHIPSEQ:CHIPSEQ:ALIGN_BWA_MEM:BWA_MEM (EZH2_IP_NTKO_REP2_T1) (43),1478667,43
,,0,2024-01-24T01:04:49.09644135Z,2024-02-23T01:04:49.09644135Z,2024-02-22T08:01:24.953132357Z,1180.9424,docker_cpu_usage_pct,NFCORE_CHIPSEQ:CHIPSEQ:ALIGN_BWA_MEM:BWA_MEM (EZH2_IP_NTKO_REP2_T1) (43),NFCORE_CHIPSEQ:CHIPSEQ:ALIGN_BWA_MEM:BWA_MEM (EZH2_IP_NTKO_REP2_T1) (43),1478667,43
,,0,2024-01-24T01:04:49.09644135Z,2024-02-23T01:04:49.09644135Z,2024-02-22T08:01:26.952783948Z,1191.8755,docker_cpu_usage_pct,NFCORE_CHIPSEQ:CHIPSEQ:ALIGN_BWA_MEM:BWA_MEM (EZH2_IP_NTKO_REP2_T1) (43),NFCORE_CHIPSEQ:CHIPSEQ:ALIGN_BWA_MEM:BWA_MEM (EZH2_IP_NTKO_REP2_T1) (43),1478667,43
,,0,2024-01-24T01:04:49.09644135Z,2024-02-23T01:04:49.09644135Z,2024-02-22T08:01:28.952491001Z,1184.5836,docker_cpu_usage_pct,NFCORE_CHIPSEQ:CHIPSEQ:ALIGN_BWA_MEM:BWA_MEM (EZH2_IP_NTKO_REP2_T1) (43),NFCORE_CHIPSEQ:CHIPSEQ:ALIGN_BWA_MEM:BWA_MEM (EZH2_IP_NTKO_REP2_T1) (43),1478667,43
,,0,2024-01-24T01:04:49.09644135Z,2024-02-23T01:04:49.09644135Z,2024-02-22T08:01:30.953139614Z,1183.1255,docker_cpu_usage_pct,NFCORE_CHIPSEQ:CHIPSEQ:ALIGN_BWA_MEM:BWA_MEM (EZH2_IP_NTKO_REP2_T1) (43),NFCORE_CHIPSEQ:CHIPSEQ:ALIGN_BWA_MEM:BWA_MEM (EZH2_IP_NTKO_REP2_T1) (43),1478667,43
,,0,2024-01-24T01:04:49.09644135Z,2024-02-23T01:04:49.09644135Z,2024-02-22T08:01:32.952485654Z,1078.6364,docker_cpu_usage_pct,NFCORE_CHIPSEQ:CHIPSEQ:ALIGN_BWA_MEM:BWA_MEM (EZH2_IP_NTKO_REP2_T1) (43),NFCORE_CHIPSEQ:CHIPSEQ:ALIGN_BWA_MEM:BWA_MEM (EZH2_IP_NTKO_REP2_T1) (43),1478667,43
,,0,2024-01-24T01:04:49.09644135Z,2024-02-23T01:04:49.09644135Z,2024-02-22T08:01:34.953016293Z,1415.6606,docker_cpu_usage_pct,NFCORE_CHIPSEQ:CHIPSEQ:ALIGN_BWA_MEM:BWA_MEM (EZH2_IP_NTKO_REP2_T1) (43),NFCORE_CHIPSEQ:CHIPSEQ:ALIGN_BWA_MEM:BWA_MEM (EZH2_IP_NTKO_REP2_T1) (43),1478667,43
,,0,2024-01-24T01:04:49.09644135Z,2024-02-23T01:04:49.09644135Z,2024-02-22T08:01:36.952528599Z,1464.2577,docker_cpu_usage_pct,NFCORE_CHIPSEQ:CHIPSEQ:ALIGN_BWA_MEM:BWA_MEM (EZH2_IP_NTKO_REP2_T1) (43),NFCORE_CHIPSEQ:CHIPSEQ:ALIGN_BWA_MEM:BWA_MEM (EZH2_IP_NTKO_REP2_T1) (43),1478667,43
,,0,2024-01-24T01:04:49.09644135Z,2024-02-23T01:04:49.09644135Z,2024-02-22T08:01:38.95317341Z,1440.4431,docker_cpu_usage_pct,NFCORE_CHIPSEQ:CHIPSEQ:ALIGN_BWA_MEM:BWA_MEM (EZH2_IP_NTKO_REP2_T1) (43),NFCORE_CHIPSEQ:CHIPSEQ:ALIGN_BWA_MEM:BWA_MEM (EZH2_IP_NTKO_REP2_T1) (43),1478667,43
,,0,2024-01-24T01:04:49.09644135Z,2024-02-23T01:04:49.09644135Z,2024-02-22T08:01:40.952725726Z,1279.355,docker_cpu_usage_pct,NFCORE_CHIPSEQ:CHIPSEQ:ALIGN_BWA_MEM:BWA_MEM (EZH2_IP_NTKO_REP2_T1) (43),NFCORE_CHIPSEQ:CHIPSEQ:ALIGN_BWA_MEM:BWA_MEM (EZH2_IP_NTKO_REP2_T1) (43),1478667,43
,,0,2024-01-24T01:04:49.09644135Z,2024-02-23T01:04:49.09644135Z,2024-02-22T08:01:42.952291113Z,1190.7978,docker_cpu_usage_pct,NFCORE_CHIPSEQ:CHIPSEQ:ALIGN_BWA_MEM:BWA_MEM (EZH2_IP_NTKO_REP2_T1) (43),NFCORE_CHIPSEQ:CHIPSEQ:ALIGN_BWA_MEM:BWA_MEM (EZH2_IP_NTKO_REP2_T1) (43),1478667,43
,,0,2024-01-24T01:04:49.09644135Z,2024-02-23T01:04:49.09644135Z,2024-02-22T08:01:44.953068099Z,1191.1539,docker_cpu_usage_pct,NFCORE_CHIPSEQ:CHIPSEQ:ALIGN_BWA_MEM:BWA_MEM (EZH2_IP_NTKO_REP2_T1) (43),NFCORE_CHIPSEQ:CHIPSEQ:ALIGN_BWA_MEM:BWA_MEM (EZH2_IP_NTKO_REP2_T1) (43),1478667,43
,,0,2024-01-24T01:04:49.09644135Z,2024-02-23T01:04:49.09644135Z,2024-02-22T08:01:46.952616384Z,1191.912,docker_cpu_usage_pct,NFCORE_CHIPSEQ:CHIPSEQ:ALIGN_BWA_MEM:BWA_MEM (EZH2_IP_NTKO_REP2_T1) (43),NFCORE_CHIPSEQ:CHIPSEQ:ALIGN_BWA_MEM:BWA_MEM (EZH2_IP_NTKO_REP2_T1) (43),1478667,43
,,0,2024-01-24T01:04:49.09644135Z,2024-02-23T01:04:49.09644135Z,2024-02-22T08:01:48.953220263Z,1187.9154,docker_cpu_usage_pct,NFCORE_CHIPSEQ:CHIPSEQ:ALIGN_BWA_MEM:BWA_MEM (EZH2_IP_NTKO_REP2_T1) (43),NFCORE_CHIPSEQ:CHIPSEQ:ALIGN_BWA_MEM:BWA_MEM (EZH2_IP_NTKO_REP2_T1) (43),1478667,43
,,0,2024-01-24T01:04:49.09644135Z,2024-02-23T01:04:49.09644135Z,2024-02-22T08:01:50.952647835Z,1183.8625,docker_cpu_usage_pct,NFCORE_CHIPSEQ:CHIPSEQ:ALIGN_BWA_MEM:BWA_MEM (EZH2_IP_NTKO_REP2_T1) (43),NFCORE_CHIPSEQ:CHIPSEQ:ALIGN_BWA_MEM:BWA_MEM (EZH2_IP_NTKO_REP2_T1) (43),1478667,43
,,0,2024-01-24T01:04:49.09644135Z,2024-02-23T01:04:49.09644135Z,2024-02-22T08:01:52.953045517Z,1188.2446,docker_cpu_usage_pct,NFCORE_CHIPSEQ:CHIPSEQ:ALIGN_BWA_MEM:BWA_MEM (EZH2_IP_NTKO_REP2_T1) (43),NFCORE_CHIPSEQ:CHIPSEQ:ALIGN_BWA_MEM:BWA_MEM (EZH2_IP_NTKO_REP2_T1) (43),1478667,43
,,0,2024-01-24T01:04:49.09644135Z,2024-02-23T01:04:49.09644135Z,2024-02-22T08:01:54.952833399Z,1185.6975,docker_cpu_usage_pct,NFCORE_CHIPSEQ:CHIPSEQ:ALIGN_BWA_MEM:BWA_MEM (EZH2_IP_NTKO_REP2_T1) (43),NFCORE_CHIPSEQ:CHIPSEQ:ALIGN_BWA_MEM:BWA_MEM (EZH2_IP_NTKO_REP2_T1) (43),1478667,43
,,0,2024-01-24T01:04:49.09644135Z,2024-02-23T01:04:49.09644135Z,2024-02-22T08:01:56.952349552Z,1196.8249,docker_cpu_usage_pct,NFCORE_CHIPSEQ:CHIPSEQ:ALIGN_BWA_MEM:BWA_MEM (EZH2_IP_NTKO_REP2_T1) (43),NFCORE_CHIPSEQ:CHIPSEQ:ALIGN_BWA_MEM:BWA_MEM (EZH2_IP_NTKO_REP2_T1) (43),1478667,43
,,0,2024-01-24T01:04:49.09644135Z,2024-02-23T01:04:49.09644135Z,2024-02-22T08:01:58.953033583Z,1177.6897,docker_cpu_usage_pct,NFCORE_CHIPSEQ:CHIPSEQ:ALIGN_BWA_MEM:BWA_MEM (EZH2_IP_NTKO_REP2_T1) (43),NFCORE_CHIPSEQ:CHIPSEQ:ALIGN_BWA_MEM:BWA_MEM (EZH2_IP_NTKO_REP2_T1) (43),1478667,43
,,0,2024-01-24T01:04:49.09644135Z,2024-02-23T01:04:49.09644135Z,2024-02-22T08:02:00.952459383Z,1182.0485,docker_cpu_usage_pct,NFCORE_CHIPSEQ:CHIPSEQ:ALIGN_BWA_MEM:BWA_MEM (EZH2_IP_NTKO_REP2_T1) (43),NFCORE_CHIPSEQ:CHIPSEQ:ALIGN_BWA_MEM:BWA_MEM (EZH2_IP_NTKO_REP2_T1) (43),1478667,43
,,0,2024-01-24T01:04:49.09644135Z,2024-02-23T01:04:49.09644135Z,2024-02-22T08:02:02.95305217Z,1180.9389,docker_cpu_usage_pct,NFCORE_CHIPSEQ:CHIPSEQ:ALIGN_BWA_MEM:BWA_MEM (EZH2_IP_NTKO_REP2_T1) (43),NFCORE_CHIPSEQ:CHIPSEQ:ALIGN_BWA_MEM:BWA_MEM (EZH2_IP_NTKO_REP2_T1) (43),1478667,43
,,0,2024-01-24T01:04:49.09644135Z,2024-02-23T01:04:49.09644135Z,2024-02-22T08:02:04.952531991Z,1182.7425,docker_cpu_usage_pct,NFCORE_CHIPSEQ:CHIPSEQ:ALIGN_BWA_MEM:BWA_MEM (EZH2_IP_NTKO_REP2_T1) (43),NFCORE_CHIPSEQ:CHIPSEQ:ALIGN_BWA_MEM:BWA_MEM (EZH2_IP_NTKO_REP2_T1) (43),1478667,43
,,0,2024-01-24T01:04:49.09644135Z,2024-02-23T01:04:49.09644135Z,2024-02-22T08:02:06.953090117Z,1178.4211,docker_cpu_usage_pct,NFCORE_CHIPSEQ:CHIPSEQ:ALIGN_BWA_MEM:BWA_MEM (EZH2_IP_NTKO_REP2_T1) (43),NFCORE_CHIPSEQ:CHIPSEQ:ALIGN_BWA_MEM:BWA_MEM (EZH2_IP_NTKO_REP2_T1) (43),1478667,43
,,0,2024-01-24T01:04:49.09644135Z,2024-02-23T01:04:49.09644135Z,2024-02-22T08:02:08.952527446Z,1184.2055,docker_cpu_usage_pct,NFCORE_CHIPSEQ:CHIPSEQ:ALIGN_BWA_MEM:BWA_MEM (EZH2_IP_NTKO_REP2_T1) (43),NFCORE_CHIPSEQ:CHIPSEQ:ALIGN_BWA_MEM:BWA_MEM (EZH2_IP_NTKO_REP2_T1) (43),1478667,43
,,0,2024-01-24T01:04:49.09644135Z,2024-02-23T01:04:49.09644135Z,2024-02-22T08:02:10.952388689Z,1088.0588,docker_cpu_usage_pct,NFCORE_CHIPSEQ:CHIPSEQ:ALIGN_BWA_MEM:BWA_MEM (EZH2_IP_NTKO_REP2_T1) (43),NFCORE_CHIPSEQ:CHIPSEQ:ALIGN_BWA_MEM:BWA_MEM (EZH2_IP_NTKO_REP2_T1) (43),1478667,43
,,0,2024-01-24T01:04:49.09644135Z,2024-02-23T01:04:49.09644135Z,2024-02-22T08:02:12.952877162Z,1426.3658,docker_cpu_usage_pct,NFCORE_CHIPSEQ:CHIPSEQ:ALIGN_BWA_MEM:BWA_MEM (EZH2_IP_NTKO_REP2_T1) (43),NFCORE_CHIPSEQ:CHIPSEQ:ALIGN_BWA_MEM:BWA_MEM (EZH2_IP_NTKO_REP2_T1) (43),1478667,43
,,0,2024-01-24T01:04:49.09644135Z,2024-02-23T01:04:49.09644135Z,2024-02-22T08:02:14.952499767Z,1442.3078,docker_cpu_usage_pct,NFCORE_CHIPSEQ:CHIPSEQ:ALIGN_BWA_MEM:BWA_MEM (EZH2_IP_NTKO_REP2_T1) (43),NFCORE_CHIPSEQ:CHIPSEQ:ALIGN_BWA_MEM:BWA_MEM (EZH2_IP_NTKO_REP2_T1) (43),1478667,43
,,0,2024-01-24T01:04:49.09644135Z,2024-02-23T01:04:49.09644135Z,2024-02-22T08:02:16.952814263Z,1515.1326,docker_cpu_usage_pct,NFCORE_CHIPSEQ:CHIPSEQ:ALIGN_BWA_MEM:BWA_MEM (EZH2_IP_NTKO_REP2_T1) (43),NFCORE_CHIPSEQ:CHIPSEQ:ALIGN_BWA_MEM:BWA_MEM (EZH2_IP_NTKO_REP2_T1) (43),1478667,43
,,0,2024-01-24T01:04:49.09644135Z,2024-02-23T01:04:49.09644135Z,2024-02-22T08:02:18.952414697Z,1296.49,docker_cpu_usage_pct,NFCORE_CHIPSEQ:CHIPSEQ:ALIGN_BWA_MEM:BWA_MEM (EZH2_IP_NTKO_REP2_T1) (43),NFCORE_CHIPSEQ:CHIPSEQ:ALIGN_BWA_MEM:BWA_MEM (EZH2_IP_NTKO_REP2_T1) (43),1478667,43
,,0,2024-01-24T01:04:49.09644135Z,2024-02-23T01:04:49.09644135Z,2024-02-22T08:02:20.953093585Z,1194.1371,docker_cpu_usage_pct,NFCORE_CHIPSEQ:CHIPSEQ:ALIGN_BWA_MEM:BWA_MEM (EZH2_IP_NTKO_REP2_T1) (43),NFCORE_CHIPSEQ:CHIPSEQ:ALIGN_BWA_MEM:BWA_MEM (EZH2_IP_NTKO_REP2_T1) (43),1478667,43
,,0,2024-01-24T01:04:49.09644135Z,2024-02-23T01:04:49.09644135Z,2024-02-22T08:02:22.952693248Z,1175.5106,docker_cpu_usage_pct,NFCORE_CHIPSEQ:CHIPSEQ:ALIGN_BWA_MEM:BWA_MEM (EZH2_IP_NTKO_REP2_T1) (43),NFCORE_CHIPSEQ:CHIPSEQ:ALIGN_BWA_MEM:BWA_MEM (EZH2_IP_NTKO_REP2_T1) (43),1478667,43
,,0,2024-01-24T01:04:49.09644135Z,2024-02-23T01:04:49.09644135Z,2024-02-22T08:02:24.953311053Z,1191.5818,docker_cpu_usage_pct,NFCORE_CHIPSEQ:CHIPSEQ:ALIGN_BWA_MEM:BWA_MEM (EZH2_IP_NTKO_REP2_T1) (43),NFCORE_CHIPSEQ:CHIPSEQ:ALIGN_BWA_MEM:BWA_MEM (EZH2_IP_NTKO_REP2_T1) (43),1478667,43
,,0,2024-01-24T01:04:49.09644135Z,2024-02-23T01:04:49.09644135Z,2024-02-22T08:02:26.952868655Z,1199.7279,docker_cpu_usage_pct,NFCORE_CHIPSEQ:CHIPSEQ:ALIGN_BWA_MEM:BWA_MEM (EZH2_IP_NTKO_REP2_T1) (43),NFCORE_CHIPSEQ:CHIPSEQ:ALIGN_BWA_MEM:BWA_MEM (EZH2_IP_NTKO_REP2_T1) (43),1478667,43
,,0,2024-01-24T01:04:49.09644135Z,2024-02-23T01:04:49.09644135Z,2024-02-22T08:02:28.952394635Z,1186.0617,docker_cpu_usage_pct,NFCORE_CHIPSEQ:CHIPSEQ:ALIGN_BWA_MEM:BWA_MEM (EZH2_IP_NTKO_REP2_T1) (43),NFCORE_CHIPSEQ:CHIPSEQ:ALIGN_BWA_MEM:BWA_MEM (EZH2_IP_NTKO_REP2_T1) (43),1478667,43
,,0,2024-01-24T01:04:49.09644135Z,2024-02-23T01:04:49.09644135Z,2024-02-22T08:02:30.952765601Z,1191.2201,docker_cpu_usage_pct,NFCORE_CHIPSEQ:CHIPSEQ:ALIGN_BWA_MEM:BWA_MEM (EZH2_IP_NTKO_REP2_T1) (43),NFCORE_CHIPSEQ:CHIPSEQ:ALIGN_BWA_MEM:BWA_MEM (EZH2_IP_NTKO_REP2_T1) (43),1478667,43
,,0,2024-01-24T01:04:49.09644135Z,2024-02-23T01:04:49.09644135Z,2024-02-22T08:02:32.952532769Z,1188.5971,docker_cpu_usage_pct,NFCORE_CHIPSEQ:CHIPSEQ:ALIGN_BWA_MEM:BWA_MEM (EZH2_IP_NTKO_REP2_T1) (43),NFCORE_CHIPSEQ:CHIPSEQ:ALIGN_BWA_MEM:BWA_MEM (EZH2_IP_NTKO_REP2_T1) (43),1478667,43
,,0,2024-01-24T01:04:49.09644135Z,2024-02-23T01:04:49.09644135Z,2024-02-22T08:02:34.952953957Z,1175.9016,docker_cpu_usage_pct,NFCORE_CHIPSEQ:CHIPSEQ:ALIGN_BWA_MEM:BWA_MEM (EZH2_IP_NTKO_REP2_T1) (43),NFCORE_CHIPSEQ:CHIPSEQ:ALIGN_BWA_MEM:BWA_MEM (EZH2_IP_NTKO_REP2_T1) (43),1478667,43
,,0,2024-01-24T01:04:49.09644135Z,2024-02-23T01:04:49.09644135Z,2024-02-22T08:02:36.952426064Z,1197.4673,docker_cpu_usage_pct,NFCORE_CHIPSEQ:CHIPSEQ:ALIGN_BWA_MEM:BWA_MEM (EZH2_IP_NTKO_REP2_T1) (43),NFCORE_CHIPSEQ:CHIPSEQ:ALIGN_BWA_MEM:BWA_MEM (EZH2_IP_NTKO_REP2_T1) (43),1478667,43
,,0,2024-01-24T01:04:49.09644135Z,2024-02-23T01:04:49.09644135Z,2024-02-22T08:02:38.952981537Z,1195.9748,docker_cpu_usage_pct,NFCORE_CHIPSEQ:CHIPSEQ:ALIGN_BWA_MEM:BWA_MEM (EZH2_IP_NTKO_REP2_T1) (43),NFCORE_CHIPSEQ:CHIPSEQ:ALIGN_BWA_MEM:BWA_MEM (EZH2_IP_NTKO_REP2_T1) (43),1478667,43
,,0,2024-01-24T01:04:49.09644135Z,2024-02-23T01:04:49.09644135Z,2024-02-22T08:02:40.952602328Z,1181.6808,docker_cpu_usage_pct,NFCORE_CHIPSEQ:CHIPSEQ:ALIGN_BWA_MEM:BWA_MEM (EZH2_IP_NTKO_REP2_T1) (43),NFCORE_CHIPSEQ:CHIPSEQ:ALIGN_BWA_MEM:BWA_MEM (EZH2_IP_NTKO_REP2_T1) (43),1478667,43
,,0,2024-01-24T01:04:49.09644135Z,2024-02-23T01:04:49.09644135Z,2024-02-22T08:02:42.953114618Z,1201.5438,docker_cpu_usage_pct,NFCORE_CHIPSEQ:CHIPSEQ:ALIGN_BWA_MEM:BWA_MEM (EZH2_IP_NTKO_REP2_T1) (43),NFCORE_CHIPSEQ:CHIPSEQ:ALIGN_BWA_MEM:BWA_MEM (EZH2_IP_NTKO_REP2_T1) (43),1478667,43
,,0,2024-01-24T01:04:49.09644135Z,2024-02-23T01:04:49.09644135Z,2024-02-22T08:02:44.952670227Z,1184.5655,docker_cpu_usage_pct,NFCORE_CHIPSEQ:CHIPSEQ:ALIGN_BWA_MEM:BWA_MEM (EZH2_IP_NTKO_REP2_T1) (43),NFCORE_CHIPSEQ:CHIPSEQ:ALIGN_BWA_MEM:BWA_MEM (EZH2_IP_NTKO_REP2_T1) (43),1478667,43
,,0,2024-01-24T01:04:49.09644135Z,2024-02-23T01:04:49.09644135Z,2024-02-22T08:02:46.952273798Z,1183.8695,docker_cpu_usage_pct,NFCORE_CHIPSEQ:CHIPSEQ:ALIGN_BWA_MEM:BWA_MEM (EZH2_IP_NTKO_REP2_T1) (43),NFCORE_CHIPSEQ:CHIPSEQ:ALIGN_BWA_MEM:BWA_MEM (EZH2_IP_NTKO_REP2_T1) (43),1478667,43
,,0,2024-01-24T01:04:49.09644135Z,2024-02-23T01:04:49.09644135Z,2024-02-22T08:02:48.952876951Z,1100.4578,docker_cpu_usage_pct,NFCORE_CHIPSEQ:CHIPSEQ:ALIGN_BWA_MEM:BWA_MEM (EZH2_IP_NTKO_REP2_T1) (43),NFCORE_CHIPSEQ:CHIPSEQ:ALIGN_BWA_MEM:BWA_MEM (EZH2_IP_NTKO_REP2_T1) (43),1478667,43
,,0,2024-01-24T01:04:49.09644135Z,2024-02-23T01:04:49.09644135Z,2024-02-22T08:02:50.952352316Z,1425.2674,docker_cpu_usage_pct,NFCORE_CHIPSEQ:CHIPSEQ:ALIGN_BWA_MEM:BWA_MEM (EZH2_IP_NTKO_REP2_T1) (43),NFCORE_CHIPSEQ:CHIPSEQ:ALIGN_BWA_MEM:BWA_MEM (EZH2_IP_NTKO_REP2_T1) (43),1478667,43
,,0,2024-01-24T01:04:49.09644135Z,2024-02-23T01:04:49.09644135Z,2024-02-22T08:02:52.953042091Z,1443.2887,docker_cpu_usage_pct,NFCORE_CHIPSEQ:CHIPSEQ:ALIGN_BWA_MEM:BWA_MEM (EZH2_IP_NTKO_REP2_T1) (43),NFCORE_CHIPSEQ:CHIPSEQ:ALIGN_BWA_MEM:BWA_MEM (EZH2_IP_NTKO_REP2_T1) (43),1478667,43
,,0,2024-01-24T01:04:49.09644135Z,2024-02-23T01:04:49.09644135Z,2024-02-22T08:02:54.952564848Z,1472.4033,docker_cpu_usage_pct,NFCORE_CHIPSEQ:CHIPSEQ:ALIGN_BWA_MEM:BWA_MEM (EZH2_IP_NTKO_REP2_T1) (43),NFCORE_CHIPSEQ:CHIPSEQ:ALIGN_BWA_MEM:BWA_MEM (EZH2_IP_NTKO_REP2_T1) (43),1478667,43
,,0,2024-01-24T01:04:49.09644135Z,2024-02-23T01:04:49.09644135Z,2024-02-22T08:02:56.95288838Z,1290.1934,docker_cpu_usage_pct,NFCORE_CHIPSEQ:CHIPSEQ:ALIGN_BWA_MEM:BWA_MEM (EZH2_IP_NTKO_REP2_T1) (43),NFCORE_CHIPSEQ:CHIPSEQ:ALIGN_BWA_MEM:BWA_MEM (EZH2_IP_NTKO_REP2_T1) (43),1478667,43
,,0,2024-01-24T01:04:49.09644135Z,2024-02-23T01:04:49.09644135Z,2024-02-22T08:02:58.952492828Z,1187.8896,docker_cpu_usage_pct,NFCORE_CHIPSEQ:CHIPSEQ:ALIGN_BWA_MEM:BWA_MEM (EZH2_IP_NTKO_REP2_T1) (43),NFCORE_CHIPSEQ:CHIPSEQ:ALIGN_BWA_MEM:BWA_MEM (EZH2_IP_NTKO_REP2_T1) (43),1478667,43
,,0,2024-01-24T01:04:49.09644135Z,2024-02-23T01:04:49.09644135Z,2024-02-22T08:03:00.953054139Z,1181.3139,docker_cpu_usage_pct,NFCORE_CHIPSEQ:CHIPSEQ:ALIGN_BWA_MEM:BWA_MEM (EZH2_IP_NTKO_REP2_T1) (43),NFCORE_CHIPSEQ:CHIPSEQ:ALIGN_BWA_MEM:BWA_MEM (EZH2_IP_NTKO_REP2_T1) (43),1478667,43
,,0,2024-01-24T01:04:49.09644135Z,2024-02-23T01:04:49.09644135Z,2024-02-22T08:03:02.952555426Z,1186.4165,docker_cpu_usage_pct,NFCORE_CHIPSEQ:CHIPSEQ:ALIGN_BWA_MEM:BWA_MEM (EZH2_IP_NTKO_REP2_T1) (43),NFCORE_CHIPSEQ:CHIPSEQ:ALIGN_BWA_MEM:BWA_MEM (EZH2_IP_NTKO_REP2_T1) (43),1478667,43
,,0,2024-01-24T01:04:49.09644135Z,2024-02-23T01:04:49.09644135Z,2024-02-22T08:03:04.95313266Z,1190.4626,docker_cpu_usage_pct,NFCORE_CHIPSEQ:CHIPSEQ:ALIGN_BWA_MEM:BWA_MEM (EZH2_IP_NTKO_REP2_T1) (43),NFCORE_CHIPSEQ:CHIPSEQ:ALIGN_BWA_MEM:BWA_MEM (EZH2_IP_NTKO_REP2_T1) (43),1478667,43
,,0,2024-01-24T01:04:49.09644135Z,2024-02-23T01:04:49.09644135Z,2024-02-22T08:03:06.952661272Z,1188.616,docker_cpu_usage_pct,NFCORE_CHIPSEQ:CHIPSEQ:ALIGN_BWA_MEM:BWA_MEM (EZH2_IP_NTKO_REP2_T1) (43),NFCORE_CHIPSEQ:CHIPSEQ:ALIGN_BWA_MEM:BWA_MEM (EZH2_IP_NTKO_REP2_T1) (43),1478667,43
,,0,2024-01-24T01:04:49.09644135Z,2024-02-23T01:04:49.09644135Z,2024-02-22T08:03:08.952235556Z,1191.1902,docker_cpu_usage_pct,NFCORE_CHIPSEQ:CHIPSEQ:ALIGN_BWA_MEM:BWA_MEM (EZH2_IP_NTKO_REP2_T1) (43),NFCORE_CHIPSEQ:CHIPSEQ:ALIGN_BWA_MEM:BWA_MEM (EZH2_IP_NTKO_REP2_T1) (43),1478667,43
,,0,2024-01-24T01:04:49.09644135Z,2024-02-23T01:04:49.09644135Z,2024-02-22T08:03:10.952586847Z,1195.6893,docker_cpu_usage_pct,NFCORE_CHIPSEQ:CHIPSEQ:ALIGN_BWA_MEM:BWA_MEM (EZH2_IP_NTKO_REP2_T1) (43),NFCORE_CHIPSEQ:CHIPSEQ:ALIGN_BWA_MEM:BWA_MEM (EZH2_IP_NTKO_REP2_T1) (43),1478667,43
,,0,2024-01-24T01:04:49.09644135Z,2024-02-23T01:04:49.09644135Z,2024-02-22T08:03:12.952202716Z,1188.2673,docker_cpu_usage_pct,NFCORE_CHIPSEQ:CHIPSEQ:ALIGN_BWA_MEM:BWA_MEM (EZH2_IP_NTKO_REP2_T1) (43),NFCORE_CHIPSEQ:CHIPSEQ:ALIGN_BWA_MEM:BWA_MEM (EZH2_IP_NTKO_REP2_T1) (43),1478667,43
,,0,2024-01-24T01:04:49.09644135Z,2024-02-23T01:04:49.09644135Z,2024-02-22T08:03:14.952642872Z,1185.6757,docker_cpu_usage_pct,NFCORE_CHIPSEQ:CHIPSEQ:ALIGN_BWA_MEM:BWA_MEM (EZH2_IP_NTKO_REP2_T1) (43),NFCORE_CHIPSEQ:CHIPSEQ:ALIGN_BWA_MEM:BWA_MEM (EZH2_IP_NTKO_REP2_T1) (43),1478667,43
,,0,2024-01-24T01:04:49.09644135Z,2024-02-23T01:04:49.09644135Z,2024-02-22T08:03:16.952647586Z,1186.4043,docker_cpu_usage_pct,NFCORE_CHIPSEQ:CHIPSEQ:ALIGN_BWA_MEM:BWA_MEM (EZH2_IP_NTKO_REP2_T1) (43),NFCORE_CHIPSEQ:CHIPSEQ:ALIGN_BWA_MEM:BWA_MEM (EZH2_IP_NTKO_REP2_T1) (43),1478667,43
,,0,2024-01-24T01:04:49.09644135Z,2024-02-23T01:04:49.09644135Z,2024-02-22T08:03:18.952784076Z,1193.7576,docker_cpu_usage_pct,NFCORE_CHIPSEQ:CHIPSEQ:ALIGN_BWA_MEM:BWA_MEM (EZH2_IP_NTKO_REP2_T1) (43),NFCORE_CHIPSEQ:CHIPSEQ:ALIGN_BWA_MEM:BWA_MEM (EZH2_IP_NTKO_REP2_T1) (43),1478667,43
,,0,2024-01-24T01:04:49.09644135Z,2024-02-23T01:04:49.09644135Z,2024-02-22T08:03:21.952505687Z,1176.6031,docker_cpu_usage_pct,NFCORE_CHIPSEQ:CHIPSEQ:ALIGN_BWA_MEM:BWA_MEM (EZH2_IP_NTKO_REP2_T1) (43),NFCORE_CHIPSEQ:CHIPSEQ:ALIGN_BWA_MEM:BWA_MEM (EZH2_IP_NTKO_REP2_T1) (43),1478667,43
,,0,2024-01-24T01:04:49.09644135Z,2024-02-23T01:04:49.09644135Z,2024-02-22T08:03:22.953026688Z,1198.639,docker_cpu_usage_pct,NFCORE_CHIPSEQ:CHIPSEQ:ALIGN_BWA_MEM:BWA_MEM (EZH2_IP_NTKO_REP2_T1) (43),NFCORE_CHIPSEQ:CHIPSEQ:ALIGN_BWA_MEM:BWA_MEM (EZH2_IP_NTKO_REP2_T1) (43),1478667,43
,,0,2024-01-24T01:04:49.09644135Z,2024-02-23T01:04:49.09644135Z,2024-02-22T08:03:25.952744464Z,1199.0157,docker_cpu_usage_pct,NFCORE_CHIPSEQ:CHIPSEQ:ALIGN_BWA_MEM:BWA_MEM (EZH2_IP_NTKO_REP2_T1) (43),NFCORE_CHIPSEQ:CHIPSEQ:ALIGN_BWA_MEM:BWA_MEM (EZH2_IP_NTKO_REP2_T1) (43),1478667,43
,,0,2024-01-24T01:04:49.09644135Z,2024-02-23T01:04:49.09644135Z,2024-02-22T08:03:26.953192034Z,1125.7377,docker_cpu_usage_pct,NFCORE_CHIPSEQ:CHIPSEQ:ALIGN_BWA_MEM:BWA_MEM (EZH2_IP_NTKO_REP2_T1) (43),NFCORE_CHIPSEQ:CHIPSEQ:ALIGN_BWA_MEM:BWA_MEM (EZH2_IP_NTKO_REP2_T1) (43),1478667,43
,,0,2024-01-24T01:04:49.09644135Z,2024-02-23T01:04:49.09644135Z,2024-02-22T08:03:29.952696217Z,1432.0727,docker_cpu_usage_pct,NFCORE_CHIPSEQ:CHIPSEQ:ALIGN_BWA_MEM:BWA_MEM (EZH2_IP_NTKO_REP2_T1) (43),NFCORE_CHIPSEQ:CHIPSEQ:ALIGN_BWA_MEM:BWA_MEM (EZH2_IP_NTKO_REP2_T1) (43),1478667,43
,,0,2024-01-24T01:04:49.09644135Z,2024-02-23T01:04:49.09644135Z,2024-02-22T08:03:31.95201278Z,1474.2831,docker_cpu_usage_pct,NFCORE_CHIPSEQ:CHIPSEQ:ALIGN_BWA_MEM:BWA_MEM (EZH2_IP_NTKO_REP2_T1) (43),NFCORE_CHIPSEQ:CHIPSEQ:ALIGN_BWA_MEM:BWA_MEM (EZH2_IP_NTKO_REP2_T1) (43),1478667,43
,,0,2024-01-24T01:04:49.09644135Z,2024-02-23T01:04:49.09644135Z,2024-02-22T08:03:33.952812541Z,1455.6946,docker_cpu_usage_pct,NFCORE_CHIPSEQ:CHIPSEQ:ALIGN_BWA_MEM:BWA_MEM (EZH2_IP_NTKO_REP2_T1) (43),NFCORE_CHIPSEQ:CHIPSEQ:ALIGN_BWA_MEM:BWA_MEM (EZH2_IP_NTKO_REP2_T1) (43),1478667,43
,,0,2024-01-24T01:04:49.09644135Z,2024-02-23T01:04:49.09644135Z,2024-02-22T08:03:35.952184618Z,1286.0734,docker_cpu_usage_pct,NFCORE_CHIPSEQ:CHIPSEQ:ALIGN_BWA_MEM:BWA_MEM (EZH2_IP_NTKO_REP2_T1) (43),NFCORE_CHIPSEQ:CHIPSEQ:ALIGN_BWA_MEM:BWA_MEM (EZH2_IP_NTKO_REP2_T1) (43),1478667,43
,,0,2024-01-24T01:04:49.09644135Z,2024-02-23T01:04:49.09644135Z,2024-02-22T08:03:37.952757105Z,1191.2186,docker_cpu_usage_pct,NFCORE_CHIPSEQ:CHIPSEQ:ALIGN_BWA_MEM:BWA_MEM (EZH2_IP_NTKO_REP2_T1) (43),NFCORE_CHIPSEQ:CHIPSEQ:ALIGN_BWA_MEM:BWA_MEM (EZH2_IP_NTKO_REP2_T1) (43),1478667,43
,,0,2024-01-24T01:04:49.09644135Z,2024-02-23T01:04:49.09644135Z,2024-02-22T08:03:39.952367792Z,1178.7761,docker_cpu_usage_pct,NFCORE_CHIPSEQ:CHIPSEQ:ALIGN_BWA_MEM:BWA_MEM (EZH2_IP_NTKO_REP2_T1) (43),NFCORE_CHIPSEQ:CHIPSEQ:ALIGN_BWA_MEM:BWA_MEM (EZH2_IP_NTKO_REP2_T1) (43),1478667,43
,,0,2024-01-24T01:04:49.09644135Z,2024-02-23T01:04:49.09644135Z,2024-02-22T08:03:41.952950282Z,1190.4901,docker_cpu_usage_pct,NFCORE_CHIPSEQ:CHIPSEQ:ALIGN_BWA_MEM:BWA_MEM (EZH2_IP_NTKO_REP2_T1) (43),NFCORE_CHIPSEQ:CHIPSEQ:ALIGN_BWA_MEM:BWA_MEM (EZH2_IP_NTKO_REP2_T1) (43),1478667,43
,,0,2024-01-24T01:04:49.09644135Z,2024-02-23T01:04:49.09644135Z,2024-02-22T08:03:43.952685836Z,1181.3229,docker_cpu_usage_pct,NFCORE_CHIPSEQ:CHIPSEQ:ALIGN_BWA_MEM:BWA_MEM (EZH2_IP_NTKO_REP2_T1) (43),NFCORE_CHIPSEQ:CHIPSEQ:ALIGN_BWA_MEM:BWA_MEM (EZH2_IP_NTKO_REP2_T1) (43),1478667,43
,,0,2024-01-24T01:04:49.09644135Z,2024-02-23T01:04:49.09644135Z,2024-02-22T08:03:45.952179434Z,1185.3033,docker_cpu_usage_pct,NFCORE_CHIPSEQ:CHIPSEQ:ALIGN_BWA_MEM:BWA_MEM (EZH2_IP_NTKO_REP2_T1) (43),NFCORE_CHIPSEQ:CHIPSEQ:ALIGN_BWA_MEM:BWA_MEM (EZH2_IP_NTKO_REP2_T1) (43),1478667,43
,,0,2024-01-24T01:04:49.09644135Z,2024-02-23T01:04:49.09644135Z,2024-02-22T08:03:47.952768848Z,1184.9567,docker_cpu_usage_pct,NFCORE_CHIPSEQ:CHIPSEQ:ALIGN_BWA_MEM:BWA_MEM (EZH2_IP_NTKO_REP2_T1) (43),NFCORE_CHIPSEQ:CHIPSEQ:ALIGN_BWA_MEM:BWA_MEM (EZH2_IP_NTKO_REP2_T1) (43),1478667,43
,,0,2024-01-24T01:04:49.09644135Z,2024-02-23T01:04:49.09644135Z,2024-02-22T08:03:49.952280299Z,1173.0135,docker_cpu_usage_pct,NFCORE_CHIPSEQ:CHIPSEQ:ALIGN_BWA_MEM:BWA_MEM (EZH2_IP_NTKO_REP2_T1) (43),NFCORE_CHIPSEQ:CHIPSEQ:ALIGN_BWA_MEM:BWA_MEM (EZH2_IP_NTKO_REP2_T1) (43),1478667,43
,,0,2024-01-24T01:04:49.09644135Z,2024-02-23T01:04:49.09644135Z,2024-02-22T08:03:51.952771223Z,1179.8564,docker_cpu_usage_pct,NFCORE_CHIPSEQ:CHIPSEQ:ALIGN_BWA_MEM:BWA_MEM (EZH2_IP_NTKO_REP2_T1) (43),NFCORE_CHIPSEQ:CHIPSEQ:ALIGN_BWA_MEM:BWA_MEM (EZH2_IP_NTKO_REP2_T1) (43),1478667,43
,,0,2024-01-24T01:04:49.09644135Z,2024-02-23T01:04:49.09644135Z,2024-02-22T08:03:53.952465782Z,1186.4057,docker_cpu_usage_pct,NFCORE_CHIPSEQ:CHIPSEQ:ALIGN_BWA_MEM:BWA_MEM (EZH2_IP_NTKO_REP2_T1) (43),NFCORE_CHIPSEQ:CHIPSEQ:ALIGN_BWA_MEM:BWA_MEM (EZH2_IP_NTKO_REP2_T1) (43),1478667,43
,,0,2024-01-24T01:04:49.09644135Z,2024-02-23T01:04:49.09644135Z,2024-02-22T08:03:55.953047391Z,1179.8703,docker_cpu_usage_pct,NFCORE_CHIPSEQ:CHIPSEQ:ALIGN_BWA_MEM:BWA_MEM (EZH2_IP_NTKO_REP2_T1) (43),NFCORE_CHIPSEQ:CHIPSEQ:ALIGN_BWA_MEM:BWA_MEM (EZH2_IP_NTKO_REP2_T1) (43),1478667,43
,,0,2024-01-24T01:04:49.09644135Z,2024-02-23T01:04:49.09644135Z,2024-02-22T08:03:57.952465274Z,1193.1942,docker_cpu_usage_pct,NFCORE_CHIPSEQ:CHIPSEQ:ALIGN_BWA_MEM:BWA_MEM (EZH2_IP_NTKO_REP2_T1) (43),NFCORE_CHIPSEQ:CHIPSEQ:ALIGN_BWA_MEM:BWA_MEM (EZH2_IP_NTKO_REP2_T1) (43),1478667,43
,,0,2024-01-24T01:04:49.09644135Z,2024-02-23T01:04:49.09644135Z,2024-02-22T08:03:59.952938593Z,1190.4847,docker_cpu_usage_pct,NFCORE_CHIPSEQ:CHIPSEQ:ALIGN_BWA_MEM:BWA_MEM (EZH2_IP_NTKO_REP2_T1) (43),NFCORE_CHIPSEQ:CHIPSEQ:ALIGN_BWA_MEM:BWA_MEM (EZH2_IP_NTKO_REP2_T1) (43),1478667,43
,,0,2024-01-24T01:04:49.09644135Z,2024-02-23T01:04:49.09644135Z,2024-02-22T08:04:01.952594736Z,1187.5325,docker_cpu_usage_pct,NFCORE_CHIPSEQ:CHIPSEQ:ALIGN_BWA_MEM:BWA_MEM (EZH2_IP_NTKO_REP2_T1) (43),NFCORE_CHIPSEQ:CHIPSEQ:ALIGN_BWA_MEM:BWA_MEM (EZH2_IP_NTKO_REP2_T1) (43),1478667,43
,,0,2024-01-24T01:04:49.09644135Z,2024-02-23T01:04:49.09644135Z,2024-02-22T08:04:03.952050705Z,1178.0665,docker_cpu_usage_pct,NFCORE_CHIPSEQ:CHIPSEQ:ALIGN_BWA_MEM:BWA_MEM (EZH2_IP_NTKO_REP2_T1) (43),NFCORE_CHIPSEQ:CHIPSEQ:ALIGN_BWA_MEM:BWA_MEM (EZH2_IP_NTKO_REP2_T1) (43),1478667,43
,,0,2024-01-24T01:04:49.09644135Z,2024-02-23T01:04:49.09644135Z,2024-02-22T08:04:05.952585169Z,1119.9982,docker_cpu_usage_pct,NFCORE_CHIPSEQ:CHIPSEQ:ALIGN_BWA_MEM:BWA_MEM (EZH2_IP_NTKO_REP2_T1) (43),NFCORE_CHIPSEQ:CHIPSEQ:ALIGN_BWA_MEM:BWA_MEM (EZH2_IP_NTKO_REP2_T1) (43),1478667,43
,,0,2024-01-24T01:04:49.09644135Z,2024-02-23T01:04:49.09644135Z,2024-02-22T08:04:07.952200545Z,1436.1805,docker_cpu_usage_pct,NFCORE_CHIPSEQ:CHIPSEQ:ALIGN_BWA_MEM:BWA_MEM (EZH2_IP_NTKO_REP2_T1) (43),NFCORE_CHIPSEQ:CHIPSEQ:ALIGN_BWA_MEM:BWA_MEM (EZH2_IP_NTKO_REP2_T1) (43),1478667,43
,,0,2024-01-24T01:04:49.09644135Z,2024-02-23T01:04:49.09644135Z,2024-02-22T08:04:09.952704311Z,1479.6819,docker_cpu_usage_pct,NFCORE_CHIPSEQ:CHIPSEQ:ALIGN_BWA_MEM:BWA_MEM (EZH2_IP_NTKO_REP2_T1) (43),NFCORE_CHIPSEQ:CHIPSEQ:ALIGN_BWA_MEM:BWA_MEM (EZH2_IP_NTKO_REP2_T1) (43),1478667,43
,,0,2024-01-24T01:04:49.09644135Z,2024-02-23T01:04:49.09644135Z,2024-02-22T08:04:11.952250977Z,1477.1138,docker_cpu_usage_pct,NFCORE_CHIPSEQ:CHIPSEQ:ALIGN_BWA_MEM:BWA_MEM (EZH2_IP_NTKO_REP2_T1) (43),NFCORE_CHIPSEQ:CHIPSEQ:ALIGN_BWA_MEM:BWA_MEM (EZH2_IP_NTKO_REP2_T1) (43),1478667,43
,,0,2024-01-24T01:04:49.09644135Z,2024-02-23T01:04:49.09644135Z,2024-02-22T08:04:13.952832328Z,1277.7672,docker_cpu_usage_pct,NFCORE_CHIPSEQ:CHIPSEQ:ALIGN_BWA_MEM:BWA_MEM (EZH2_IP_NTKO_REP2_T1) (43),NFCORE_CHIPSEQ:CHIPSEQ:ALIGN_BWA_MEM:BWA_MEM (EZH2_IP_NTKO_REP2_T1) (43),1478667,43
,,0,2024-01-24T01:04:49.09644135Z,2024-02-23T01:04:49.09644135Z,2024-02-22T08:04:15.952428819Z,1193.0194,docker_cpu_usage_pct,NFCORE_CHIPSEQ:CHIPSEQ:ALIGN_BWA_MEM:BWA_MEM (EZH2_IP_NTKO_REP2_T1) (43),NFCORE_CHIPSEQ:CHIPSEQ:ALIGN_BWA_MEM:BWA_MEM (EZH2_IP_NTKO_REP2_T1) (43),1478667,43
,,0,2024-01-24T01:04:49.09644135Z,2024-02-23T01:04:49.09644135Z,2024-02-22T08:04:17.952970621Z,1183.8542,docker_cpu_usage_pct,NFCORE_CHIPSEQ:CHIPSEQ:ALIGN_BWA_MEM:BWA_MEM (EZH2_IP_NTKO_REP2_T1) (43),NFCORE_CHIPSEQ:CHIPSEQ:ALIGN_BWA_MEM:BWA_MEM (EZH2_IP_NTKO_REP2_T1) (43),1478667,43
,,0,2024-01-24T01:04:49.09644135Z,2024-02-23T01:04:49.09644135Z,2024-02-22T08:04:19.952557174Z,1179.8729,docker_cpu_usage_pct,NFCORE_CHIPSEQ:CHIPSEQ:ALIGN_BWA_MEM:BWA_MEM (EZH2_IP_NTKO_REP2_T1) (43),NFCORE_CHIPSEQ:CHIPSEQ:ALIGN_BWA_MEM:BWA_MEM (EZH2_IP_NTKO_REP2_T1) (43),1478667,43
,,0,2024-01-24T01:04:49.09644135Z,2024-02-23T01:04:49.09644135Z,2024-02-22T08:04:21.952277362Z,1180.2327,docker_cpu_usage_pct,NFCORE_CHIPSEQ:CHIPSEQ:ALIGN_BWA_MEM:BWA_MEM (EZH2_IP_NTKO_REP2_T1) (43),NFCORE_CHIPSEQ:CHIPSEQ:ALIGN_BWA_MEM:BWA_MEM (EZH2_IP_NTKO_REP2_T1) (43),1478667,43
,,0,2024-01-24T01:04:49.09644135Z,2024-02-23T01:04:49.09644135Z,2024-02-22T08:04:23.952691594Z,1185.3148,docker_cpu_usage_pct,NFCORE_CHIPSEQ:CHIPSEQ:ALIGN_BWA_MEM:BWA_MEM (EZH2_IP_NTKO_REP2_T1) (43),NFCORE_CHIPSEQ:CHIPSEQ:ALIGN_BWA_MEM:BWA_MEM (EZH2_IP_NTKO_REP2_T1) (43),1478667,43
,,0,2024-01-24T01:04:49.09644135Z,2024-02-23T01:04:49.09644135Z,2024-02-22T08:04:25.952443906Z,1190.0706,docker_cpu_usage_pct,NFCORE_CHIPSEQ:CHIPSEQ:ALIGN_BWA_MEM:BWA_MEM (EZH2_IP_NTKO_REP2_T1) (43),NFCORE_CHIPSEQ:CHIPSEQ:ALIGN_BWA_MEM:BWA_MEM (EZH2_IP_NTKO_REP2_T1) (43),1478667,43
,,0,2024-01-24T01:04:49.09644135Z,2024-02-23T01:04:49.09644135Z,2024-02-22T08:04:27.95285125Z,1197.2889,docker_cpu_usage_pct,NFCORE_CHIPSEQ:CHIPSEQ:ALIGN_BWA_MEM:BWA_MEM (EZH2_IP_NTKO_REP2_T1) (43),NFCORE_CHIPSEQ:CHIPSEQ:ALIGN_BWA_MEM:BWA_MEM (EZH2_IP_NTKO_REP2_T1) (43),1478667,43
,,0,2024-01-24T01:04:49.09644135Z,2024-02-23T01:04:49.09644135Z,2024-02-22T08:04:29.952440789Z,1186.0364,docker_cpu_usage_pct,NFCORE_CHIPSEQ:CHIPSEQ:ALIGN_BWA_MEM:BWA_MEM (EZH2_IP_NTKO_REP2_T1) (43),NFCORE_CHIPSEQ:CHIPSEQ:ALIGN_BWA_MEM:BWA_MEM (EZH2_IP_NTKO_REP2_T1) (43),1478667,43
,,0,2024-01-24T01:04:49.09644135Z,2024-02-23T01:04:49.09644135Z,2024-02-22T08:04:31.952868666Z,1192.2675,docker_cpu_usage_pct,NFCORE_CHIPSEQ:CHIPSEQ:ALIGN_BWA_MEM:BWA_MEM (EZH2_IP_NTKO_REP2_T1) (43),NFCORE_CHIPSEQ:CHIPSEQ:ALIGN_BWA_MEM:BWA_MEM (EZH2_IP_NTKO_REP2_T1) (43),1478667,43
,,0,2024-01-24T01:04:49.09644135Z,2024-02-23T01:04:49.09644135Z,2024-02-22T08:04:33.952614823Z,1192.631,docker_cpu_usage_pct,NFCORE_CHIPSEQ:CHIPSEQ:ALIGN_BWA_MEM:BWA_MEM (EZH2_IP_NTKO_REP2_T1) (43),NFCORE_CHIPSEQ:CHIPSEQ:ALIGN_BWA_MEM:BWA_MEM (EZH2_IP_NTKO_REP2_T1) (43),1478667,43
,,0,2024-01-24T01:04:49.09644135Z,2024-02-23T01:04:49.09644135Z,2024-02-22T08:04:35.95297837Z,1194.1237,docker_cpu_usage_pct,NFCORE_CHIPSEQ:CHIPSEQ:ALIGN_BWA_MEM:BWA_MEM (EZH2_IP_NTKO_REP2_T1) (43),NFCORE_CHIPSEQ:CHIPSEQ:ALIGN_BWA_MEM:BWA_MEM (EZH2_IP_NTKO_REP2_T1) (43),1478667,43
,,0,2024-01-24T01:04:49.09644135Z,2024-02-23T01:04:49.09644135Z,2024-02-22T08:04:37.952797662Z,1180.2345,docker_cpu_usage_pct,NFCORE_CHIPSEQ:CHIPSEQ:ALIGN_BWA_MEM:BWA_MEM (EZH2_IP_NTKO_REP2_T1) (43),NFCORE_CHIPSEQ:CHIPSEQ:ALIGN_BWA_MEM:BWA_MEM (EZH2_IP_NTKO_REP2_T1) (43),1478667,43
,,0,2024-01-24T01:04:49.09644135Z,2024-02-23T01:04:49.09644135Z,2024-02-22T08:04:39.952242072Z,1194.8527,docker_cpu_usage_pct,NFCORE_CHIPSEQ:CHIPSEQ:ALIGN_BWA_MEM:BWA_MEM (EZH2_IP_NTKO_REP2_T1) (43),NFCORE_CHIPSEQ:CHIPSEQ:ALIGN_BWA_MEM:BWA_MEM (EZH2_IP_NTKO_REP2_T1) (43),1478667,43
,,0,2024-01-24T01:04:49.09644135Z,2024-02-23T01:04:49.09644135Z,2024-02-22T08:04:41.952665935Z,1176.2517,docker_cpu_usage_pct,NFCORE_CHIPSEQ:CHIPSEQ:ALIGN_BWA_MEM:BWA_MEM (EZH2_IP_NTKO_REP2_T1) (43),NFCORE_CHIPSEQ:CHIPSEQ:ALIGN_BWA_MEM:BWA_MEM (EZH2_IP_NTKO_REP2_T1) (43),1478667,43
,,0,2024-01-24T01:04:49.09644135Z,2024-02-23T01:04:49.09644135Z,2024-02-22T08:04:43.952331505Z,1114.4212,docker_cpu_usage_pct,NFCORE_CHIPSEQ:CHIPSEQ:ALIGN_BWA_MEM:BWA_MEM (EZH2_IP_NTKO_REP2_T1) (43),NFCORE_CHIPSEQ:CHIPSEQ:ALIGN_BWA_MEM:BWA_MEM (EZH2_IP_NTKO_REP2_T1) (43),1478667,43
,,0,2024-01-24T01:04:49.09644135Z,2024-02-23T01:04:49.09644135Z,2024-02-22T08:04:45.952622667Z,1428.9608,docker_cpu_usage_pct,NFCORE_CHIPSEQ:CHIPSEQ:ALIGN_BWA_MEM:BWA_MEM (EZH2_IP_NTKO_REP2_T1) (43),NFCORE_CHIPSEQ:CHIPSEQ:ALIGN_BWA_MEM:BWA_MEM (EZH2_IP_NTKO_REP2_T1) (43),1478667,43
,,0,2024-01-24T01:04:49.09644135Z,2024-02-23T01:04:49.09644135Z,2024-02-22T08:04:47.952207707Z,1438.4516,docker_cpu_usage_pct,NFCORE_CHIPSEQ:CHIPSEQ:ALIGN_BWA_MEM:BWA_MEM (EZH2_IP_NTKO_REP2_T1) (43),NFCORE_CHIPSEQ:CHIPSEQ:ALIGN_BWA_MEM:BWA_MEM (EZH2_IP_NTKO_REP2_T1) (43),1478667,43
,,0,2024-01-24T01:04:49.09644135Z,2024-02-23T01:04:49.09644135Z,2024-02-22T08:04:49.953013697Z,1472.3942,docker_cpu_usage_pct,NFCORE_CHIPSEQ:CHIPSEQ:ALIGN_BWA_MEM:BWA_MEM (EZH2_IP_NTKO_REP2_T1) (43),NFCORE_CHIPSEQ:CHIPSEQ:ALIGN_BWA_MEM:BWA_MEM (EZH2_IP_NTKO_REP2_T1) (43),1478667,43
,,0,2024-01-24T01:04:49.09644135Z,2024-02-23T01:04:49.09644135Z,2024-02-22T08:04:51.952452594Z,1276.2126,docker_cpu_usage_pct,NFCORE_CHIPSEQ:CHIPSEQ:ALIGN_BWA_MEM:BWA_MEM (EZH2_IP_NTKO_REP2_T1) (43),NFCORE_CHIPSEQ:CHIPSEQ:ALIGN_BWA_MEM:BWA_MEM (EZH2_IP_NTKO_REP2_T1) (43),1478667,43
,,0,2024-01-24T01:04:49.09644135Z,2024-02-23T01:04:49.09644135Z,2024-02-22T08:04:53.952892275Z,1212.2016,docker_cpu_usage_pct,NFCORE_CHIPSEQ:CHIPSEQ:ALIGN_BWA_MEM:BWA_MEM (EZH2_IP_NTKO_REP2_T1) (43),NFCORE_CHIPSEQ:CHIPSEQ:ALIGN_BWA_MEM:BWA_MEM (EZH2_IP_NTKO_REP2_T1) (43),1478667,43
,,0,2024-01-24T01:04:49.09644135Z,2024-02-23T01:04:49.09644135Z,2024-02-22T08:04:55.952615834Z,1184.5937,docker_cpu_usage_pct,NFCORE_CHIPSEQ:CHIPSEQ:ALIGN_BWA_MEM:BWA_MEM (EZH2_IP_NTKO_REP2_T1) (43),NFCORE_CHIPSEQ:CHIPSEQ:ALIGN_BWA_MEM:BWA_MEM (EZH2_IP_NTKO_REP2_T1) (43),1478667,43
,,0,2024-01-24T01:04:49.09644135Z,2024-02-23T01:04:49.09644135Z,2024-02-22T08:04:57.952975005Z,1191.3163,docker_cpu_usage_pct,NFCORE_CHIPSEQ:CHIPSEQ:ALIGN_BWA_MEM:BWA_MEM (EZH2_IP_NTKO_REP2_T1) (43),NFCORE_CHIPSEQ:CHIPSEQ:ALIGN_BWA_MEM:BWA_MEM (EZH2_IP_NTKO_REP2_T1) (43),1478667,43
,,0,2024-01-24T01:04:49.09644135Z,2024-02-23T01:04:49.09644135Z,2024-02-22T08:04:59.952763648Z,1182.0361,docker_cpu_usage_pct,NFCORE_CHIPSEQ:CHIPSEQ:ALIGN_BWA_MEM:BWA_MEM (EZH2_IP_NTKO_REP2_T1) (43),NFCORE_CHIPSEQ:CHIPSEQ:ALIGN_BWA_MEM:BWA_MEM (EZH2_IP_NTKO_REP2_T1) (43),1478667,43
,,0,2024-01-24T01:04:49.09644135Z,2024-02-23T01:04:49.09644135Z,2024-02-22T08:05:01.952342036Z,1179.8639,docker_cpu_usage_pct,NFCORE_CHIPSEQ:CHIPSEQ:ALIGN_BWA_MEM:BWA_MEM (EZH2_IP_NTKO_REP2_T1) (43),NFCORE_CHIPSEQ:CHIPSEQ:ALIGN_BWA_MEM:BWA_MEM (EZH2_IP_NTKO_REP2_T1) (43),1478667,43
,,0,2024-01-24T01:04:49.09644135Z,2024-02-23T01:04:49.09644135Z,2024-02-22T08:05:03.952654049Z,1175.8925,docker_cpu_usage_pct,NFCORE_CHIPSEQ:CHIPSEQ:ALIGN_BWA_MEM:BWA_MEM (EZH2_IP_NTKO_REP2_T1) (43),NFCORE_CHIPSEQ:CHIPSEQ:ALIGN_BWA_MEM:BWA_MEM (EZH2_IP_NTKO_REP2_T1) (43),1478667,43
,,0,2024-01-24T01:04:49.09644135Z,2024-02-23T01:04:49.09644135Z,2024-02-22T08:05:05.952354083Z,1177.696,docker_cpu_usage_pct,NFCORE_CHIPSEQ:CHIPSEQ:ALIGN_BWA_MEM:BWA_MEM (EZH2_IP_NTKO_REP2_T1) (43),NFCORE_CHIPSEQ:CHIPSEQ:ALIGN_BWA_MEM:BWA_MEM (EZH2_IP_NTKO_REP2_T1) (43),1478667,43
,,0,2024-01-24T01:04:49.09644135Z,2024-02-23T01:04:49.09644135Z,2024-02-22T08:05:07.95306384Z,1172.6254,docker_cpu_usage_pct,NFCORE_CHIPSEQ:CHIPSEQ:ALIGN_BWA_MEM:BWA_MEM (EZH2_IP_NTKO_REP2_T1) (43),NFCORE_CHIPSEQ:CHIPSEQ:ALIGN_BWA_MEM:BWA_MEM (EZH2_IP_NTKO_REP2_T1) (43),1478667,43
,,0,2024-01-24T01:04:49.09644135Z,2024-02-23T01:04:49.09644135Z,2024-02-22T08:05:09.952632143Z,1174.0827,docker_cpu_usage_pct,NFCORE_CHIPSEQ:CHIPSEQ:ALIGN_BWA_MEM:BWA_MEM (EZH2_IP_NTKO_REP2_T1) (43),NFCORE_CHIPSEQ:CHIPSEQ:ALIGN_BWA_MEM:BWA_MEM (EZH2_IP_NTKO_REP2_T1) (43),1478667,43
,,0,2024-01-24T01:04:49.09644135Z,2024-02-23T01:04:49.09644135Z,2024-02-22T08:05:11.953227049Z,1191.1803,docker_cpu_usage_pct,NFCORE_CHIPSEQ:CHIPSEQ:ALIGN_BWA_MEM:BWA_MEM (EZH2_IP_NTKO_REP2_T1) (43),NFCORE_CHIPSEQ:CHIPSEQ:ALIGN_BWA_MEM:BWA_MEM (EZH2_IP_NTKO_REP2_T1) (43),1478667,43
,,0,2024-01-24T01:04:49.09644135Z,2024-02-23T01:04:49.09644135Z,2024-02-22T08:05:13.952638418Z,1179.5291,docker_cpu_usage_pct,NFCORE_CHIPSEQ:CHIPSEQ:ALIGN_BWA_MEM:BWA_MEM (EZH2_IP_NTKO_REP2_T1) (43),NFCORE_CHIPSEQ:CHIPSEQ:ALIGN_BWA_MEM:BWA_MEM (EZH2_IP_NTKO_REP2_T1) (43),1478667,43
,,0,2024-01-24T01:04:49.09644135Z,2024-02-23T01:04:49.09644135Z,2024-02-22T08:05:15.952371499Z,1175.5187,docker_cpu_usage_pct,NFCORE_CHIPSEQ:CHIPSEQ:ALIGN_BWA_MEM:BWA_MEM (EZH2_IP_NTKO_REP2_T1) (43),NFCORE_CHIPSEQ:CHIPSEQ:ALIGN_BWA_MEM:BWA_MEM (EZH2_IP_NTKO_REP2_T1) (43),1478667,43
,,0,2024-01-24T01:04:49.09644135Z,2024-02-23T01:04:49.09644135Z,2024-02-22T08:05:17.952757752Z,1175.5263,docker_cpu_usage_pct,NFCORE_CHIPSEQ:CHIPSEQ:ALIGN_BWA_MEM:BWA_MEM (EZH2_IP_NTKO_REP2_T1) (43),NFCORE_CHIPSEQ:CHIPSEQ:ALIGN_BWA_MEM:BWA_MEM (EZH2_IP_NTKO_REP2_T1) (43),1478667,43
,,0,2024-01-24T01:04:49.09644135Z,2024-02-23T01:04:49.09644135Z,2024-02-22T08:05:19.952523066Z,1178.7868,docker_cpu_usage_pct,NFCORE_CHIPSEQ:CHIPSEQ:ALIGN_BWA_MEM:BWA_MEM (EZH2_IP_NTKO_REP2_T1) (43),NFCORE_CHIPSEQ:CHIPSEQ:ALIGN_BWA_MEM:BWA_MEM (EZH2_IP_NTKO_REP2_T1) (43),1478667,43
,,0,2024-01-24T01:04:49.09644135Z,2024-02-23T01:04:49.09644135Z,2024-02-22T08:05:21.953026805Z,1146.6909,docker_cpu_usage_pct,NFCORE_CHIPSEQ:CHIPSEQ:ALIGN_BWA_MEM:BWA_MEM (EZH2_IP_NTKO_REP2_T1) (43),NFCORE_CHIPSEQ:CHIPSEQ:ALIGN_BWA_MEM:BWA_MEM (EZH2_IP_NTKO_REP2_T1) (43),1478667,43
,,0,2024-01-24T01:04:49.09644135Z,2024-02-23T01:04:49.09644135Z,2024-02-22T08:05:23.952514513Z,1412.1285,docker_cpu_usage_pct,NFCORE_CHIPSEQ:CHIPSEQ:ALIGN_BWA_MEM:BWA_MEM (EZH2_IP_NTKO_REP2_T1) (43),NFCORE_CHIPSEQ:CHIPSEQ:ALIGN_BWA_MEM:BWA_MEM (EZH2_IP_NTKO_REP2_T1) (43),1478667,43
,,0,2024-01-24T01:04:49.09644135Z,2024-02-23T01:04:49.09644135Z,2024-02-22T08:05:25.953113707Z,1458.3472,docker_cpu_usage_pct,NFCORE_CHIPSEQ:CHIPSEQ:ALIGN_BWA_MEM:BWA_MEM (EZH2_IP_NTKO_REP2_T1) (43),NFCORE_CHIPSEQ:CHIPSEQ:ALIGN_BWA_MEM:BWA_MEM (EZH2_IP_NTKO_REP2_T1) (43),1478667,43
,,0,2024-01-24T01:04:49.09644135Z,2024-02-23T01:04:49.09644135Z,2024-02-22T08:05:27.952570845Z,1501.5572,docker_cpu_usage_pct,NFCORE_CHIPSEQ:CHIPSEQ:ALIGN_BWA_MEM:BWA_MEM (EZH2_IP_NTKO_REP2_T1) (43),NFCORE_CHIPSEQ:CHIPSEQ:ALIGN_BWA_MEM:BWA_MEM (EZH2_IP_NTKO_REP2_T1) (43),1478667,43
,,0,2024-01-24T01:04:49.09644135Z,2024-02-23T01:04:49.09644135Z,2024-02-22T08:05:29.953180202Z,1298.813,docker_cpu_usage_pct,NFCORE_CHIPSEQ:CHIPSEQ:ALIGN_BWA_MEM:BWA_MEM (EZH2_IP_NTKO_REP2_T1) (43),NFCORE_CHIPSEQ:CHIPSEQ:ALIGN_BWA_MEM:BWA_MEM (EZH2_IP_NTKO_REP2_T1) (43),1478667,43
,,0,2024-01-24T01:04:49.09644135Z,2024-02-23T01:04:49.09644135Z,2024-02-22T08:05:31.952816959Z,1191.1342,docker_cpu_usage_pct,NFCORE_CHIPSEQ:CHIPSEQ:ALIGN_BWA_MEM:BWA_MEM (EZH2_IP_NTKO_REP2_T1) (43),NFCORE_CHIPSEQ:CHIPSEQ:ALIGN_BWA_MEM:BWA_MEM (EZH2_IP_NTKO_REP2_T1) (43),1478667,43
,,0,2024-01-24T01:04:49.09644135Z,2024-02-23T01:04:49.09644135Z,2024-02-22T08:05:33.952315012Z,1197.15,docker_cpu_usage_pct,NFCORE_CHIPSEQ:CHIPSEQ:ALIGN_BWA_MEM:BWA_MEM (EZH2_IP_NTKO_REP2_T1) (43),NFCORE_CHIPSEQ:CHIPSEQ:ALIGN_BWA_MEM:BWA_MEM (EZH2_IP_NTKO_REP2_T1) (43),1478667,43
,,0,2024-01-24T01:04:49.09644135Z,2024-02-23T01:04:49.09644135Z,2024-02-22T08:05:35.952878011Z,1199.0162,docker_cpu_usage_pct,NFCORE_CHIPSEQ:CHIPSEQ:ALIGN_BWA_MEM:BWA_MEM (EZH2_IP_NTKO_REP2_T1) (43),NFCORE_CHIPSEQ:CHIPSEQ:ALIGN_BWA_MEM:BWA_MEM (EZH2_IP_NTKO_REP2_T1) (43),1478667,43
,,0,2024-01-24T01:04:49.09644135Z,2024-02-23T01:04:49.09644135Z,2024-02-22T08:05:37.952470519Z,1199.037,docker_cpu_usage_pct,NFCORE_CHIPSEQ:CHIPSEQ:ALIGN_BWA_MEM:BWA_MEM (EZH2_IP_NTKO_REP2_T1) (43),NFCORE_CHIPSEQ:CHIPSEQ:ALIGN_BWA_MEM:BWA_MEM (EZH2_IP_NTKO_REP2_T1) (43),1478667,43
,,0,2024-01-24T01:04:49.09644135Z,2024-02-23T01:04:49.09644135Z,2024-02-22T08:05:39.95302465Z,1198.6497,docker_cpu_usage_pct,NFCORE_CHIPSEQ:CHIPSEQ:ALIGN_BWA_MEM:BWA_MEM (EZH2_IP_NTKO_REP2_T1) (43),NFCORE_CHIPSEQ:CHIPSEQ:ALIGN_BWA_MEM:BWA_MEM (EZH2_IP_NTKO_REP2_T1) (43),1478667,43
,,0,2024-01-24T01:04:49.09644135Z,2024-02-23T01:04:49.09644135Z,2024-02-22T08:05:41.952653061Z,1187.1583,docker_cpu_usage_pct,NFCORE_CHIPSEQ:CHIPSEQ:ALIGN_BWA_MEM:BWA_MEM (EZH2_IP_NTKO_REP2_T1) (43),NFCORE_CHIPSEQ:CHIPSEQ:ALIGN_BWA_MEM:BWA_MEM (EZH2_IP_NTKO_REP2_T1) (43),1478667,43
,,0,2024-01-24T01:04:49.09644135Z,2024-02-23T01:04:49.09644135Z,2024-02-22T08:05:43.953201704Z,1181.3072,docker_cpu_usage_pct,NFCORE_CHIPSEQ:CHIPSEQ:ALIGN_BWA_MEM:BWA_MEM (EZH2_IP_NTKO_REP2_T1) (43),NFCORE_CHIPSEQ:CHIPSEQ:ALIGN_BWA_MEM:BWA_MEM (EZH2_IP_NTKO_REP2_T1) (43),1478667,43
,,0,2024-01-24T01:04:49.09644135Z,2024-02-23T01:04:49.09644135Z,2024-02-22T08:05:45.952787536Z,1192.6455,docker_cpu_usage_pct,NFCORE_CHIPSEQ:CHIPSEQ:ALIGN_BWA_MEM:BWA_MEM (EZH2_IP_NTKO_REP2_T1) (43),NFCORE_CHIPSEQ:CHIPSEQ:ALIGN_BWA_MEM:BWA_MEM (EZH2_IP_NTKO_REP2_T1) (43),1478667,43
,,0,2024-01-24T01:04:49.09644135Z,2024-02-23T01:04:49.09644135Z,2024-02-22T08:05:47.952569466Z,1190.0694,docker_cpu_usage_pct,NFCORE_CHIPSEQ:CHIPSEQ:ALIGN_BWA_MEM:BWA_MEM (EZH2_IP_NTKO_REP2_T1) (43),NFCORE_CHIPSEQ:CHIPSEQ:ALIGN_BWA_MEM:BWA_MEM (EZH2_IP_NTKO_REP2_T1) (43),1478667,43
,,0,2024-01-24T01:04:49.09644135Z,2024-02-23T01:04:49.09644135Z,2024-02-22T08:05:49.953163813Z,1194.8538,docker_cpu_usage_pct,NFCORE_CHIPSEQ:CHIPSEQ:ALIGN_BWA_MEM:BWA_MEM (EZH2_IP_NTKO_REP2_T1) (43),NFCORE_CHIPSEQ:CHIPSEQ:ALIGN_BWA_MEM:BWA_MEM (EZH2_IP_NTKO_REP2_T1) (43),1478667,43
,,0,2024-01-24T01:04:49.09644135Z,2024-02-23T01:04:49.09644135Z,2024-02-22T08:05:51.952575543Z,1188.2201,docker_cpu_usage_pct,NFCORE_CHIPSEQ:CHIPSEQ:ALIGN_BWA_MEM:BWA_MEM (EZH2_IP_NTKO_REP2_T1) (43),NFCORE_CHIPSEQ:CHIPSEQ:ALIGN_BWA_MEM:BWA_MEM (EZH2_IP_NTKO_REP2_T1) (43),1478667,43
,,0,2024-01-24T01:04:49.09644135Z,2024-02-23T01:04:49.09644135Z,2024-02-22T08:05:53.95311275Z,1187.1629,docker_cpu_usage_pct,NFCORE_CHIPSEQ:CHIPSEQ:ALIGN_BWA_MEM:BWA_MEM (EZH2_IP_NTKO_REP2_T1) (43),NFCORE_CHIPSEQ:CHIPSEQ:ALIGN_BWA_MEM:BWA_MEM (EZH2_IP_NTKO_REP2_T1) (43),1478667,43
,,0,2024-01-24T01:04:49.09644135Z,2024-02-23T01:04:49.09644135Z,2024-02-22T08:05:55.952614845Z,1190.4598,docker_cpu_usage_pct,NFCORE_CHIPSEQ:CHIPSEQ:ALIGN_BWA_MEM:BWA_MEM (EZH2_IP_NTKO_REP2_T1) (43),NFCORE_CHIPSEQ:CHIPSEQ:ALIGN_BWA_MEM:BWA_MEM (EZH2_IP_NTKO_REP2_T1) (43),1478667,43
,,0,2024-01-24T01:04:49.09644135Z,2024-02-23T01:04:49.09644135Z,2024-02-22T08:05:57.952081911Z,1194.6637,docker_cpu_usage_pct,NFCORE_CHIPSEQ:CHIPSEQ:ALIGN_BWA_MEM:BWA_MEM (EZH2_IP_NTKO_REP2_T1) (43),NFCORE_CHIPSEQ:CHIPSEQ:ALIGN_BWA_MEM:BWA_MEM (EZH2_IP_NTKO_REP2_T1) (43),1478667,43
,,0,2024-01-24T01:04:49.09644135Z,2024-02-23T01:04:49.09644135Z,2024-02-22T08:05:59.952921271Z,1156.5494,docker_cpu_usage_pct,NFCORE_CHIPSEQ:CHIPSEQ:ALIGN_BWA_MEM:BWA_MEM (EZH2_IP_NTKO_REP2_T1) (43),NFCORE_CHIPSEQ:CHIPSEQ:ALIGN_BWA_MEM:BWA_MEM (EZH2_IP_NTKO_REP2_T1) (43),1478667,43
,,0,2024-01-24T01:04:49.09644135Z,2024-02-23T01:04:49.09644135Z,2024-02-22T08:06:01.952183311Z,1338.2099,docker_cpu_usage_pct,NFCORE_CHIPSEQ:CHIPSEQ:ALIGN_BWA_MEM:BWA_MEM (EZH2_IP_NTKO_REP2_T1) (43),NFCORE_CHIPSEQ:CHIPSEQ:ALIGN_BWA_MEM:BWA_MEM (EZH2_IP_NTKO_REP2_T1) (43),1478667,43
,,0,2024-01-24T01:04:49.09644135Z,2024-02-23T01:04:49.09644135Z,2024-02-22T08:06:03.952711544Z,1448.8972,docker_cpu_usage_pct,NFCORE_CHIPSEQ:CHIPSEQ:ALIGN_BWA_MEM:BWA_MEM (EZH2_IP_NTKO_REP2_T1) (43),NFCORE_CHIPSEQ:CHIPSEQ:ALIGN_BWA_MEM:BWA_MEM (EZH2_IP_NTKO_REP2_T1) (43),1478667,43
,,0,2024-01-24T01:04:49.09644135Z,2024-02-23T01:04:49.09644135Z,2024-02-22T08:06:05.952371399Z,1496.7378,docker_cpu_usage_pct,NFCORE_CHIPSEQ:CHIPSEQ:ALIGN_BWA_MEM:BWA_MEM (EZH2_IP_NTKO_REP2_T1) (43),NFCORE_CHIPSEQ:CHIPSEQ:ALIGN_BWA_MEM:BWA_MEM (EZH2_IP_NTKO_REP2_T1) (43),1478667,43
,,0,2024-01-24T01:04:49.09644135Z,2024-02-23T01:04:49.09644135Z,2024-02-22T08:06:07.952895353Z,1280.1068,docker_cpu_usage_pct,NFCORE_CHIPSEQ:CHIPSEQ:ALIGN_BWA_MEM:BWA_MEM (EZH2_IP_NTKO_REP2_T1) (43),NFCORE_CHIPSEQ:CHIPSEQ:ALIGN_BWA_MEM:BWA_MEM (EZH2_IP_NTKO_REP2_T1) (43),1478667,43
,,0,2024-01-24T01:04:49.09644135Z,2024-02-23T01:04:49.09644135Z,2024-02-22T08:06:09.952628843Z,1231.1104,docker_cpu_usage_pct,NFCORE_CHIPSEQ:CHIPSEQ:ALIGN_BWA_MEM:BWA_MEM (EZH2_IP_NTKO_REP2_T1) (43),NFCORE_CHIPSEQ:CHIPSEQ:ALIGN_BWA_MEM:BWA_MEM (EZH2_IP_NTKO_REP2_T1) (43),1478667,43
,,0,2024-01-24T01:04:49.09644135Z,2024-02-23T01:04:49.09644135Z,2024-02-22T08:06:11.953159739Z,1182.4087,docker_cpu_usage_pct,NFCORE_CHIPSEQ:CHIPSEQ:ALIGN_BWA_MEM:BWA_MEM (EZH2_IP_NTKO_REP2_T1) (43),NFCORE_CHIPSEQ:CHIPSEQ:ALIGN_BWA_MEM:BWA_MEM (EZH2_IP_NTKO_REP2_T1) (43),1478667,43
,,0,2024-01-24T01:04:49.09644135Z,2024-02-23T01:04:49.09644135Z,2024-02-22T08:06:13.952584561Z,1183.836,docker_cpu_usage_pct,NFCORE_CHIPSEQ:CHIPSEQ:ALIGN_BWA_MEM:BWA_MEM (EZH2_IP_NTKO_REP2_T1) (43),NFCORE_CHIPSEQ:CHIPSEQ:ALIGN_BWA_MEM:BWA_MEM (EZH2_IP_NTKO_REP2_T1) (43),1478667,43
,,0,2024-01-24T01:04:49.09644135Z,2024-02-23T01:04:49.09644135Z,2024-02-22T08:06:15.952110837Z,1182.3926,docker_cpu_usage_pct,NFCORE_CHIPSEQ:CHIPSEQ:ALIGN_BWA_MEM:BWA_MEM (EZH2_IP_NTKO_REP2_T1) (43),NFCORE_CHIPSEQ:CHIPSEQ:ALIGN_BWA_MEM:BWA_MEM (EZH2_IP_NTKO_REP2_T1) (43),1478667,43
,,0,2024-01-24T01:04:49.09644135Z,2024-02-23T01:04:49.09644135Z,2024-02-22T08:06:17.952678918Z,1178.3934,docker_cpu_usage_pct,NFCORE_CHIPSEQ:CHIPSEQ:ALIGN_BWA_MEM:BWA_MEM (EZH2_IP_NTKO_REP2_T1) (43),NFCORE_CHIPSEQ:CHIPSEQ:ALIGN_BWA_MEM:BWA_MEM (EZH2_IP_NTKO_REP2_T1) (43),1478667,43
,,0,2024-01-24T01:04:49.09644135Z,2024-02-23T01:04:49.09644135Z,2024-02-22T08:06:19.952474134Z,1183.5007,docker_cpu_usage_pct,NFCORE_CHIPSEQ:CHIPSEQ:ALIGN_BWA_MEM:BWA_MEM (EZH2_IP_NTKO_REP2_T1) (43),NFCORE_CHIPSEQ:CHIPSEQ:ALIGN_BWA_MEM:BWA_MEM (EZH2_IP_NTKO_REP2_T1) (43),1478667,43
,,0,2024-01-24T01:04:49.09644135Z,2024-02-23T01:04:49.09644135Z,2024-02-22T08:06:21.953105869Z,1179.872,docker_cpu_usage_pct,NFCORE_CHIPSEQ:CHIPSEQ:ALIGN_BWA_MEM:BWA_MEM (EZH2_IP_NTKO_REP2_T1) (43),NFCORE_CHIPSEQ:CHIPSEQ:ALIGN_BWA_MEM:BWA_MEM (EZH2_IP_NTKO_REP2_T1) (43),1478667,43
,,0,2024-01-24T01:04:49.09644135Z,2024-02-23T01:04:49.09644135Z,2024-02-22T08:06:23.95266902Z,1182.0518,docker_cpu_usage_pct,NFCORE_CHIPSEQ:CHIPSEQ:ALIGN_BWA_MEM:BWA_MEM (EZH2_IP_NTKO_REP2_T1) (43),NFCORE_CHIPSEQ:CHIPSEQ:ALIGN_BWA_MEM:BWA_MEM (EZH2_IP_NTKO_REP2_T1) (43),1478667,43
,,0,2024-01-24T01:04:49.09644135Z,2024-02-23T01:04:49.09644135Z,2024-02-22T08:06:25.953022898Z,1173.3774,docker_cpu_usage_pct,NFCORE_CHIPSEQ:CHIPSEQ:ALIGN_BWA_MEM:BWA_MEM (EZH2_IP_NTKO_REP2_T1) (43),NFCORE_CHIPSEQ:CHIPSEQ:ALIGN_BWA_MEM:BWA_MEM (EZH2_IP_NTKO_REP2_T1) (43),1478667,43
,,0,2024-01-24T01:04:49.09644135Z,2024-02-23T01:04:49.09644135Z,2024-02-22T08:06:27.95255792Z,1209.0367,docker_cpu_usage_pct,NFCORE_CHIPSEQ:CHIPSEQ:ALIGN_BWA_MEM:BWA_MEM (EZH2_IP_NTKO_REP2_T1) (43),NFCORE_CHIPSEQ:CHIPSEQ:ALIGN_BWA_MEM:BWA_MEM (EZH2_IP_NTKO_REP2_T1) (43),1478667,43
,,0,2024-01-24T01:04:49.09644135Z,2024-02-23T01:04:49.09644135Z,2024-02-22T08:06:29.952185416Z,1197.1428,docker_cpu_usage_pct,NFCORE_CHIPSEQ:CHIPSEQ:ALIGN_BWA_MEM:BWA_MEM (EZH2_IP_NTKO_REP2_T1) (43),NFCORE_CHIPSEQ:CHIPSEQ:ALIGN_BWA_MEM:BWA_MEM (EZH2_IP_NTKO_REP2_T1) (43),1478667,43
,,0,2024-01-24T01:04:49.09644135Z,2024-02-23T01:04:49.09644135Z,2024-02-22T08:06:31.952733073Z,1196.0228,docker_cpu_usage_pct,NFCORE_CHIPSEQ:CHIPSEQ:ALIGN_BWA_MEM:BWA_MEM (EZH2_IP_NTKO_REP2_T1) (43),NFCORE_CHIPSEQ:CHIPSEQ:ALIGN_BWA_MEM:BWA_MEM (EZH2_IP_NTKO_REP2_T1) (43),1478667,43
,,0,2024-01-24T01:04:49.09644135Z,2024-02-23T01:04:49.09644135Z,2024-02-22T08:06:33.952342941Z,1188.9674,docker_cpu_usage_pct,NFCORE_CHIPSEQ:CHIPSEQ:ALIGN_BWA_MEM:BWA_MEM (EZH2_IP_NTKO_REP2_T1) (43),NFCORE_CHIPSEQ:CHIPSEQ:ALIGN_BWA_MEM:BWA_MEM (EZH2_IP_NTKO_REP2_T1) (43),1478667,43
,,0,2024-01-24T01:04:49.09644135Z,2024-02-23T01:04:49.09644135Z,2024-02-22T08:06:35.952815947Z,1183.116,docker_cpu_usage_pct,NFCORE_CHIPSEQ:CHIPSEQ:ALIGN_BWA_MEM:BWA_MEM (EZH2_IP_NTKO_REP2_T1) (43),NFCORE_CHIPSEQ:CHIPSEQ:ALIGN_BWA_MEM:BWA_MEM (EZH2_IP_NTKO_REP2_T1) (43),1478667,43
,,0,2024-01-24T01:04:49.09644135Z,2024-02-23T01:04:49.09644135Z,2024-02-22T08:06:37.952235581Z,1179.0799,docker_cpu_usage_pct,NFCORE_CHIPSEQ:CHIPSEQ:ALIGN_BWA_MEM:BWA_MEM (EZH2_IP_NTKO_REP2_T1) (43),NFCORE_CHIPSEQ:CHIPSEQ:ALIGN_BWA_MEM:BWA_MEM (EZH2_IP_NTKO_REP2_T1) (43),1478667,43
,,0,2024-01-24T01:04:49.09644135Z,2024-02-23T01:04:49.09644135Z,2024-02-22T08:06:39.952815663Z,1174.7881,docker_cpu_usage_pct,NFCORE_CHIPSEQ:CHIPSEQ:ALIGN_BWA_MEM:BWA_MEM (EZH2_IP_NTKO_REP2_T1) (43),NFCORE_CHIPSEQ:CHIPSEQ:ALIGN_BWA_MEM:BWA_MEM (EZH2_IP_NTKO_REP2_T1) (43),1478667,43
,,0,2024-01-24T01:04:49.09644135Z,2024-02-23T01:04:49.09644135Z,2024-02-22T08:06:41.952361612Z,1433.7447,docker_cpu_usage_pct,NFCORE_CHIPSEQ:CHIPSEQ:ALIGN_BWA_MEM:BWA_MEM (EZH2_IP_NTKO_REP2_T1) (43),NFCORE_CHIPSEQ:CHIPSEQ:ALIGN_BWA_MEM:BWA_MEM (EZH2_IP_NTKO_REP2_T1) (43),1478667,43
,,0,2024-01-24T01:04:49.09644135Z,2024-02-23T01:04:49.09644135Z,2024-02-22T08:06:43.953056909Z,1478.5282,docker_cpu_usage_pct,NFCORE_CHIPSEQ:CHIPSEQ:ALIGN_BWA_MEM:BWA_MEM (EZH2_IP_NTKO_REP2_T1) (43),NFCORE_CHIPSEQ:CHIPSEQ:ALIGN_BWA_MEM:BWA_MEM (EZH2_IP_NTKO_REP2_T1) (43),1478667,43
,,0,2024-01-24T01:04:49.09644135Z,2024-02-23T01:04:49.09644135Z,2024-02-22T08:06:45.952427095Z,1299.3261,docker_cpu_usage_pct,NFCORE_CHIPSEQ:CHIPSEQ:ALIGN_BWA_MEM:BWA_MEM (EZH2_IP_NTKO_REP2_T1) (43),NFCORE_CHIPSEQ:CHIPSEQ:ALIGN_BWA_MEM:BWA_MEM (EZH2_IP_NTKO_REP2_T1) (43),1478667,43
,,0,2024-01-24T01:04:49.09644135Z,2024-02-23T01:04:49.09644135Z,2024-02-22T08:06:47.953148775Z,1259.7886,docker_cpu_usage_pct,NFCORE_CHIPSEQ:CHIPSEQ:ALIGN_BWA_MEM:BWA_MEM (EZH2_IP_NTKO_REP2_T1) (43),NFCORE_CHIPSEQ:CHIPSEQ:ALIGN_BWA_MEM:BWA_MEM (EZH2_IP_NTKO_REP2_T1) (43),1478667,43
,,0,2024-01-24T01:04:49.09644135Z,2024-02-23T01:04:49.09644135Z,2024-02-22T08:06:49.95276824Z,1192.6996,docker_cpu_usage_pct,NFCORE_CHIPSEQ:CHIPSEQ:ALIGN_BWA_MEM:BWA_MEM (EZH2_IP_NTKO_REP2_T1) (43),NFCORE_CHIPSEQ:CHIPSEQ:ALIGN_BWA_MEM:BWA_MEM (EZH2_IP_NTKO_REP2_T1) (43),1478667,43
,,0,2024-01-24T01:04:49.09644135Z,2024-02-23T01:04:49.09644135Z,2024-02-22T08:06:51.952086997Z,1173.0149,docker_cpu_usage_pct,NFCORE_CHIPSEQ:CHIPSEQ:ALIGN_BWA_MEM:BWA_MEM (EZH2_IP_NTKO_REP2_T1) (43),NFCORE_CHIPSEQ:CHIPSEQ:ALIGN_BWA_MEM:BWA_MEM (EZH2_IP_NTKO_REP2_T1) (43),1478667,43
,,0,2024-01-24T01:04:49.09644135Z,2024-02-23T01:04:49.09644135Z,2024-02-22T08:06:53.952846382Z,1184.129,docker_cpu_usage_pct,NFCORE_CHIPSEQ:CHIPSEQ:ALIGN_BWA_MEM:BWA_MEM (EZH2_IP_NTKO_REP2_T1) (43),NFCORE_CHIPSEQ:CHIPSEQ:ALIGN_BWA_MEM:BWA_MEM (EZH2_IP_NTKO_REP2_T1) (43),1478667,43
,,0,2024-01-24T01:04:49.09644135Z,2024-02-23T01:04:49.09644135Z,2024-02-22T08:06:55.952093688Z,1177.6851,docker_cpu_usage_pct,NFCORE_CHIPSEQ:CHIPSEQ:ALIGN_BWA_MEM:BWA_MEM (EZH2_IP_NTKO_REP2_T1) (43),NFCORE_CHIPSEQ:CHIPSEQ:ALIGN_BWA_MEM:BWA_MEM (EZH2_IP_NTKO_REP2_T1) (43),1478667,43
,,0,2024-01-24T01:04:49.09644135Z,2024-02-23T01:04:49.09644135Z,2024-02-22T08:06:57.952811193Z,1206.8042,docker_cpu_usage_pct,NFCORE_CHIPSEQ:CHIPSEQ:ALIGN_BWA_MEM:BWA_MEM (EZH2_IP_NTKO_REP2_T1) (43),NFCORE_CHIPSEQ:CHIPSEQ:ALIGN_BWA_MEM:BWA_MEM (EZH2_IP_NTKO_REP2_T1) (43),1478667,43
,,0,2024-01-24T01:04:49.09644135Z,2024-02-23T01:04:49.09644135Z,2024-02-22T08:06:59.952628779Z,1199.0212,docker_cpu_usage_pct,NFCORE_CHIPSEQ:CHIPSEQ:ALIGN_BWA_MEM:BWA_MEM (EZH2_IP_NTKO_REP2_T1) (43),NFCORE_CHIPSEQ:CHIPSEQ:ALIGN_BWA_MEM:BWA_MEM (EZH2_IP_NTKO_REP2_T1) (43),1478667,43
,,0,2024-01-24T01:04:49.09644135Z,2024-02-23T01:04:49.09644135Z,2024-02-22T08:07:01.953000624Z,1183.8595,docker_cpu_usage_pct,NFCORE_CHIPSEQ:CHIPSEQ:ALIGN_BWA_MEM:BWA_MEM (EZH2_IP_NTKO_REP2_T1) (43),NFCORE_CHIPSEQ:CHIPSEQ:ALIGN_BWA_MEM:BWA_MEM (EZH2_IP_NTKO_REP2_T1) (43),1478667,43
,,0,2024-01-24T01:04:49.09644135Z,2024-02-23T01:04:49.09644135Z,2024-02-22T08:07:03.952521043Z,1184.2218,docker_cpu_usage_pct,NFCORE_CHIPSEQ:CHIPSEQ:ALIGN_BWA_MEM:BWA_MEM (EZH2_IP_NTKO_REP2_T1) (43),NFCORE_CHIPSEQ:CHIPSEQ:ALIGN_BWA_MEM:BWA_MEM (EZH2_IP_NTKO_REP2_T1) (43),1478667,43
,,0,2024-01-24T01:04:49.09644135Z,2024-02-23T01:04:49.09644135Z,2024-02-22T08:07:05.952190458Z,1182.7461,docker_cpu_usage_pct,NFCORE_CHIPSEQ:CHIPSEQ:ALIGN_BWA_MEM:BWA_MEM (EZH2_IP_NTKO_REP2_T1) (43),NFCORE_CHIPSEQ:CHIPSEQ:ALIGN_BWA_MEM:BWA_MEM (EZH2_IP_NTKO_REP2_T1) (43),1478667,43
,,0,2024-01-24T01:04:49.09644135Z,2024-02-23T01:04:49.09644135Z,2024-02-22T08:07:07.952812184Z,1180.2221,docker_cpu_usage_pct,NFCORE_CHIPSEQ:CHIPSEQ:ALIGN_BWA_MEM:BWA_MEM (EZH2_IP_NTKO_REP2_T1) (43),NFCORE_CHIPSEQ:CHIPSEQ:ALIGN_BWA_MEM:BWA_MEM (EZH2_IP_NTKO_REP2_T1) (43),1478667,43
,,0,2024-01-24T01:04:49.09644135Z,2024-02-23T01:04:49.09644135Z,2024-02-22T08:07:09.952385758Z,1201.9066,docker_cpu_usage_pct,NFCORE_CHIPSEQ:CHIPSEQ:ALIGN_BWA_MEM:BWA_MEM (EZH2_IP_NTKO_REP2_T1) (43),NFCORE_CHIPSEQ:CHIPSEQ:ALIGN_BWA_MEM:BWA_MEM (EZH2_IP_NTKO_REP2_T1) (43),1478667,43
,,0,2024-01-24T01:04:49.09644135Z,2024-02-23T01:04:49.09644135Z,2024-02-22T08:07:11.952989745Z,1179.1357,docker_cpu_usage_pct,NFCORE_CHIPSEQ:CHIPSEQ:ALIGN_BWA_MEM:BWA_MEM (EZH2_IP_NTKO_REP2_T1) (43),NFCORE_CHIPSEQ:CHIPSEQ:ALIGN_BWA_MEM:BWA_MEM (EZH2_IP_NTKO_REP2_T1) (43),1478667,43
,,0,2024-01-24T01:04:49.09644135Z,2024-02-23T01:04:49.09644135Z,2024-02-22T08:07:13.952399944Z,1175.531,docker_cpu_usage_pct,NFCORE_CHIPSEQ:CHIPSEQ:ALIGN_BWA_MEM:BWA_MEM (EZH2_IP_NTKO_REP2_T1) (43),NFCORE_CHIPSEQ:CHIPSEQ:ALIGN_BWA_MEM:BWA_MEM (EZH2_IP_NTKO_REP2_T1) (43),1478667,43
,,0,2024-01-24T01:04:49.09644135Z,2024-02-23T01:04:49.09644135Z,2024-02-22T08:07:15.952948732Z,1175.5183,docker_cpu_usage_pct,NFCORE_CHIPSEQ:CHIPSEQ:ALIGN_BWA_MEM:BWA_MEM (EZH2_IP_NTKO_REP2_T1) (43),NFCORE_CHIPSEQ:CHIPSEQ:ALIGN_BWA_MEM:BWA_MEM (EZH2_IP_NTKO_REP2_T1) (43),1478667,43
,,0,2024-01-24T01:04:49.09644135Z,2024-02-23T01:04:49.09644135Z,2024-02-22T08:07:17.952309542Z,1096.2989,docker_cpu_usage_pct,NFCORE_CHIPSEQ:CHIPSEQ:ALIGN_BWA_MEM:BWA_MEM (EZH2_IP_NTKO_REP2_T1) (43),NFCORE_CHIPSEQ:CHIPSEQ:ALIGN_BWA_MEM:BWA_MEM (EZH2_IP_NTKO_REP2_T1) (43),1478667,43
,,0,2024-01-24T01:04:49.09644135Z,2024-02-23T01:04:49.09644135Z,2024-02-22T08:07:19.952900383Z,1433.0652,docker_cpu_usage_pct,NFCORE_CHIPSEQ:CHIPSEQ:ALIGN_BWA_MEM:BWA_MEM (EZH2_IP_NTKO_REP2_T1) (43),NFCORE_CHIPSEQ:CHIPSEQ:ALIGN_BWA_MEM:BWA_MEM (EZH2_IP_NTKO_REP2_T1) (43),1478667,43
,,0,2024-01-24T01:04:49.09644135Z,2024-02-23T01:04:49.09644135Z,2024-02-22T08:07:21.953646929Z,1448.7655,docker_cpu_usage_pct,NFCORE_CHIPSEQ:CHIPSEQ:ALIGN_BWA_MEM:BWA_MEM (EZH2_IP_NTKO_REP2_T1) (43),NFCORE_CHIPSEQ:CHIPSEQ:ALIGN_BWA_MEM:BWA_MEM (EZH2_IP_NTKO_REP2_T1) (43),1478667,43
,,0,2024-01-24T01:04:49.09644135Z,2024-02-23T01:04:49.09644135Z,2024-02-22T08:07:23.953127876Z,1476.1987,docker_cpu_usage_pct,NFCORE_CHIPSEQ:CHIPSEQ:ALIGN_BWA_MEM:BWA_MEM (EZH2_IP_NTKO_REP2_T1) (43),NFCORE_CHIPSEQ:CHIPSEQ:ALIGN_BWA_MEM:BWA_MEM (EZH2_IP_NTKO_REP2_T1) (43),1478667,43
,,0,2024-01-24T01:04:49.09644135Z,2024-02-23T01:04:49.09644135Z,2024-02-22T08:07:25.952680475Z,1298.9077,docker_cpu_usage_pct,NFCORE_CHIPSEQ:CHIPSEQ:ALIGN_BWA_MEM:BWA_MEM (EZH2_IP_NTKO_REP2_T1) (43),NFCORE_CHIPSEQ:CHIPSEQ:ALIGN_BWA_MEM:BWA_MEM (EZH2_IP_NTKO_REP2_T1) (43),1478667,43
,,0,2024-01-24T01:04:49.09644135Z,2024-02-23T01:04:49.09644135Z,2024-02-22T08:07:27.952338849Z,1189.9521,docker_cpu_usage_pct,NFCORE_CHIPSEQ:CHIPSEQ:ALIGN_BWA_MEM:BWA_MEM (EZH2_IP_NTKO_REP2_T1) (43),NFCORE_CHIPSEQ:CHIPSEQ:ALIGN_BWA_MEM:BWA_MEM (EZH2_IP_NTKO_REP2_T1) (43),1478667,43
,,0,2024-01-24T01:04:49.09644135Z,2024-02-23T01:04:49.09644135Z,2024-02-22T08:07:29.95280136Z,1178.7579,docker_cpu_usage_pct,NFCORE_CHIPSEQ:CHIPSEQ:ALIGN_BWA_MEM:BWA_MEM (EZH2_IP_NTKO_REP2_T1) (43),NFCORE_CHIPSEQ:CHIPSEQ:ALIGN_BWA_MEM:BWA_MEM (EZH2_IP_NTKO_REP2_T1) (43),1478667,43
,,0,2024-01-24T01:04:49.09644135Z,2024-02-23T01:04:49.09644135Z,2024-02-22T08:07:31.952519978Z,1177.3167,docker_cpu_usage_pct,NFCORE_CHIPSEQ:CHIPSEQ:ALIGN_BWA_MEM:BWA_MEM (EZH2_IP_NTKO_REP2_T1) (43),NFCORE_CHIPSEQ:CHIPSEQ:ALIGN_BWA_MEM:BWA_MEM (EZH2_IP_NTKO_REP2_T1) (43),1478667,43
,,0,2024-01-24T01:04:49.09644135Z,2024-02-23T01:04:49.09644135Z,2024-02-22T08:07:33.95298297Z,1178.764,docker_cpu_usage_pct,NFCORE_CHIPSEQ:CHIPSEQ:ALIGN_BWA_MEM:BWA_MEM (EZH2_IP_NTKO_REP2_T1) (43),NFCORE_CHIPSEQ:CHIPSEQ:ALIGN_BWA_MEM:BWA_MEM (EZH2_IP_NTKO_REP2_T1) (43),1478667,43
,,0,2024-01-24T01:04:49.09644135Z,2024-02-23T01:04:49.09644135Z,2024-02-22T08:07:35.952538855Z,1182.7603,docker_cpu_usage_pct,NFCORE_CHIPSEQ:CHIPSEQ:ALIGN_BWA_MEM:BWA_MEM (EZH2_IP_NTKO_REP2_T1) (43),NFCORE_CHIPSEQ:CHIPSEQ:ALIGN_BWA_MEM:BWA_MEM (EZH2_IP_NTKO_REP2_T1) (43),1478667,43
,,0,2024-01-24T01:04:49.09644135Z,2024-02-23T01:04:49.09644135Z,2024-02-22T08:07:37.952188652Z,1197.902,docker_cpu_usage_pct,NFCORE_CHIPSEQ:CHIPSEQ:ALIGN_BWA_MEM:BWA_MEM (EZH2_IP_NTKO_REP2_T1) (43),NFCORE_CHIPSEQ:CHIPSEQ:ALIGN_BWA_MEM:BWA_MEM (EZH2_IP_NTKO_REP2_T1) (43),1478667,43
,,0,2024-01-24T01:04:49.09644135Z,2024-02-23T01:04:49.09644135Z,2024-02-22T08:07:39.952909106Z,1188.2499,docker_cpu_usage_pct,NFCORE_CHIPSEQ:CHIPSEQ:ALIGN_BWA_MEM:BWA_MEM (EZH2_IP_NTKO_REP2_T1) (43),NFCORE_CHIPSEQ:CHIPSEQ:ALIGN_BWA_MEM:BWA_MEM (EZH2_IP_NTKO_REP2_T1) (43),1478667,43
,,0,2024-01-24T01:04:49.09644135Z,2024-02-23T01:04:49.09644135Z,2024-02-22T08:07:41.952412231Z,1180.2318,docker_cpu_usage_pct,NFCORE_CHIPSEQ:CHIPSEQ:ALIGN_BWA_MEM:BWA_MEM (EZH2_IP_NTKO_REP2_T1) (43),NFCORE_CHIPSEQ:CHIPSEQ:ALIGN_BWA_MEM:BWA_MEM (EZH2_IP_NTKO_REP2_T1) (43),1478667,43
,,0,2024-01-24T01:04:49.09644135Z,2024-02-23T01:04:49.09644135Z,2024-02-22T08:07:43.952755764Z,1173.7558,docker_cpu_usage_pct,NFCORE_CHIPSEQ:CHIPSEQ:ALIGN_BWA_MEM:BWA_MEM (EZH2_IP_NTKO_REP2_T1) (43),NFCORE_CHIPSEQ:CHIPSEQ:ALIGN_BWA_MEM:BWA_MEM (EZH2_IP_NTKO_REP2_T1) (43),1478667,43
,,0,2024-01-24T01:04:49.09644135Z,2024-02-23T01:04:49.09644135Z,2024-02-22T08:07:45.952355233Z,1180.5827,docker_cpu_usage_pct,NFCORE_CHIPSEQ:CHIPSEQ:ALIGN_BWA_MEM:BWA_MEM (EZH2_IP_NTKO_REP2_T1) (43),NFCORE_CHIPSEQ:CHIPSEQ:ALIGN_BWA_MEM:BWA_MEM (EZH2_IP_NTKO_REP2_T1) (43),1478667,43
,,0,2024-01-24T01:04:49.09644135Z,2024-02-23T01:04:49.09644135Z,2024-02-22T08:07:47.952937876Z,1180.8779,docker_cpu_usage_pct,NFCORE_CHIPSEQ:CHIPSEQ:ALIGN_BWA_MEM:BWA_MEM (EZH2_IP_NTKO_REP2_T1) (43),NFCORE_CHIPSEQ:CHIPSEQ:ALIGN_BWA_MEM:BWA_MEM (EZH2_IP_NTKO_REP2_T1) (43),1478667,43
,,0,2024-01-24T01:04:49.09644135Z,2024-02-23T01:04:49.09644135Z,2024-02-22T08:07:49.952559568Z,1176.9605,docker_cpu_usage_pct,NFCORE_CHIPSEQ:CHIPSEQ:ALIGN_BWA_MEM:BWA_MEM (EZH2_IP_NTKO_REP2_T1) (43),NFCORE_CHIPSEQ:CHIPSEQ:ALIGN_BWA_MEM:BWA_MEM (EZH2_IP_NTKO_REP2_T1) (43),1478667,43
,,0,2024-01-24T01:04:49.09644135Z,2024-02-23T01:04:49.09644135Z,2024-02-22T08:07:51.952394618Z,1178.0542,docker_cpu_usage_pct,NFCORE_CHIPSEQ:CHIPSEQ:ALIGN_BWA_MEM:BWA_MEM (EZH2_IP_NTKO_REP2_T1) (43),NFCORE_CHIPSEQ:CHIPSEQ:ALIGN_BWA_MEM:BWA_MEM (EZH2_IP_NTKO_REP2_T1) (43),1478667,43
,,0,2024-01-24T01:04:49.09644135Z,2024-02-23T01:04:49.09644135Z,2024-02-22T08:07:53.952840909Z,1176.2469,docker_cpu_usage_pct,NFCORE_CHIPSEQ:CHIPSEQ:ALIGN_BWA_MEM:BWA_MEM (EZH2_IP_NTKO_REP2_T1) (43),NFCORE_CHIPSEQ:CHIPSEQ:ALIGN_BWA_MEM:BWA_MEM (EZH2_IP_NTKO_REP2_T1) (43),1478667,43
,,0,2024-01-24T01:04:49.09644135Z,2024-02-23T01:04:49.09644135Z,2024-02-22T08:07:55.95236503Z,1078.2687,docker_cpu_usage_pct,NFCORE_CHIPSEQ:CHIPSEQ:ALIGN_BWA_MEM:BWA_MEM (EZH2_IP_NTKO_REP2_T1) (43),NFCORE_CHIPSEQ:CHIPSEQ:ALIGN_BWA_MEM:BWA_MEM (EZH2_IP_NTKO_REP2_T1) (43),1478667,43
,,0,2024-01-24T01:04:49.09644135Z,2024-02-23T01:04:49.09644135Z,2024-02-22T08:07:57.952806242Z,1440.1397,docker_cpu_usage_pct,NFCORE_CHIPSEQ:CHIPSEQ:ALIGN_BWA_MEM:BWA_MEM (EZH2_IP_NTKO_REP2_T1) (43),NFCORE_CHIPSEQ:CHIPSEQ:ALIGN_BWA_MEM:BWA_MEM (EZH2_IP_NTKO_REP2_T1) (43),1478667,43
,,0,2024-01-24T01:04:49.09644135Z,2024-02-23T01:04:49.09644135Z,2024-02-22T08:07:59.952353296Z,1461.2316,docker_cpu_usage_pct,NFCORE_CHIPSEQ:CHIPSEQ:ALIGN_BWA_MEM:BWA_MEM (EZH2_IP_NTKO_REP2_T1) (43),NFCORE_CHIPSEQ:CHIPSEQ:ALIGN_BWA_MEM:BWA_MEM (EZH2_IP_NTKO_REP2_T1) (43),1478667,43
,,0,2024-01-24T01:04:49.09644135Z,2024-02-23T01:04:49.09644135Z,2024-02-22T08:08:01.952897743Z,1423.0951,docker_cpu_usage_pct,NFCORE_CHIPSEQ:CHIPSEQ:ALIGN_BWA_MEM:BWA_MEM (EZH2_IP_NTKO_REP2_T1) (43),NFCORE_CHIPSEQ:CHIPSEQ:ALIGN_BWA_MEM:BWA_MEM (EZH2_IP_NTKO_REP2_T1) (43),1478667,43
,,0,2024-01-24T01:04:49.09644135Z,2024-02-23T01:04:49.09644135Z,2024-02-22T08:08:03.952423758Z,1280.1122,docker_cpu_usage_pct,NFCORE_CHIPSEQ:CHIPSEQ:ALIGN_BWA_MEM:BWA_MEM (EZH2_IP_NTKO_REP2_T1) (43),NFCORE_CHIPSEQ:CHIPSEQ:ALIGN_BWA_MEM:BWA_MEM (EZH2_IP_NTKO_REP2_T1) (43),1478667,43
,,0,2024-01-24T01:04:49.09644135Z,2024-02-23T01:04:49.09644135Z,2024-02-22T08:08:05.953147782Z,1182.4007,docker_cpu_usage_pct,NFCORE_CHIPSEQ:CHIPSEQ:ALIGN_BWA_MEM:BWA_MEM (EZH2_IP_NTKO_REP2_T1) (43),NFCORE_CHIPSEQ:CHIPSEQ:ALIGN_BWA_MEM:BWA_MEM (EZH2_IP_NTKO_REP2_T1) (43),1478667,43
,,0,2024-01-24T01:04:49.09644135Z,2024-02-23T01:04:49.09644135Z,2024-02-22T08:08:07.952578235Z,1183.4797,docker_cpu_usage_pct,NFCORE_CHIPSEQ:CHIPSEQ:ALIGN_BWA_MEM:BWA_MEM (EZH2_IP_NTKO_REP2_T1) (43),NFCORE_CHIPSEQ:CHIPSEQ:ALIGN_BWA_MEM:BWA_MEM (EZH2_IP_NTKO_REP2_T1) (43),1478667,43
,,0,2024-01-24T01:04:49.09644135Z,2024-02-23T01:04:49.09644135Z,2024-02-22T08:08:09.95233077Z,1181.9489,docker_cpu_usage_pct,NFCORE_CHIPSEQ:CHIPSEQ:ALIGN_BWA_MEM:BWA_MEM (EZH2_IP_NTKO_REP2_T1) (43),NFCORE_CHIPSEQ:CHIPSEQ:ALIGN_BWA_MEM:BWA_MEM (EZH2_IP_NTKO_REP2_T1) (43),1478667,43
,,0,2024-01-24T01:04:49.09644135Z,2024-02-23T01:04:49.09644135Z,2024-02-22T08:08:11.95285844Z,1183.1327,docker_cpu_usage_pct,NFCORE_CHIPSEQ:CHIPSEQ:ALIGN_BWA_MEM:BWA_MEM (EZH2_IP_NTKO_REP2_T1) (43),NFCORE_CHIPSEQ:CHIPSEQ:ALIGN_BWA_MEM:BWA_MEM (EZH2_IP_NTKO_REP2_T1) (43),1478667,43
,,0,2024-01-24T01:04:49.09644135Z,2024-02-23T01:04:49.09644135Z,2024-02-22T08:08:13.952447411Z,1180.2307,docker_cpu_usage_pct,NFCORE_CHIPSEQ:CHIPSEQ:ALIGN_BWA_MEM:BWA_MEM (EZH2_IP_NTKO_REP2_T1) (43),NFCORE_CHIPSEQ:CHIPSEQ:ALIGN_BWA_MEM:BWA_MEM (EZH2_IP_NTKO_REP2_T1) (43),1478667,43
,,0,2024-01-24T01:04:49.09644135Z,2024-02-23T01:04:49.09644135Z,2024-02-22T08:08:15.953126598Z,1173.7326,docker_cpu_usage_pct,NFCORE_CHIPSEQ:CHIPSEQ:ALIGN_BWA_MEM:BWA_MEM (EZH2_IP_NTKO_REP2_T1) (43),NFCORE_CHIPSEQ:CHIPSEQ:ALIGN_BWA_MEM:BWA_MEM (EZH2_IP_NTKO_REP2_T1) (43),1478667,43
,,0,2024-01-24T01:04:49.09644135Z,2024-02-23T01:04:49.09644135Z,2024-02-22T08:08:17.952561866Z,1199.3659,docker_cpu_usage_pct,NFCORE_CHIPSEQ:CHIPSEQ:ALIGN_BWA_MEM:BWA_MEM (EZH2_IP_NTKO_REP2_T1) (43),NFCORE_CHIPSEQ:CHIPSEQ:ALIGN_BWA_MEM:BWA_MEM (EZH2_IP_NTKO_REP2_T1) (43),1478667,43
,,0,2024-01-24T01:04:49.09644135Z,2024-02-23T01:04:49.09644135Z,2024-02-22T08:08:19.952970885Z,1199.0253,docker_cpu_usage_pct,NFCORE_CHIPSEQ:CHIPSEQ:ALIGN_BWA_MEM:BWA_MEM (EZH2_IP_NTKO_REP2_T1) (43),NFCORE_CHIPSEQ:CHIPSEQ:ALIGN_BWA_MEM:BWA_MEM (EZH2_IP_NTKO_REP2_T1) (43),1478667,43
,,0,2024-01-24T01:04:49.09644135Z,2024-02-23T01:04:49.09644135Z,2024-02-22T08:08:21.952479407Z,1195.2989,docker_cpu_usage_pct,NFCORE_CHIPSEQ:CHIPSEQ:ALIGN_BWA_MEM:BWA_MEM (EZH2_IP_NTKO_REP2_T1) (43),NFCORE_CHIPSEQ:CHIPSEQ:ALIGN_BWA_MEM:BWA_MEM (EZH2_IP_NTKO_REP2_T1) (43),1478667,43
,,0,2024-01-24T01:04:49.09644135Z,2024-02-23T01:04:49.09644135Z,2024-02-22T08:08:23.952264838Z,1179.1265,docker_cpu_usage_pct,NFCORE_CHIPSEQ:CHIPSEQ:ALIGN_BWA_MEM:BWA_MEM (EZH2_IP_NTKO_REP2_T1) (43),NFCORE_CHIPSEQ:CHIPSEQ:ALIGN_BWA_MEM:BWA_MEM (EZH2_IP_NTKO_REP2_T1) (43),1478667,43
,,0,2024-01-24T01:04:49.09644135Z,2024-02-23T01:04:49.09644135Z,2024-02-22T08:08:25.952812254Z,1181.7445,docker_cpu_usage_pct,NFCORE_CHIPSEQ:CHIPSEQ:ALIGN_BWA_MEM:BWA_MEM (EZH2_IP_NTKO_REP2_T1) (43),NFCORE_CHIPSEQ:CHIPSEQ:ALIGN_BWA_MEM:BWA_MEM (EZH2_IP_NTKO_REP2_T1) (43),1478667,43
,,0,2024-01-24T01:04:49.09644135Z,2024-02-23T01:04:49.09644135Z,2024-02-22T08:08:27.952464583Z,1196.1719,docker_cpu_usage_pct,NFCORE_CHIPSEQ:CHIPSEQ:ALIGN_BWA_MEM:BWA_MEM (EZH2_IP_NTKO_REP2_T1) (43),NFCORE_CHIPSEQ:CHIPSEQ:ALIGN_BWA_MEM:BWA_MEM (EZH2_IP_NTKO_REP2_T1) (43),1478667,43
,,0,2024-01-24T01:04:49.09644135Z,2024-02-23T01:04:49.09644135Z,2024-02-22T08:08:29.952827115Z,1179.1462,docker_cpu_usage_pct,NFCORE_CHIPSEQ:CHIPSEQ:ALIGN_BWA_MEM:BWA_MEM (EZH2_IP_NTKO_REP2_T1) (43),NFCORE_CHIPSEQ:CHIPSEQ:ALIGN_BWA_MEM:BWA_MEM (EZH2_IP_NTKO_REP2_T1) (43),1478667,43
,,0,2024-01-24T01:04:49.09644135Z,2024-02-23T01:04:49.09644135Z,2024-02-22T08:08:31.95232105Z,1174.8194,docker_cpu_usage_pct,NFCORE_CHIPSEQ:CHIPSEQ:ALIGN_BWA_MEM:BWA_MEM (EZH2_IP_NTKO_REP2_T1) (43),NFCORE_CHIPSEQ:CHIPSEQ:ALIGN_BWA_MEM:BWA_MEM (EZH2_IP_NTKO_REP2_T1) (43),1478667,43
,,0,2024-01-24T01:04:49.09644135Z,2024-02-23T01:04:49.09644135Z,2024-02-22T08:08:33.95287872Z,1073.3971,docker_cpu_usage_pct,NFCORE_CHIPSEQ:CHIPSEQ:ALIGN_BWA_MEM:BWA_MEM (EZH2_IP_NTKO_REP2_T1) (43),NFCORE_CHIPSEQ:CHIPSEQ:ALIGN_BWA_MEM:BWA_MEM (EZH2_IP_NTKO_REP2_T1) (43),1478667,43
,,0,2024-01-24T01:04:49.09644135Z,2024-02-23T01:04:49.09644135Z,2024-02-22T08:08:35.952347146Z,1431.9074,docker_cpu_usage_pct,NFCORE_CHIPSEQ:CHIPSEQ:ALIGN_BWA_MEM:BWA_MEM (EZH2_IP_NTKO_REP2_T1) (43),NFCORE_CHIPSEQ:CHIPSEQ:ALIGN_BWA_MEM:BWA_MEM (EZH2_IP_NTKO_REP2_T1) (43),1478667,43
,,0,2024-01-24T01:04:49.09644135Z,2024-02-23T01:04:49.09644135Z,2024-02-22T08:08:37.952862886Z,1461.9173,docker_cpu_usage_pct,NFCORE_CHIPSEQ:CHIPSEQ:ALIGN_BWA_MEM:BWA_MEM (EZH2_IP_NTKO_REP2_T1) (43),NFCORE_CHIPSEQ:CHIPSEQ:ALIGN_BWA_MEM:BWA_MEM (EZH2_IP_NTKO_REP2_T1) (43),1478667,43
,,0,2024-01-24T01:04:49.09644135Z,2024-02-23T01:04:49.09644135Z,2024-02-22T08:08:39.95256213Z,1403.4641,docker_cpu_usage_pct,NFCORE_CHIPSEQ:CHIPSEQ:ALIGN_BWA_MEM:BWA_MEM (EZH2_IP_NTKO_REP2_T1) (43),NFCORE_CHIPSEQ:CHIPSEQ:ALIGN_BWA_MEM:BWA_MEM (EZH2_IP_NTKO_REP2_T1) (43),1478667,43
,,0,2024-01-24T01:04:49.09644135Z,2024-02-23T01:04:49.09644135Z,2024-02-22T08:08:41.952287617Z,1281.3007,docker_cpu_usage_pct,NFCORE_CHIPSEQ:CHIPSEQ:ALIGN_BWA_MEM:BWA_MEM (EZH2_IP_NTKO_REP2_T1) (43),NFCORE_CHIPSEQ:CHIPSEQ:ALIGN_BWA_MEM:BWA_MEM (EZH2_IP_NTKO_REP2_T1) (43),1478667,43
,,0,2024-01-24T01:04:49.09644135Z,2024-02-23T01:04:49.09644135Z,2024-02-22T08:08:43.952607473Z,1177.3157,docker_cpu_usage_pct,NFCORE_CHIPSEQ:CHIPSEQ:ALIGN_BWA_MEM:BWA_MEM (EZH2_IP_NTKO_REP2_T1) (43),NFCORE_CHIPSEQ:CHIPSEQ:ALIGN_BWA_MEM:BWA_MEM (EZH2_IP_NTKO_REP2_T1) (43),1478667,43
,,0,2024-01-24T01:04:49.09644135Z,2024-02-23T01:04:49.09644135Z,2024-02-22T08:08:45.952358411Z,1178.0406,docker_cpu_usage_pct,NFCORE_CHIPSEQ:CHIPSEQ:ALIGN_BWA_MEM:BWA_MEM (EZH2_IP_NTKO_REP2_T1) (43),NFCORE_CHIPSEQ:CHIPSEQ:ALIGN_BWA_MEM:BWA_MEM (EZH2_IP_NTKO_REP2_T1) (43),1478667,43
,,0,2024-01-24T01:04:49.09644135Z,2024-02-23T01:04:49.09644135Z,2024-02-22T08:08:47.952797523Z,1178.044,docker_cpu_usage_pct,NFCORE_CHIPSEQ:CHIPSEQ:ALIGN_BWA_MEM:BWA_MEM (EZH2_IP_NTKO_REP2_T1) (43),NFCORE_CHIPSEQ:CHIPSEQ:ALIGN_BWA_MEM:BWA_MEM (EZH2_IP_NTKO_REP2_T1) (43),1478667,43
,,0,2024-01-24T01:04:49.09644135Z,2024-02-23T01:04:49.09644135Z,2024-02-22T08:08:49.952408718Z,1187.1544,docker_cpu_usage_pct,NFCORE_CHIPSEQ:CHIPSEQ:ALIGN_BWA_MEM:BWA_MEM (EZH2_IP_NTKO_REP2_T1) (43),NFCORE_CHIPSEQ:CHIPSEQ:ALIGN_BWA_MEM:BWA_MEM (EZH2_IP_NTKO_REP2_T1) (43),1478667,43
,,0,2024-01-24T01:04:49.09644135Z,2024-02-23T01:04:49.09644135Z,2024-02-22T08:08:51.95281705Z,1185.7091,docker_cpu_usage_pct,NFCORE_CHIPSEQ:CHIPSEQ:ALIGN_BWA_MEM:BWA_MEM (EZH2_IP_NTKO_REP2_T1) (43),NFCORE_CHIPSEQ:CHIPSEQ:ALIGN_BWA_MEM:BWA_MEM (EZH2_IP_NTKO_REP2_T1) (43),1478667,43
,,0,2024-01-24T01:04:49.09644135Z,2024-02-23T01:04:49.09644135Z,2024-02-22T08:08:53.952601693Z,1176.9638,docker_cpu_usage_pct,NFCORE_CHIPSEQ:CHIPSEQ:ALIGN_BWA_MEM:BWA_MEM (EZH2_IP_NTKO_REP2_T1) (43),NFCORE_CHIPSEQ:CHIPSEQ:ALIGN_BWA_MEM:BWA_MEM (EZH2_IP_NTKO_REP2_T1) (43),1478667,43
,,0,2024-01-24T01:04:49.09644135Z,2024-02-23T01:04:49.09644135Z,2024-02-22T08:08:55.952950874Z,1182.7959,docker_cpu_usage_pct,NFCORE_CHIPSEQ:CHIPSEQ:ALIGN_BWA_MEM:BWA_MEM (EZH2_IP_NTKO_REP2_T1) (43),NFCORE_CHIPSEQ:CHIPSEQ:ALIGN_BWA_MEM:BWA_MEM (EZH2_IP_NTKO_REP2_T1) (43),1478667,43
,,0,2024-01-24T01:04:49.09644135Z,2024-02-23T01:04:49.09644135Z,2024-02-22T08:08:57.952749939Z,1205.7353,docker_cpu_usage_pct,NFCORE_CHIPSEQ:CHIPSEQ:ALIGN_BWA_MEM:BWA_MEM (EZH2_IP_NTKO_REP2_T1) (43),NFCORE_CHIPSEQ:CHIPSEQ:ALIGN_BWA_MEM:BWA_MEM (EZH2_IP_NTKO_REP2_T1) (43),1478667,43
,,0,2024-01-24T01:04:49.09644135Z,2024-02-23T01:04:49.09644135Z,2024-02-22T08:08:59.952223683Z,1183.4844,docker_cpu_usage_pct,NFCORE_CHIPSEQ:CHIPSEQ:ALIGN_BWA_MEM:BWA_MEM (EZH2_IP_NTKO_REP2_T1) (43),NFCORE_CHIPSEQ:CHIPSEQ:ALIGN_BWA_MEM:BWA_MEM (EZH2_IP_NTKO_REP2_T1) (43),1478667,43
,,0,2024-01-24T01:04:49.09644135Z,2024-02-23T01:04:49.09644135Z,2024-02-22T08:09:01.953009831Z,1184.5994,docker_cpu_usage_pct,NFCORE_CHIPSEQ:CHIPSEQ:ALIGN_BWA_MEM:BWA_MEM (EZH2_IP_NTKO_REP2_T1) (43),NFCORE_CHIPSEQ:CHIPSEQ:ALIGN_BWA_MEM:BWA_MEM (EZH2_IP_NTKO_REP2_T1) (43),1478667,43
,,0,2024-01-24T01:04:49.09644135Z,2024-02-23T01:04:49.09644135Z,2024-02-22T08:09:03.952614221Z,1191.567,docker_cpu_usage_pct,NFCORE_CHIPSEQ:CHIPSEQ:ALIGN_BWA_MEM:BWA_MEM (EZH2_IP_NTKO_REP2_T1) (43),NFCORE_CHIPSEQ:CHIPSEQ:ALIGN_BWA_MEM:BWA_MEM (EZH2_IP_NTKO_REP2_T1) (43),1478667,43
,,0,2024-01-24T01:04:49.09644135Z,2024-02-23T01:04:49.09644135Z,2024-02-22T08:09:05.95307118Z,1190.0906,docker_cpu_usage_pct,NFCORE_CHIPSEQ:CHIPSEQ:ALIGN_BWA_MEM:BWA_MEM (EZH2_IP_NTKO_REP2_T1) (43),NFCORE_CHIPSEQ:CHIPSEQ:ALIGN_BWA_MEM:BWA_MEM (EZH2_IP_NTKO_REP2_T1) (43),1478667,43
,,0,2024-01-24T01:04:49.09644135Z,2024-02-23T01:04:49.09644135Z,2024-02-22T08:09:07.952735513Z,1178.7727,docker_cpu_usage_pct,NFCORE_CHIPSEQ:CHIPSEQ:ALIGN_BWA_MEM:BWA_MEM (EZH2_IP_NTKO_REP2_T1) (43),NFCORE_CHIPSEQ:CHIPSEQ:ALIGN_BWA_MEM:BWA_MEM (EZH2_IP_NTKO_REP2_T1) (43),1478667,43
,,0,2024-01-24T01:04:49.09644135Z,2024-02-23T01:04:49.09644135Z,2024-02-22T08:09:09.95215708Z,1190.1046,docker_cpu_usage_pct,NFCORE_CHIPSEQ:CHIPSEQ:ALIGN_BWA_MEM:BWA_MEM (EZH2_IP_NTKO_REP2_T1) (43),NFCORE_CHIPSEQ:CHIPSEQ:ALIGN_BWA_MEM:BWA_MEM (EZH2_IP_NTKO_REP2_T1) (43),1478667,43
,,0,2024-01-24T01:04:49.09644135Z,2024-02-23T01:04:49.09644135Z,2024-02-22T08:09:11.952661992Z,1081.6213,docker_cpu_usage_pct,NFCORE_CHIPSEQ:CHIPSEQ:ALIGN_BWA_MEM:BWA_MEM (EZH2_IP_NTKO_REP2_T1) (43),NFCORE_CHIPSEQ:CHIPSEQ:ALIGN_BWA_MEM:BWA_MEM (EZH2_IP_NTKO_REP2_T1) (43),1478667,43
,,0,2024-01-24T01:04:49.09644135Z,2024-02-23T01:04:49.09644135Z,2024-02-22T08:09:13.952424222Z,1419.3402,docker_cpu_usage_pct,NFCORE_CHIPSEQ:CHIPSEQ:ALIGN_BWA_MEM:BWA_MEM (EZH2_IP_NTKO_REP2_T1) (43),NFCORE_CHIPSEQ:CHIPSEQ:ALIGN_BWA_MEM:BWA_MEM (EZH2_IP_NTKO_REP2_T1) (43),1478667,43
,,0,2024-01-24T01:04:49.09644135Z,2024-02-23T01:04:49.09644135Z,2024-02-22T08:09:15.952603025Z,1445.246,docker_cpu_usage_pct,NFCORE_CHIPSEQ:CHIPSEQ:ALIGN_BWA_MEM:BWA_MEM (EZH2_IP_NTKO_REP2_T1) (43),NFCORE_CHIPSEQ:CHIPSEQ:ALIGN_BWA_MEM:BWA_MEM (EZH2_IP_NTKO_REP2_T1) (43),1478667,43
,,0,2024-01-24T01:04:49.09644135Z,2024-02-23T01:04:49.09644135Z,2024-02-22T08:09:17.9522161Z,1376.2309,docker_cpu_usage_pct,NFCORE_CHIPSEQ:CHIPSEQ:ALIGN_BWA_MEM:BWA_MEM (EZH2_IP_NTKO_REP2_T1) (43),NFCORE_CHIPSEQ:CHIPSEQ:ALIGN_BWA_MEM:BWA_MEM (EZH2_IP_NTKO_REP2_T1) (43),1478667,43
,,0,2024-01-24T01:04:49.09644135Z,2024-02-23T01:04:49.09644135Z,2024-02-22T08:09:19.952796688Z,1296.0409,docker_cpu_usage_pct,NFCORE_CHIPSEQ:CHIPSEQ:ALIGN_BWA_MEM:BWA_MEM (EZH2_IP_NTKO_REP2_T1) (43),NFCORE_CHIPSEQ:CHIPSEQ:ALIGN_BWA_MEM:BWA_MEM (EZH2_IP_NTKO_REP2_T1) (43),1478667,43
,,0,2024-01-24T01:04:49.09644135Z,2024-02-23T01:04:49.09644135Z,2024-02-22T08:09:21.952325042Z,1183.8584,docker_cpu_usage_pct,NFCORE_CHIPSEQ:CHIPSEQ:ALIGN_BWA_MEM:BWA_MEM (EZH2_IP_NTKO_REP2_T1) (43),NFCORE_CHIPSEQ:CHIPSEQ:ALIGN_BWA_MEM:BWA_MEM (EZH2_IP_NTKO_REP2_T1) (43),1478667,43
,,0,2024-01-24T01:04:49.09644135Z,2024-02-23T01:04:49.09644135Z,2024-02-22T08:09:23.95317306Z,1196.3461,docker_cpu_usage_pct,NFCORE_CHIPSEQ:CHIPSEQ:ALIGN_BWA_MEM:BWA_MEM (EZH2_IP_NTKO_REP2_T1) (43),NFCORE_CHIPSEQ:CHIPSEQ:ALIGN_BWA_MEM:BWA_MEM (EZH2_IP_NTKO_REP2_T1) (43),1478667,43
,,0,2024-01-24T01:04:49.09644135Z,2024-02-23T01:04:49.09644135Z,2024-02-22T08:09:25.952484379Z,1196.0202,docker_cpu_usage_pct,NFCORE_CHIPSEQ:CHIPSEQ:ALIGN_BWA_MEM:BWA_MEM (EZH2_IP_NTKO_REP2_T1) (43),NFCORE_CHIPSEQ:CHIPSEQ:ALIGN_BWA_MEM:BWA_MEM (EZH2_IP_NTKO_REP2_T1) (43),1478667,43
,,0,2024-01-24T01:04:49.09644135Z,2024-02-23T01:04:49.09644135Z,2024-02-22T08:09:27.952974946Z,1193.4861,docker_cpu_usage_pct,NFCORE_CHIPSEQ:CHIPSEQ:ALIGN_BWA_MEM:BWA_MEM (EZH2_IP_NTKO_REP2_T1) (43),NFCORE_CHIPSEQ:CHIPSEQ:ALIGN_BWA_MEM:BWA_MEM (EZH2_IP_NTKO_REP2_T1) (43),1478667,43
,,0,2024-01-24T01:04:49.09644135Z,2024-02-23T01:04:49.09644135Z,2024-02-22T08:09:29.952760341Z,1188.2726,docker_cpu_usage_pct,NFCORE_CHIPSEQ:CHIPSEQ:ALIGN_BWA_MEM:BWA_MEM (EZH2_IP_NTKO_REP2_T1) (43),NFCORE_CHIPSEQ:CHIPSEQ:ALIGN_BWA_MEM:BWA_MEM (EZH2_IP_NTKO_REP2_T1) (43),1478667,43
,,0,2024-01-24T01:04:49.09644135Z,2024-02-23T01:04:49.09644135Z,2024-02-22T08:09:31.952332351Z,1175.5518,docker_cpu_usage_pct,NFCORE_CHIPSEQ:CHIPSEQ:ALIGN_BWA_MEM:BWA_MEM (EZH2_IP_NTKO_REP2_T1) (43),NFCORE_CHIPSEQ:CHIPSEQ:ALIGN_BWA_MEM:BWA_MEM (EZH2_IP_NTKO_REP2_T1) (43),1478667,43
,,0,2024-01-24T01:04:49.09644135Z,2024-02-23T01:04:49.09644135Z,2024-02-22T08:09:33.952655315Z,1180.9522,docker_cpu_usage_pct,NFCORE_CHIPSEQ:CHIPSEQ:ALIGN_BWA_MEM:BWA_MEM (EZH2_IP_NTKO_REP2_T1) (43),NFCORE_CHIPSEQ:CHIPSEQ:ALIGN_BWA_MEM:BWA_MEM (EZH2_IP_NTKO_REP2_T1) (43),1478667,43
,,0,2024-01-24T01:04:49.09644135Z,2024-02-23T01:04:49.09644135Z,2024-02-22T08:09:35.952286897Z,1191.5912,docker_cpu_usage_pct,NFCORE_CHIPSEQ:CHIPSEQ:ALIGN_BWA_MEM:BWA_MEM (EZH2_IP_NTKO_REP2_T1) (43),NFCORE_CHIPSEQ:CHIPSEQ:ALIGN_BWA_MEM:BWA_MEM (EZH2_IP_NTKO_REP2_T1) (43),1478667,43
,,0,2024-01-24T01:04:49.09644135Z,2024-02-23T01:04:49.09644135Z,2024-02-22T08:09:37.95285878Z,1181.9481,docker_cpu_usage_pct,NFCORE_CHIPSEQ:CHIPSEQ:ALIGN_BWA_MEM:BWA_MEM (EZH2_IP_NTKO_REP2_T1) (43),NFCORE_CHIPSEQ:CHIPSEQ:ALIGN_BWA_MEM:BWA_MEM (EZH2_IP_NTKO_REP2_T1) (43),1478667,43
,,0,2024-01-24T01:04:49.09644135Z,2024-02-23T01:04:49.09644135Z,2024-02-22T08:09:39.952390211Z,1173.7187,docker_cpu_usage_pct,NFCORE_CHIPSEQ:CHIPSEQ:ALIGN_BWA_MEM:BWA_MEM (EZH2_IP_NTKO_REP2_T1) (43),NFCORE_CHIPSEQ:CHIPSEQ:ALIGN_BWA_MEM:BWA_MEM (EZH2_IP_NTKO_REP2_T1) (43),1478667,43
,,0,2024-01-24T01:04:49.09644135Z,2024-02-23T01:04:49.09644135Z,2024-02-22T08:09:41.952920544Z,1173.3663,docker_cpu_usage_pct,NFCORE_CHIPSEQ:CHIPSEQ:ALIGN_BWA_MEM:BWA_MEM (EZH2_IP_NTKO_REP2_T1) (43),NFCORE_CHIPSEQ:CHIPSEQ:ALIGN_BWA_MEM:BWA_MEM (EZH2_IP_NTKO_REP2_T1) (43),1478667,43
,,0,2024-01-24T01:04:49.09644135Z,2024-02-23T01:04:49.09644135Z,2024-02-22T08:09:43.952512588Z,1176.2584,docker_cpu_usage_pct,NFCORE_CHIPSEQ:CHIPSEQ:ALIGN_BWA_MEM:BWA_MEM (EZH2_IP_NTKO_REP2_T1) (43),NFCORE_CHIPSEQ:CHIPSEQ:ALIGN_BWA_MEM:BWA_MEM (EZH2_IP_NTKO_REP2_T1) (43),1478667,43
,,0,2024-01-24T01:04:49.09644135Z,2024-02-23T01:04:49.09644135Z,2024-02-22T08:09:45.95326245Z,1178.0604,docker_cpu_usage_pct,NFCORE_CHIPSEQ:CHIPSEQ:ALIGN_BWA_MEM:BWA_MEM (EZH2_IP_NTKO_REP2_T1) (43),NFCORE_CHIPSEQ:CHIPSEQ:ALIGN_BWA_MEM:BWA_MEM (EZH2_IP_NTKO_REP2_T1) (43),1478667,43
,,0,2024-01-24T01:04:49.09644135Z,2024-02-23T01:04:49.09644135Z,2024-02-22T08:09:47.952539516Z,1177.0078,docker_cpu_usage_pct,NFCORE_CHIPSEQ:CHIPSEQ:ALIGN_BWA_MEM:BWA_MEM (EZH2_IP_NTKO_REP2_T1) (43),NFCORE_CHIPSEQ:CHIPSEQ:ALIGN_BWA_MEM:BWA_MEM (EZH2_IP_NTKO_REP2_T1) (43),1478667,43
,,0,2024-01-24T01:04:49.09644135Z,2024-02-23T01:04:49.09644135Z,2024-02-22T08:09:49.95209175Z,1176.98,docker_cpu_usage_pct,NFCORE_CHIPSEQ:CHIPSEQ:ALIGN_BWA_MEM:BWA_MEM (EZH2_IP_NTKO_REP2_T1) (43),NFCORE_CHIPSEQ:CHIPSEQ:ALIGN_BWA_MEM:BWA_MEM (EZH2_IP_NTKO_REP2_T1) (43),1478667,43
,,0,2024-01-24T01:04:49.09644135Z,2024-02-23T01:04:49.09644135Z,2024-02-22T08:09:51.952612847Z,1434.3978,docker_cpu_usage_pct,NFCORE_CHIPSEQ:CHIPSEQ:ALIGN_BWA_MEM:BWA_MEM (EZH2_IP_NTKO_REP2_T1) (43),NFCORE_CHIPSEQ:CHIPSEQ:ALIGN_BWA_MEM:BWA_MEM (EZH2_IP_NTKO_REP2_T1) (43),1478667,43
,,0,2024-01-24T01:04:49.09644135Z,2024-02-23T01:04:49.09644135Z,2024-02-22T08:09:53.952145562Z,1483.2543,docker_cpu_usage_pct,NFCORE_CHIPSEQ:CHIPSEQ:ALIGN_BWA_MEM:BWA_MEM (EZH2_IP_NTKO_REP2_T1) (43),NFCORE_CHIPSEQ:CHIPSEQ:ALIGN_BWA_MEM:BWA_MEM (EZH2_IP_NTKO_REP2_T1) (43),1478667,43
,,0,2024-01-24T01:04:49.09644135Z,2024-02-23T01:04:49.09644135Z,2024-02-22T08:09:55.9526908Z,1296.2713,docker_cpu_usage_pct,NFCORE_CHIPSEQ:CHIPSEQ:ALIGN_BWA_MEM:BWA_MEM (EZH2_IP_NTKO_REP2_T1) (43),NFCORE_CHIPSEQ:CHIPSEQ:ALIGN_BWA_MEM:BWA_MEM (EZH2_IP_NTKO_REP2_T1) (43),1478667,43
,,0,2024-01-24T01:04:49.09644135Z,2024-02-23T01:04:49.09644135Z,2024-02-22T08:09:57.952298909Z,1275.5235,docker_cpu_usage_pct,NFCORE_CHIPSEQ:CHIPSEQ:ALIGN_BWA_MEM:BWA_MEM (EZH2_IP_NTKO_REP2_T1) (43),NFCORE_CHIPSEQ:CHIPSEQ:ALIGN_BWA_MEM:BWA_MEM (EZH2_IP_NTKO_REP2_T1) (43),1478667,43
,,0,2024-01-24T01:04:49.09644135Z,2024-02-23T01:04:49.09644135Z,2024-02-22T08:09:59.952810588Z,1184.2149,docker_cpu_usage_pct,NFCORE_CHIPSEQ:CHIPSEQ:ALIGN_BWA_MEM:BWA_MEM (EZH2_IP_NTKO_REP2_T1) (43),NFCORE_CHIPSEQ:CHIPSEQ:ALIGN_BWA_MEM:BWA_MEM (EZH2_IP_NTKO_REP2_T1) (43),1478667,43
,,0,2024-01-24T01:04:49.09644135Z,2024-02-23T01:04:49.09644135Z,2024-02-22T08:10:01.952524302Z,1183.1111,docker_cpu_usage_pct,NFCORE_CHIPSEQ:CHIPSEQ:ALIGN_BWA_MEM:BWA_MEM (EZH2_IP_NTKO_REP2_T1) (43),NFCORE_CHIPSEQ:CHIPSEQ:ALIGN_BWA_MEM:BWA_MEM (EZH2_IP_NTKO_REP2_T1) (43),1478667,43
,,0,2024-01-24T01:04:49.09644135Z,2024-02-23T01:04:49.09644135Z,2024-02-22T08:10:03.952958439Z,1187.1461,docker_cpu_usage_pct,NFCORE_CHIPSEQ:CHIPSEQ:ALIGN_BWA_MEM:BWA_MEM (EZH2_IP_NTKO_REP2_T1) (43),NFCORE_CHIPSEQ:CHIPSEQ:ALIGN_BWA_MEM:BWA_MEM (EZH2_IP_NTKO_REP2_T1) (43),1478667,43
,,0,2024-01-24T01:04:49.09644135Z,2024-02-23T01:04:49.09644135Z,2024-02-22T08:10:05.952463318Z,1182.0401,docker_cpu_usage_pct,NFCORE_CHIPSEQ:CHIPSEQ:ALIGN_BWA_MEM:BWA_MEM (EZH2_IP_NTKO_REP2_T1) (43),NFCORE_CHIPSEQ:CHIPSEQ:ALIGN_BWA_MEM:BWA_MEM (EZH2_IP_NTKO_REP2_T1) (43),1478667,43
,,0,2024-01-24T01:04:49.09644135Z,2024-02-23T01:04:49.09644135Z,2024-02-22T08:10:07.953269488Z,1183.1086,docker_cpu_usage_pct,NFCORE_CHIPSEQ:CHIPSEQ:ALIGN_BWA_MEM:BWA_MEM (EZH2_IP_NTKO_REP2_T1) (43),NFCORE_CHIPSEQ:CHIPSEQ:ALIGN_BWA_MEM:BWA_MEM (EZH2_IP_NTKO_REP2_T1) (43),1478667,43
,,0,2024-01-24T01:04:49.09644135Z,2024-02-23T01:04:49.09644135Z,2024-02-22T08:10:09.952622723Z,1185.6614,docker_cpu_usage_pct,NFCORE_CHIPSEQ:CHIPSEQ:ALIGN_BWA_MEM:BWA_MEM (EZH2_IP_NTKO_REP2_T1) (43),NFCORE_CHIPSEQ:CHIPSEQ:ALIGN_BWA_MEM:BWA_MEM (EZH2_IP_NTKO_REP2_T1) (43),1478667,43
,,0,2024-01-24T01:04:49.09644135Z,2024-02-23T01:04:49.09644135Z,2024-02-22T08:10:11.952254367Z,1197.0797,docker_cpu_usage_pct,NFCORE_CHIPSEQ:CHIPSEQ:ALIGN_BWA_MEM:BWA_MEM (EZH2_IP_NTKO_REP2_T1) (43),NFCORE_CHIPSEQ:CHIPSEQ:ALIGN_BWA_MEM:BWA_MEM (EZH2_IP_NTKO_REP2_T1) (43),1478667,43
,,0,2024-01-24T01:04:49.09644135Z,2024-02-23T01:04:49.09644135Z,2024-02-22T08:10:13.952789492Z,1187.1304,docker_cpu_usage_pct,NFCORE_CHIPSEQ:CHIPSEQ:ALIGN_BWA_MEM:BWA_MEM (EZH2_IP_NTKO_REP2_T1) (43),NFCORE_CHIPSEQ:CHIPSEQ:ALIGN_BWA_MEM:BWA_MEM (EZH2_IP_NTKO_REP2_T1) (43),1478667,43
,,0,2024-01-24T01:04:49.09644135Z,2024-02-23T01:04:49.09644135Z,2024-02-22T08:10:15.952321794Z,1180.9368,docker_cpu_usage_pct,NFCORE_CHIPSEQ:CHIPSEQ:ALIGN_BWA_MEM:BWA_MEM (EZH2_IP_NTKO_REP2_T1) (43),NFCORE_CHIPSEQ:CHIPSEQ:ALIGN_BWA_MEM:BWA_MEM (EZH2_IP_NTKO_REP2_T1) (43),1478667,43
,,0,2024-01-24T01:04:49.09644135Z,2024-02-23T01:04:49.09644135Z,2024-02-22T08:10:17.952974743Z,1198.9834,docker_cpu_usage_pct,NFCORE_CHIPSEQ:CHIPSEQ:ALIGN_BWA_MEM:BWA_MEM (EZH2_IP_NTKO_REP2_T1) (43),NFCORE_CHIPSEQ:CHIPSEQ:ALIGN_BWA_MEM:BWA_MEM (EZH2_IP_NTKO_REP2_T1) (43),1478667,43
,,0,2024-01-24T01:04:49.09644135Z,2024-02-23T01:04:49.09644135Z,2024-02-22T08:10:19.952480736Z,1199.0181,docker_cpu_usage_pct,NFCORE_CHIPSEQ:CHIPSEQ:ALIGN_BWA_MEM:BWA_MEM (EZH2_IP_NTKO_REP2_T1) (43),NFCORE_CHIPSEQ:CHIPSEQ:ALIGN_BWA_MEM:BWA_MEM (EZH2_IP_NTKO_REP2_T1) (43),1478667,43
,,0,2024-01-24T01:04:49.09644135Z,2024-02-23T01:04:49.09644135Z,2024-02-22T08:10:21.953201529Z,1183.4907,docker_cpu_usage_pct,NFCORE_CHIPSEQ:CHIPSEQ:ALIGN_BWA_MEM:BWA_MEM (EZH2_IP_NTKO_REP2_T1) (43),NFCORE_CHIPSEQ:CHIPSEQ:ALIGN_BWA_MEM:BWA_MEM (EZH2_IP_NTKO_REP2_T1) (43),1478667,43
,,0,2024-01-24T01:04:49.09644135Z,2024-02-23T01:04:49.09644135Z,2024-02-22T08:10:23.952830586Z,1175.1777,docker_cpu_usage_pct,NFCORE_CHIPSEQ:CHIPSEQ:ALIGN_BWA_MEM:BWA_MEM (EZH2_IP_NTKO_REP2_T1) (43),NFCORE_CHIPSEQ:CHIPSEQ:ALIGN_BWA_MEM:BWA_MEM (EZH2_IP_NTKO_REP2_T1) (43),1478667,43
,,0,2024-01-24T01:04:49.09644135Z,2024-02-23T01:04:49.09644135Z,2024-02-22T08:10:25.952092563Z,1170.9964,docker_cpu_usage_pct,NFCORE_CHIPSEQ:CHIPSEQ:ALIGN_BWA_MEM:BWA_MEM (EZH2_IP_NTKO_REP2_T1) (43),NFCORE_CHIPSEQ:CHIPSEQ:ALIGN_BWA_MEM:BWA_MEM (EZH2_IP_NTKO_REP2_T1) (43),1478667,43
,,0,2024-01-24T01:04:49.09644135Z,2024-02-23T01:04:49.09644135Z,2024-02-22T08:10:27.952612571Z,1304.1075,docker_cpu_usage_pct,NFCORE_CHIPSEQ:CHIPSEQ:ALIGN_BWA_MEM:BWA_MEM (EZH2_IP_NTKO_REP2_T1) (43),NFCORE_CHIPSEQ:CHIPSEQ:ALIGN_BWA_MEM:BWA_MEM (EZH2_IP_NTKO_REP2_T1) (43),1478667,43
,,0,2024-01-24T01:04:49.09644135Z,2024-02-23T01:04:49.09644135Z,2024-02-22T08:10:29.9521983Z,1446.8229,docker_cpu_usage_pct,NFCORE_CHIPSEQ:CHIPSEQ:ALIGN_BWA_MEM:BWA_MEM (EZH2_IP_NTKO_REP2_T1) (43),NFCORE_CHIPSEQ:CHIPSEQ:ALIGN_BWA_MEM:BWA_MEM (EZH2_IP_NTKO_REP2_T1) (43),1478667,43
,,0,2024-01-24T01:04:49.09644135Z,2024-02-23T01:04:49.09644135Z,2024-02-22T08:10:31.95276537Z,1488.9693,docker_cpu_usage_pct,NFCORE_CHIPSEQ:CHIPSEQ:ALIGN_BWA_MEM:BWA_MEM (EZH2_IP_NTKO_REP2_T1) (43),NFCORE_CHIPSEQ:CHIPSEQ:ALIGN_BWA_MEM:BWA_MEM (EZH2_IP_NTKO_REP2_T1) (43),1478667,43
,,0,2024-01-24T01:04:49.09644135Z,2024-02-23T01:04:49.09644135Z,2024-02-22T08:10:33.952497445Z,1284.8616,docker_cpu_usage_pct,NFCORE_CHIPSEQ:CHIPSEQ:ALIGN_BWA_MEM:BWA_MEM (EZH2_IP_NTKO_REP2_T1) (43),NFCORE_CHIPSEQ:CHIPSEQ:ALIGN_BWA_MEM:BWA_MEM (EZH2_IP_NTKO_REP2_T1) (43),1478667,43
,,0,2024-01-24T01:04:49.09644135Z,2024-02-23T01:04:49.09644135Z,2024-02-22T08:10:35.952916051Z,1232.5718,docker_cpu_usage_pct,NFCORE_CHIPSEQ:CHIPSEQ:ALIGN_BWA_MEM:BWA_MEM (EZH2_IP_NTKO_REP2_T1) (43),NFCORE_CHIPSEQ:CHIPSEQ:ALIGN_BWA_MEM:BWA_MEM (EZH2_IP_NTKO_REP2_T1) (43),1478667,43
,,0,2024-01-24T01:04:49.09644135Z,2024-02-23T01:04:49.09644135Z,2024-02-22T08:10:37.952663077Z,1187.8021,docker_cpu_usage_pct,NFCORE_CHIPSEQ:CHIPSEQ:ALIGN_BWA_MEM:BWA_MEM (EZH2_IP_NTKO_REP2_T1) (43),NFCORE_CHIPSEQ:CHIPSEQ:ALIGN_BWA_MEM:BWA_MEM (EZH2_IP_NTKO_REP2_T1) (43),1478667,43
,,0,2024-01-24T01:04:49.09644135Z,2024-02-23T01:04:49.09644135Z,2024-02-22T08:10:39.953146168Z,1179.8532,docker_cpu_usage_pct,NFCORE_CHIPSEQ:CHIPSEQ:ALIGN_BWA_MEM:BWA_MEM (EZH2_IP_NTKO_REP2_T1) (43),NFCORE_CHIPSEQ:CHIPSEQ:ALIGN_BWA_MEM:BWA_MEM (EZH2_IP_NTKO_REP2_T1) (43),1478667,43
,,0,2024-01-24T01:04:49.09644135Z,2024-02-23T01:04:49.09644135Z,2024-02-22T08:10:41.952925286Z,1199.0152,docker_cpu_usage_pct,NFCORE_CHIPSEQ:CHIPSEQ:ALIGN_BWA_MEM:BWA_MEM (EZH2_IP_NTKO_REP2_T1) (43),NFCORE_CHIPSEQ:CHIPSEQ:ALIGN_BWA_MEM:BWA_MEM (EZH2_IP_NTKO_REP2_T1) (43),1478667,43
,,0,2024-01-24T01:04:49.09644135Z,2024-02-23T01:04:49.09644135Z,2024-02-22T08:10:43.952369574Z,1176.9644,docker_cpu_usage_pct,NFCORE_CHIPSEQ:CHIPSEQ:ALIGN_BWA_MEM:BWA_MEM (EZH2_IP_NTKO_REP2_T1) (43),NFCORE_CHIPSEQ:CHIPSEQ:ALIGN_BWA_MEM:BWA_MEM (EZH2_IP_NTKO_REP2_T1) (43),1478667,43
,,0,2024-01-24T01:04:49.09644135Z,2024-02-23T01:04:49.09644135Z,2024-02-22T08:10:45.952857556Z,1178.3954,docker_cpu_usage_pct,NFCORE_CHIPSEQ:CHIPSEQ:ALIGN_BWA_MEM:BWA_MEM (EZH2_IP_NTKO_REP2_T1) (43),NFCORE_CHIPSEQ:CHIPSEQ:ALIGN_BWA_MEM:BWA_MEM (EZH2_IP_NTKO_REP2_T1) (43),1478667,43
,,0,2024-01-24T01:04:49.09644135Z,2024-02-23T01:04:49.09644135Z,2024-02-22T08:10:47.952503682Z,1178.055,docker_cpu_usage_pct,NFCORE_CHIPSEQ:CHIPSEQ:ALIGN_BWA_MEM:BWA_MEM (EZH2_IP_NTKO_REP2_T1) (43),NFCORE_CHIPSEQ:CHIPSEQ:ALIGN_BWA_MEM:BWA_MEM (EZH2_IP_NTKO_REP2_T1) (43),1478667,43
,,0,2024-01-24T01:04:49.09644135Z,2024-02-23T01:04:49.09644135Z,2024-02-22T08:10:49.951987323Z,1184.5997,docker_cpu_usage_pct,NFCORE_CHIPSEQ:CHIPSEQ:ALIGN_BWA_MEM:BWA_MEM (EZH2_IP_NTKO_REP2_T1) (43),NFCORE_CHIPSEQ:CHIPSEQ:ALIGN_BWA_MEM:BWA_MEM (EZH2_IP_NTKO_REP2_T1) (43),1478667,43
,,0,2024-01-24T01:04:49.09644135Z,2024-02-23T01:04:49.09644135Z,2024-02-22T08:10:51.952855059Z,1176.9674,docker_cpu_usage_pct,NFCORE_CHIPSEQ:CHIPSEQ:ALIGN_BWA_MEM:BWA_MEM (EZH2_IP_NTKO_REP2_T1) (43),NFCORE_CHIPSEQ:CHIPSEQ:ALIGN_BWA_MEM:BWA_MEM (EZH2_IP_NTKO_REP2_T1) (43),1478667,43
,,0,2024-01-24T01:04:49.09644135Z,2024-02-23T01:04:49.09644135Z,2024-02-22T08:10:53.95229673Z,1185.3138,docker_cpu_usage_pct,NFCORE_CHIPSEQ:CHIPSEQ:ALIGN_BWA_MEM:BWA_MEM (EZH2_IP_NTKO_REP2_T1) (43),NFCORE_CHIPSEQ:CHIPSEQ:ALIGN_BWA_MEM:BWA_MEM (EZH2_IP_NTKO_REP2_T1) (43),1478667,43
,,0,2024-01-24T01:04:49.09644135Z,2024-02-23T01:04:49.09644135Z,2024-02-22T08:10:55.952834757Z,1177.6959,docker_cpu_usage_pct,NFCORE_CHIPSEQ:CHIPSEQ:ALIGN_BWA_MEM:BWA_MEM (EZH2_IP_NTKO_REP2_T1) (43),NFCORE_CHIPSEQ:CHIPSEQ:ALIGN_BWA_MEM:BWA_MEM (EZH2_IP_NTKO_REP2_T1) (43),1478667,43
,,0,2024-01-24T01:04:49.09644135Z,2024-02-23T01:04:49.09644135Z,2024-02-22T08:10:57.952426933Z,1205.2078,docker_cpu_usage_pct,NFCORE_CHIPSEQ:CHIPSEQ:ALIGN_BWA_MEM:BWA_MEM (EZH2_IP_NTKO_REP2_T1) (43),NFCORE_CHIPSEQ:CHIPSEQ:ALIGN_BWA_MEM:BWA_MEM (EZH2_IP_NTKO_REP2_T1) (43),1478667,43
,,0,2024-01-24T01:04:49.09644135Z,2024-02-23T01:04:49.09644135Z,2024-02-22T08:10:59.953156468Z,1177.6955,docker_cpu_usage_pct,NFCORE_CHIPSEQ:CHIPSEQ:ALIGN_BWA_MEM:BWA_MEM (EZH2_IP_NTKO_REP2_T1) (43),NFCORE_CHIPSEQ:CHIPSEQ:ALIGN_BWA_MEM:BWA_MEM (EZH2_IP_NTKO_REP2_T1) (43),1478667,43
,,0,2024-01-24T01:04:49.09644135Z,2024-02-23T01:04:49.09644135Z,2024-02-22T08:11:01.952600611Z,1189.3327,docker_cpu_usage_pct,NFCORE_CHIPSEQ:CHIPSEQ:ALIGN_BWA_MEM:BWA_MEM (EZH2_IP_NTKO_REP2_T1) (43),NFCORE_CHIPSEQ:CHIPSEQ:ALIGN_BWA_MEM:BWA_MEM (EZH2_IP_NTKO_REP2_T1) (43),1478667,43
,,0,2024-01-24T01:04:49.09644135Z,2024-02-23T01:04:49.09644135Z,2024-02-22T08:11:03.952101607Z,1145.2348,docker_cpu_usage_pct,NFCORE_CHIPSEQ:CHIPSEQ:ALIGN_BWA_MEM:BWA_MEM (EZH2_IP_NTKO_REP2_T1) (43),NFCORE_CHIPSEQ:CHIPSEQ:ALIGN_BWA_MEM:BWA_MEM (EZH2_IP_NTKO_REP2_T1) (43),1478667,43
,,0,2024-01-24T01:04:49.09644135Z,2024-02-23T01:04:49.09644135Z,2024-02-22T08:11:05.952969327Z,1391.4799,docker_cpu_usage_pct,NFCORE_CHIPSEQ:CHIPSEQ:ALIGN_BWA_MEM:BWA_MEM (EZH2_IP_NTKO_REP2_T1) (43),NFCORE_CHIPSEQ:CHIPSEQ:ALIGN_BWA_MEM:BWA_MEM (EZH2_IP_NTKO_REP2_T1) (43),1478667,43
,,0,2024-01-24T01:04:49.09644135Z,2024-02-23T01:04:49.09644135Z,2024-02-22T08:11:07.952127313Z,1440.2245,docker_cpu_usage_pct,NFCORE_CHIPSEQ:CHIPSEQ:ALIGN_BWA_MEM:BWA_MEM (EZH2_IP_NTKO_REP2_T1) (43),NFCORE_CHIPSEQ:CHIPSEQ:ALIGN_BWA_MEM:BWA_MEM (EZH2_IP_NTKO_REP2_T1) (43),1478667,43
,,0,2024-01-24T01:04:49.09644135Z,2024-02-23T01:04:49.09644135Z,2024-02-22T08:11:09.952777077Z,1490.6956,docker_cpu_usage_pct,NFCORE_CHIPSEQ:CHIPSEQ:ALIGN_BWA_MEM:BWA_MEM (EZH2_IP_NTKO_REP2_T1) (43),NFCORE_CHIPSEQ:CHIPSEQ:ALIGN_BWA_MEM:BWA_MEM (EZH2_IP_NTKO_REP2_T1) (43),1478667,43
,,0,2024-01-24T01:04:49.09644135Z,2024-02-23T01:04:49.09644135Z,2024-02-22T08:11:11.952253224Z,1298.4975,docker_cpu_usage_pct,NFCORE_CHIPSEQ:CHIPSEQ:ALIGN_BWA_MEM:BWA_MEM (EZH2_IP_NTKO_REP2_T1) (43),NFCORE_CHIPSEQ:CHIPSEQ:ALIGN_BWA_MEM:BWA_MEM (EZH2_IP_NTKO_REP2_T1) (43),1478667,43
,,0,2024-01-24T01:04:49.09644135Z,2024-02-23T01:04:49.09644135Z,2024-02-22T08:11:13.95290932Z,1202.0243,docker_cpu_usage_pct,NFCORE_CHIPSEQ:CHIPSEQ:ALIGN_BWA_MEM:BWA_MEM (EZH2_IP_NTKO_REP2_T1) (43),NFCORE_CHIPSEQ:CHIPSEQ:ALIGN_BWA_MEM:BWA_MEM (EZH2_IP_NTKO_REP2_T1) (43),1478667,43
,,0,2024-01-24T01:04:49.09644135Z,2024-02-23T01:04:49.09644135Z,2024-02-22T08:11:15.95243546Z,1192.2617,docker_cpu_usage_pct,NFCORE_CHIPSEQ:CHIPSEQ:ALIGN_BWA_MEM:BWA_MEM (EZH2_IP_NTKO_REP2_T1) (43),NFCORE_CHIPSEQ:CHIPSEQ:ALIGN_BWA_MEM:BWA_MEM (EZH2_IP_NTKO_REP2_T1) (43),1478667,43
,,0,2024-01-24T01:04:49.09644135Z,2024-02-23T01:04:49.09644135Z,2024-02-22T08:11:17.953025115Z,1199.0176,docker_cpu_usage_pct,NFCORE_CHIPSEQ:CHIPSEQ:ALIGN_BWA_MEM:BWA_MEM (EZH2_IP_NTKO_REP2_T1) (43),NFCORE_CHIPSEQ:CHIPSEQ:ALIGN_BWA_MEM:BWA_MEM (EZH2_IP_NTKO_REP2_T1) (43),1478667,43
,,0,2024-01-24T01:04:49.09644135Z,2024-02-23T01:04:49.09644135Z,2024-02-22T08:11:19.95269865Z,1186.3985,docker_cpu_usage_pct,NFCORE_CHIPSEQ:CHIPSEQ:ALIGN_BWA_MEM:BWA_MEM (EZH2_IP_NTKO_REP2_T1) (43),NFCORE_CHIPSEQ:CHIPSEQ:ALIGN_BWA_MEM:BWA_MEM (EZH2_IP_NTKO_REP2_T1) (43),1478667,43
,,0,2024-01-24T01:04:49.09644135Z,2024-02-23T01:04:49.09644135Z,2024-02-22T08:11:21.952065437Z,1183.5055,docker_cpu_usage_pct,NFCORE_CHIPSEQ:CHIPSEQ:ALIGN_BWA_MEM:BWA_MEM (EZH2_IP_NTKO_REP2_T1) (43),NFCORE_CHIPSEQ:CHIPSEQ:ALIGN_BWA_MEM:BWA_MEM (EZH2_IP_NTKO_REP2_T1) (43),1478667,43
,,0,2024-01-24T01:04:49.09644135Z,2024-02-23T01:04:49.09644135Z,2024-02-22T08:11:23.952688564Z,1193.767,docker_cpu_usage_pct,NFCORE_CHIPSEQ:CHIPSEQ:ALIGN_BWA_MEM:BWA_MEM (EZH2_IP_NTKO_REP2_T1) (43),NFCORE_CHIPSEQ:CHIPSEQ:ALIGN_BWA_MEM:BWA_MEM (EZH2_IP_NTKO_REP2_T1) (43),1478667,43
,,0,2024-01-24T01:04:49.09644135Z,2024-02-23T01:04:49.09644135Z,2024-02-22T08:11:25.952247288Z,1191.9569,docker_cpu_usage_pct,NFCORE_CHIPSEQ:CHIPSEQ:ALIGN_BWA_MEM:BWA_MEM (EZH2_IP_NTKO_REP2_T1) (43),NFCORE_CHIPSEQ:CHIPSEQ:ALIGN_BWA_MEM:BWA_MEM (EZH2_IP_NTKO_REP2_T1) (43),1478667,43
,,0,2024-01-24T01:04:49.09644135Z,2024-02-23T01:04:49.09644135Z,2024-02-22T08:11:27.95296222Z,1187.594,docker_cpu_usage_pct,NFCORE_CHIPSEQ:CHIPSEQ:ALIGN_BWA_MEM:BWA_MEM (EZH2_IP_NTKO_REP2_T1) (43),NFCORE_CHIPSEQ:CHIPSEQ:ALIGN_BWA_MEM:BWA_MEM (EZH2_IP_NTKO_REP2_T1) (43),1478667,43
,,0,2024-01-24T01:04:49.09644135Z,2024-02-23T01:04:49.09644135Z,2024-02-22T08:11:29.952482913Z,1191.9488,docker_cpu_usage_pct,NFCORE_CHIPSEQ:CHIPSEQ:ALIGN_BWA_MEM:BWA_MEM (EZH2_IP_NTKO_REP2_T1) (43),NFCORE_CHIPSEQ:CHIPSEQ:ALIGN_BWA_MEM:BWA_MEM (EZH2_IP_NTKO_REP2_T1) (43),1478667,43
,,0,2024-01-24T01:04:49.09644135Z,2024-02-23T01:04:49.09644135Z,2024-02-22T08:11:31.952838524Z,1191.9673,docker_cpu_usage_pct,NFCORE_CHIPSEQ:CHIPSEQ:ALIGN_BWA_MEM:BWA_MEM (EZH2_IP_NTKO_REP2_T1) (43),NFCORE_CHIPSEQ:CHIPSEQ:ALIGN_BWA_MEM:BWA_MEM (EZH2_IP_NTKO_REP2_T1) (43),1478667,43
,,0,2024-01-24T01:04:49.09644135Z,2024-02-23T01:04:49.09644135Z,2024-02-22T08:11:33.952583116Z,1190.8389,docker_cpu_usage_pct,NFCORE_CHIPSEQ:CHIPSEQ:ALIGN_BWA_MEM:BWA_MEM (EZH2_IP_NTKO_REP2_T1) (43),NFCORE_CHIPSEQ:CHIPSEQ:ALIGN_BWA_MEM:BWA_MEM (EZH2_IP_NTKO_REP2_T1) (43),1478667,43
,,0,2024-01-24T01:04:49.09644135Z,2024-02-23T01:04:49.09644135Z,2024-02-22T08:11:35.952952888Z,1196.7207,docker_cpu_usage_pct,NFCORE_CHIPSEQ:CHIPSEQ:ALIGN_BWA_MEM:BWA_MEM (EZH2_IP_NTKO_REP2_T1) (43),NFCORE_CHIPSEQ:CHIPSEQ:ALIGN_BWA_MEM:BWA_MEM (EZH2_IP_NTKO_REP2_T1) (43),1478667,43
,,0,2024-01-24T01:04:49.09644135Z,2024-02-23T01:04:49.09644135Z,2024-02-22T08:11:37.952454714Z,1182.4032,docker_cpu_usage_pct,NFCORE_CHIPSEQ:CHIPSEQ:ALIGN_BWA_MEM:BWA_MEM (EZH2_IP_NTKO_REP2_T1) (43),NFCORE_CHIPSEQ:CHIPSEQ:ALIGN_BWA_MEM:BWA_MEM (EZH2_IP_NTKO_REP2_T1) (43),1478667,43
,,0,2024-01-24T01:04:49.09644135Z,2024-02-23T01:04:49.09644135Z,2024-02-22T08:11:39.953147928Z,1178.0581,docker_cpu_usage_pct,NFCORE_CHIPSEQ:CHIPSEQ:ALIGN_BWA_MEM:BWA_MEM (EZH2_IP_NTKO_REP2_T1) (43),NFCORE_CHIPSEQ:CHIPSEQ:ALIGN_BWA_MEM:BWA_MEM (EZH2_IP_NTKO_REP2_T1) (43),1478667,43
,,0,2024-01-24T01:04:49.09644135Z,2024-02-23T01:04:49.09644135Z,2024-02-22T08:11:41.952550661Z,1138.2587,docker_cpu_usage_pct,NFCORE_CHIPSEQ:CHIPSEQ:ALIGN_BWA_MEM:BWA_MEM (EZH2_IP_NTKO_REP2_T1) (43),NFCORE_CHIPSEQ:CHIPSEQ:ALIGN_BWA_MEM:BWA_MEM (EZH2_IP_NTKO_REP2_T1) (43),1478667,43
,,0,2024-01-24T01:04:49.09644135Z,2024-02-23T01:04:49.09644135Z,2024-02-22T08:11:43.952161971Z,1429.1437,docker_cpu_usage_pct,NFCORE_CHIPSEQ:CHIPSEQ:ALIGN_BWA_MEM:BWA_MEM (EZH2_IP_NTKO_REP2_T1) (43),NFCORE_CHIPSEQ:CHIPSEQ:ALIGN_BWA_MEM:BWA_MEM (EZH2_IP_NTKO_REP2_T1) (43),1478667,43
,,0,2024-01-24T01:04:49.09644135Z,2024-02-23T01:04:49.09644135Z,2024-02-22T08:11:45.952833746Z,1442.5098,docker_cpu_usage_pct,NFCORE_CHIPSEQ:CHIPSEQ:ALIGN_BWA_MEM:BWA_MEM (EZH2_IP_NTKO_REP2_T1) (43),NFCORE_CHIPSEQ:CHIPSEQ:ALIGN_BWA_MEM:BWA_MEM (EZH2_IP_NTKO_REP2_T1) (43),1478667,43
,,0,2024-01-24T01:04:49.09644135Z,2024-02-23T01:04:49.09644135Z,2024-02-22T08:11:47.952295482Z,1518.8906,docker_cpu_usage_pct,NFCORE_CHIPSEQ:CHIPSEQ:ALIGN_BWA_MEM:BWA_MEM (EZH2_IP_NTKO_REP2_T1) (43),NFCORE_CHIPSEQ:CHIPSEQ:ALIGN_BWA_MEM:BWA_MEM (EZH2_IP_NTKO_REP2_T1) (43),1478667,43
,,0,2024-01-24T01:04:49.09644135Z,2024-02-23T01:04:49.09644135Z,2024-02-22T08:11:49.952933227Z,1282.0795,docker_cpu_usage_pct,NFCORE_CHIPSEQ:CHIPSEQ:ALIGN_BWA_MEM:BWA_MEM (EZH2_IP_NTKO_REP2_T1) (43),NFCORE_CHIPSEQ:CHIPSEQ:ALIGN_BWA_MEM:BWA_MEM (EZH2_IP_NTKO_REP2_T1) (43),1478667,43
,,0,2024-01-24T01:04:49.09644135Z,2024-02-23T01:04:49.09644135Z,2024-02-22T08:11:51.952335632Z,1183.1232,docker_cpu_usage_pct,NFCORE_CHIPSEQ:CHIPSEQ:ALIGN_BWA_MEM:BWA_MEM (EZH2_IP_NTKO_REP2_T1) (43),NFCORE_CHIPSEQ:CHIPSEQ:ALIGN_BWA_MEM:BWA_MEM (EZH2_IP_NTKO_REP2_T1) (43),1478667,43
,,0,2024-01-24T01:04:49.09644135Z,2024-02-23T01:04:49.09644135Z,2024-02-22T08:11:53.952926567Z,1184.2202,docker_cpu_usage_pct,NFCORE_CHIPSEQ:CHIPSEQ:ALIGN_BWA_MEM:BWA_MEM (EZH2_IP_NTKO_REP2_T1) (43),NFCORE_CHIPSEQ:CHIPSEQ:ALIGN_BWA_MEM:BWA_MEM (EZH2_IP_NTKO_REP2_T1) (43),1478667,43
,,0,2024-01-24T01:04:49.09644135Z,2024-02-23T01:04:49.09644135Z,2024-02-22T08:11:55.952466078Z,1181.676,docker_cpu_usage_pct,NFCORE_CHIPSEQ:CHIPSEQ:ALIGN_BWA_MEM:BWA_MEM (EZH2_IP_NTKO_REP2_T1) (43),NFCORE_CHIPSEQ:CHIPSEQ:ALIGN_BWA_MEM:BWA_MEM (EZH2_IP_NTKO_REP2_T1) (43),1478667,43
,,0,2024-01-24T01:04:49.09644135Z,2024-02-23T01:04:49.09644135Z,2024-02-22T08:11:57.953019792Z,1183.1432,docker_cpu_usage_pct,NFCORE_CHIPSEQ:CHIPSEQ:ALIGN_BWA_MEM:BWA_MEM (EZH2_IP_NTKO_REP2_T1) (43),NFCORE_CHIPSEQ:CHIPSEQ:ALIGN_BWA_MEM:BWA_MEM (EZH2_IP_NTKO_REP2_T1) (43),1478667,43
,,0,2024-01-24T01:04:49.09644135Z,2024-02-23T01:04:49.09644135Z,2024-02-22T08:11:59.952661897Z,1176.5014,docker_cpu_usage_pct,NFCORE_CHIPSEQ:CHIPSEQ:ALIGN_BWA_MEM:BWA_MEM (EZH2_IP_NTKO_REP2_T1) (43),NFCORE_CHIPSEQ:CHIPSEQ:ALIGN_BWA_MEM:BWA_MEM (EZH2_IP_NTKO_REP2_T1) (43),1478667,43
,,0,2024-01-24T01:04:49.09644135Z,2024-02-23T01:04:49.09644135Z,2024-02-22T08:12:02.952201009Z,1199.7067,docker_cpu_usage_pct,NFCORE_CHIPSEQ:CHIPSEQ:ALIGN_BWA_MEM:BWA_MEM (EZH2_IP_NTKO_REP2_T1) (43),NFCORE_CHIPSEQ:CHIPSEQ:ALIGN_BWA_MEM:BWA_MEM (EZH2_IP_NTKO_REP2_T1) (43),1478667,43
,,0,2024-01-24T01:04:49.09644135Z,2024-02-23T01:04:49.09644135Z,2024-02-22T08:12:03.952473917Z,1183.1278,docker_cpu_usage_pct,NFCORE_CHIPSEQ:CHIPSEQ:ALIGN_BWA_MEM:BWA_MEM (EZH2_IP_NTKO_REP2_T1) (43),NFCORE_CHIPSEQ:CHIPSEQ:ALIGN_BWA_MEM:BWA_MEM (EZH2_IP_NTKO_REP2_T1) (43),1478667,43
,,0,2024-01-24T01:04:49.09644135Z,2024-02-23T01:04:49.09644135Z,2024-02-22T08:12:05.953066764Z,1178.7651,docker_cpu_usage_pct,NFCORE_CHIPSEQ:CHIPSEQ:ALIGN_BWA_MEM:BWA_MEM (EZH2_IP_NTKO_REP2_T1) (43),NFCORE_CHIPSEQ:CHIPSEQ:ALIGN_BWA_MEM:BWA_MEM (EZH2_IP_NTKO_REP2_T1) (43),1478667,43
,,0,2024-01-24T01:04:49.09644135Z,2024-02-23T01:04:49.09644135Z,2024-02-22T08:12:08.952818025Z,1176.6305,docker_cpu_usage_pct,NFCORE_CHIPSEQ:CHIPSEQ:ALIGN_BWA_MEM:BWA_MEM (EZH2_IP_NTKO_REP2_T1) (43),NFCORE_CHIPSEQ:CHIPSEQ:ALIGN_BWA_MEM:BWA_MEM (EZH2_IP_NTKO_REP2_T1) (43),1478667,43
,,0,2024-01-24T01:04:49.09644135Z,2024-02-23T01:04:49.09644135Z,2024-02-22T08:12:09.952219666Z,1178.0507,docker_cpu_usage_pct,NFCORE_CHIPSEQ:CHIPSEQ:ALIGN_BWA_MEM:BWA_MEM (EZH2_IP_NTKO_REP2_T1) (43),NFCORE_CHIPSEQ:CHIPSEQ:ALIGN_BWA_MEM:BWA_MEM (EZH2_IP_NTKO_REP2_T1) (43),1478667,43
,,0,2024-01-24T01:04:49.09644135Z,2024-02-23T01:04:49.09644135Z,2024-02-22T08:12:12.952998011Z,1180.2269,docker_cpu_usage_pct,NFCORE_CHIPSEQ:CHIPSEQ:ALIGN_BWA_MEM:BWA_MEM (EZH2_IP_NTKO_REP2_T1) (43),NFCORE_CHIPSEQ:CHIPSEQ:ALIGN_BWA_MEM:BWA_MEM (EZH2_IP_NTKO_REP2_T1) (43),1478667,43
,,0,2024-01-24T01:04:49.09644135Z,2024-02-23T01:04:49.09644135Z,2024-02-22T08:12:14.952595248Z,1184.2,docker_cpu_usage_pct,NFCORE_CHIPSEQ:CHIPSEQ:ALIGN_BWA_MEM:BWA_MEM (EZH2_IP_NTKO_REP2_T1) (43),NFCORE_CHIPSEQ:CHIPSEQ:ALIGN_BWA_MEM:BWA_MEM (EZH2_IP_NTKO_REP2_T1) (43),1478667,43
,,0,2024-01-24T01:04:49.09644135Z,2024-02-23T01:04:49.09644135Z,2024-02-22T08:12:16.953184469Z,1182.0333,docker_cpu_usage_pct,NFCORE_CHIPSEQ:CHIPSEQ:ALIGN_BWA_MEM:BWA_MEM (EZH2_IP_NTKO_REP2_T1) (43),NFCORE_CHIPSEQ:CHIPSEQ:ALIGN_BWA_MEM:BWA_MEM (EZH2_IP_NTKO_REP2_T1) (43),1478667,43
,,0,2024-01-24T01:04:49.09644135Z,2024-02-23T01:04:49.09644135Z,2024-02-22T08:12:18.952679124Z,1182.4066,docker_cpu_usage_pct,NFCORE_CHIPSEQ:CHIPSEQ:ALIGN_BWA_MEM:BWA_MEM (EZH2_IP_NTKO_REP2_T1) (43),NFCORE_CHIPSEQ:CHIPSEQ:ALIGN_BWA_MEM:BWA_MEM (EZH2_IP_NTKO_REP2_T1) (43),1478667,43
,,0,2024-01-24T01:04:49.09644135Z,2024-02-23T01:04:49.09644135Z,2024-02-22T08:12:19.952050065Z,1145.6964,docker_cpu_usage_pct,NFCORE_CHIPSEQ:CHIPSEQ:ALIGN_BWA_MEM:BWA_MEM (EZH2_IP_NTKO_REP2_T1) (43),NFCORE_CHIPSEQ:CHIPSEQ:ALIGN_BWA_MEM:BWA_MEM (EZH2_IP_NTKO_REP2_T1) (43),1478667,43
,,0,2024-01-24T01:04:49.09644135Z,2024-02-23T01:04:49.09644135Z,2024-02-22T08:12:22.952927717Z,1435.1506,docker_cpu_usage_pct,NFCORE_CHIPSEQ:CHIPSEQ:ALIGN_BWA_MEM:BWA_MEM (EZH2_IP_NTKO_REP2_T1) (43),NFCORE_CHIPSEQ:CHIPSEQ:ALIGN_BWA_MEM:BWA_MEM (EZH2_IP_NTKO_REP2_T1) (43),1478667,43
,,0,2024-01-24T01:04:49.09644135Z,2024-02-23T01:04:49.09644135Z,2024-02-22T08:12:24.952349581Z,1468.7977,docker_cpu_usage_pct,NFCORE_CHIPSEQ:CHIPSEQ:ALIGN_BWA_MEM:BWA_MEM (EZH2_IP_NTKO_REP2_T1) (43),NFCORE_CHIPSEQ:CHIPSEQ:ALIGN_BWA_MEM:BWA_MEM (EZH2_IP_NTKO_REP2_T1) (43),1478667,43
,,0,2024-01-24T01:04:49.09644135Z,2024-02-23T01:04:49.09644135Z,2024-02-22T08:12:26.952887872Z,1513.8243,docker_cpu_usage_pct,NFCORE_CHIPSEQ:CHIPSEQ:ALIGN_BWA_MEM:BWA_MEM (EZH2_IP_NTKO_REP2_T1) (43),NFCORE_CHIPSEQ:CHIPSEQ:ALIGN_BWA_MEM:BWA_MEM (EZH2_IP_NTKO_REP2_T1) (43),1478667,43
,,0,2024-01-24T01:04:49.09644135Z,2024-02-23T01:04:49.09644135Z,2024-02-22T08:12:28.952497984Z,1285.9991,docker_cpu_usage_pct,NFCORE_CHIPSEQ:CHIPSEQ:ALIGN_BWA_MEM:BWA_MEM (EZH2_IP_NTKO_REP2_T1) (43),NFCORE_CHIPSEQ:CHIPSEQ:ALIGN_BWA_MEM:BWA_MEM (EZH2_IP_NTKO_REP2_T1) (43),1478667,43
,,0,2024-01-24T01:04:49.09644135Z,2024-02-23T01:04:49.09644135Z,2024-02-22T08:12:30.953035326Z,1180.9576,docker_cpu_usage_pct,NFCORE_CHIPSEQ:CHIPSEQ:ALIGN_BWA_MEM:BWA_MEM (EZH2_IP_NTKO_REP2_T1) (43),NFCORE_CHIPSEQ:CHIPSEQ:ALIGN_BWA_MEM:BWA_MEM (EZH2_IP_NTKO_REP2_T1) (43),1478667,43
,,0,2024-01-24T01:04:49.09644135Z,2024-02-23T01:04:49.09644135Z,2024-02-22T08:12:32.952579466Z,1179.864,docker_cpu_usage_pct,NFCORE_CHIPSEQ:CHIPSEQ:ALIGN_BWA_MEM:BWA_MEM (EZH2_IP_NTKO_REP2_T1) (43),NFCORE_CHIPSEQ:CHIPSEQ:ALIGN_BWA_MEM:BWA_MEM (EZH2_IP_NTKO_REP2_T1) (43),1478667,43
,,0,2024-01-24T01:04:49.09644135Z,2024-02-23T01:04:49.09644135Z,2024-02-22T08:12:34.95315272Z,1181.6712,docker_cpu_usage_pct,NFCORE_CHIPSEQ:CHIPSEQ:ALIGN_BWA_MEM:BWA_MEM (EZH2_IP_NTKO_REP2_T1) (43),NFCORE_CHIPSEQ:CHIPSEQ:ALIGN_BWA_MEM:BWA_MEM (EZH2_IP_NTKO_REP2_T1) (43),1478667,43
,,0,2024-01-24T01:04:49.09644135Z,2024-02-23T01:04:49.09644135Z,2024-02-22T08:12:36.952747273Z,1176.9568,docker_cpu_usage_pct,NFCORE_CHIPSEQ:CHIPSEQ:ALIGN_BWA_MEM:BWA_MEM (EZH2_IP_NTKO_REP2_T1) (43),NFCORE_CHIPSEQ:CHIPSEQ:ALIGN_BWA_MEM:BWA_MEM (EZH2_IP_NTKO_REP2_T1) (43),1478667,43
,,0,2024-01-24T01:04:49.09644135Z,2024-02-23T01:04:49.09644135Z,2024-02-22T08:12:38.952406119Z,1183.8514,docker_cpu_usage_pct,NFCORE_CHIPSEQ:CHIPSEQ:ALIGN_BWA_MEM:BWA_MEM (EZH2_IP_NTKO_REP2_T1) (43),NFCORE_CHIPSEQ:CHIPSEQ:ALIGN_BWA_MEM:BWA_MEM (EZH2_IP_NTKO_REP2_T1) (43),1478667,43
,,0,2024-01-24T01:04:49.09644135Z,2024-02-23T01:04:49.09644135Z,2024-02-22T08:12:40.953119489Z,1178.7768,docker_cpu_usage_pct,NFCORE_CHIPSEQ:CHIPSEQ:ALIGN_BWA_MEM:BWA_MEM (EZH2_IP_NTKO_REP2_T1) (43),NFCORE_CHIPSEQ:CHIPSEQ:ALIGN_BWA_MEM:BWA_MEM (EZH2_IP_NTKO_REP2_T1) (43),1478667,43
,,0,2024-01-24T01:04:49.09644135Z,2024-02-23T01:04:49.09644135Z,2024-02-22T08:12:42.952537737Z,1183.8677,docker_cpu_usage_pct,NFCORE_CHIPSEQ:CHIPSEQ:ALIGN_BWA_MEM:BWA_MEM (EZH2_IP_NTKO_REP2_T1) (43),NFCORE_CHIPSEQ:CHIPSEQ:ALIGN_BWA_MEM:BWA_MEM (EZH2_IP_NTKO_REP2_T1) (43),1478667,43
,,0,2024-01-24T01:04:49.09644135Z,2024-02-23T01:04:49.09644135Z,2024-02-22T08:12:44.953046041Z,1183.4978,docker_cpu_usage_pct,NFCORE_CHIPSEQ:CHIPSEQ:ALIGN_BWA_MEM:BWA_MEM (EZH2_IP_NTKO_REP2_T1) (43),NFCORE_CHIPSEQ:CHIPSEQ:ALIGN_BWA_MEM:BWA_MEM (EZH2_IP_NTKO_REP2_T1) (43),1478667,43
,,0,2024-01-24T01:04:49.09644135Z,2024-02-23T01:04:49.09644135Z,2024-02-22T08:12:46.95244054Z,1174.0776,docker_cpu_usage_pct,NFCORE_CHIPSEQ:CHIPSEQ:ALIGN_BWA_MEM:BWA_MEM (EZH2_IP_NTKO_REP2_T1) (43),NFCORE_CHIPSEQ:CHIPSEQ:ALIGN_BWA_MEM:BWA_MEM (EZH2_IP_NTKO_REP2_T1) (43),1478667,43
,,0,2024-01-24T01:04:49.09644135Z,2024-02-23T01:04:49.09644135Z,2024-02-22T08:12:48.953225645Z,1192.7065,docker_cpu_usage_pct,NFCORE_CHIPSEQ:CHIPSEQ:ALIGN_BWA_MEM:BWA_MEM (EZH2_IP_NTKO_REP2_T1) (43),NFCORE_CHIPSEQ:CHIPSEQ:ALIGN_BWA_MEM:BWA_MEM (EZH2_IP_NTKO_REP2_T1) (43),1478667,43
,,0,2024-01-24T01:04:49.09644135Z,2024-02-23T01:04:49.09644135Z,2024-02-22T08:12:50.952943025Z,1182.0345,docker_cpu_usage_pct,NFCORE_CHIPSEQ:CHIPSEQ:ALIGN_BWA_MEM:BWA_MEM (EZH2_IP_NTKO_REP2_T1) (43),NFCORE_CHIPSEQ:CHIPSEQ:ALIGN_BWA_MEM:BWA_MEM (EZH2_IP_NTKO_REP2_T1) (43),1478667,43
,,0,2024-01-24T01:04:49.09644135Z,2024-02-23T01:04:49.09644135Z,2024-02-22T08:12:52.952298684Z,1180.5877,docker_cpu_usage_pct,NFCORE_CHIPSEQ:CHIPSEQ:ALIGN_BWA_MEM:BWA_MEM (EZH2_IP_NTKO_REP2_T1) (43),NFCORE_CHIPSEQ:CHIPSEQ:ALIGN_BWA_MEM:BWA_MEM (EZH2_IP_NTKO_REP2_T1) (43),1478667,43
,,0,2024-01-24T01:04:49.09644135Z,2024-02-23T01:04:49.09644135Z,2024-02-22T08:12:54.953011747Z,1183.1293,docker_cpu_usage_pct,NFCORE_CHIPSEQ:CHIPSEQ:ALIGN_BWA_MEM:BWA_MEM (EZH2_IP_NTKO_REP2_T1) (43),NFCORE_CHIPSEQ:CHIPSEQ:ALIGN_BWA_MEM:BWA_MEM (EZH2_IP_NTKO_REP2_T1) (43),1478667,43
,,0,2024-01-24T01:04:49.09644135Z,2024-02-23T01:04:49.09644135Z,2024-02-22T08:12:56.952718758Z,1181.6861,docker_cpu_usage_pct,NFCORE_CHIPSEQ:CHIPSEQ:ALIGN_BWA_MEM:BWA_MEM (EZH2_IP_NTKO_REP2_T1) (43),NFCORE_CHIPSEQ:CHIPSEQ:ALIGN_BWA_MEM:BWA_MEM (EZH2_IP_NTKO_REP2_T1) (43),1478667,43
,,0,2024-01-24T01:04:49.09644135Z,2024-02-23T01:04:49.09644135Z,2024-02-22T08:12:58.953008419Z,1120.1061,docker_cpu_usage_pct,NFCORE_CHIPSEQ:CHIPSEQ:ALIGN_BWA_MEM:BWA_MEM (EZH2_IP_NTKO_REP2_T1) (43),NFCORE_CHIPSEQ:CHIPSEQ:ALIGN_BWA_MEM:BWA_MEM (EZH2_IP_NTKO_REP2_T1) (43),1478667,43
,,0,2024-01-24T01:04:49.09644135Z,2024-02-23T01:04:49.09644135Z,2024-02-22T08:13:00.952498254Z,1423.3056,docker_cpu_usage_pct,NFCORE_CHIPSEQ:CHIPSEQ:ALIGN_BWA_MEM:BWA_MEM (EZH2_IP_NTKO_REP2_T1) (43),NFCORE_CHIPSEQ:CHIPSEQ:ALIGN_BWA_MEM:BWA_MEM (EZH2_IP_NTKO_REP2_T1) (43),1478667,43
,,0,2024-01-24T01:04:49.09644135Z,2024-02-23T01:04:49.09644135Z,2024-02-22T08:13:02.953056324Z,1447.6266,docker_cpu_usage_pct,NFCORE_CHIPSEQ:CHIPSEQ:ALIGN_BWA_MEM:BWA_MEM (EZH2_IP_NTKO_REP2_T1) (43),NFCORE_CHIPSEQ:CHIPSEQ:ALIGN_BWA_MEM:BWA_MEM (EZH2_IP_NTKO_REP2_T1) (43),1478667,43
,,0,2024-01-24T01:04:49.09644135Z,2024-02-23T01:04:49.09644135Z,2024-02-22T08:13:04.952808319Z,1484.1448,docker_cpu_usage_pct,NFCORE_CHIPSEQ:CHIPSEQ:ALIGN_BWA_MEM:BWA_MEM (EZH2_IP_NTKO_REP2_T1) (43),NFCORE_CHIPSEQ:CHIPSEQ:ALIGN_BWA_MEM:BWA_MEM (EZH2_IP_NTKO_REP2_T1) (43),1478667,43
,,0,2024-01-24T01:04:49.09644135Z,2024-02-23T01:04:49.09644135Z,2024-02-22T08:13:06.952294125Z,1280.8198,docker_cpu_usage_pct,NFCORE_CHIPSEQ:CHIPSEQ:ALIGN_BWA_MEM:BWA_MEM (EZH2_IP_NTKO_REP2_T1) (43),NFCORE_CHIPSEQ:CHIPSEQ:ALIGN_BWA_MEM:BWA_MEM (EZH2_IP_NTKO_REP2_T1) (43),1478667,43
,,0,2024-01-24T01:04:49.09644135Z,2024-02-23T01:04:49.09644135Z,2024-02-22T08:13:08.952903028Z,1192.9561,docker_cpu_usage_pct,NFCORE_CHIPSEQ:CHIPSEQ:ALIGN_BWA_MEM:BWA_MEM (EZH2_IP_NTKO_REP2_T1) (43),NFCORE_CHIPSEQ:CHIPSEQ:ALIGN_BWA_MEM:BWA_MEM (EZH2_IP_NTKO_REP2_T1) (43),1478667,43
,,0,2024-01-24T01:04:49.09644135Z,2024-02-23T01:04:49.09644135Z,2024-02-22T08:13:10.952315173Z,1176.5983,docker_cpu_usage_pct,NFCORE_CHIPSEQ:CHIPSEQ:ALIGN_BWA_MEM:BWA_MEM (EZH2_IP_NTKO_REP2_T1) (43),NFCORE_CHIPSEQ:CHIPSEQ:ALIGN_BWA_MEM:BWA_MEM (EZH2_IP_NTKO_REP2_T1) (43),1478667,43
,,0,2024-01-24T01:04:49.09644135Z,2024-02-23T01:04:49.09644135Z,2024-02-22T08:13:12.952993789Z,1170.5164,docker_cpu_usage_pct,NFCORE_CHIPSEQ:CHIPSEQ:ALIGN_BWA_MEM:BWA_MEM (EZH2_IP_NTKO_REP2_T1) (43),NFCORE_CHIPSEQ:CHIPSEQ:ALIGN_BWA_MEM:BWA_MEM (EZH2_IP_NTKO_REP2_T1) (43),1478667,43
,,0,2024-01-24T01:04:49.09644135Z,2024-02-23T01:04:49.09644135Z,2024-02-22T08:13:14.952423805Z,1176.5963,docker_cpu_usage_pct,NFCORE_CHIPSEQ:CHIPSEQ:ALIGN_BWA_MEM:BWA_MEM (EZH2_IP_NTKO_REP2_T1) (43),NFCORE_CHIPSEQ:CHIPSEQ:ALIGN_BWA_MEM:BWA_MEM (EZH2_IP_NTKO_REP2_T1) (43),1478667,43
,,0,2024-01-24T01:04:49.09644135Z,2024-02-23T01:04:49.09644135Z,2024-02-22T08:13:16.952987419Z,1176.6076,docker_cpu_usage_pct,NFCORE_CHIPSEQ:CHIPSEQ:ALIGN_BWA_MEM:BWA_MEM (EZH2_IP_NTKO_REP2_T1) (43),NFCORE_CHIPSEQ:CHIPSEQ:ALIGN_BWA_MEM:BWA_MEM (EZH2_IP_NTKO_REP2_T1) (43),1478667,43
,,0,2024-01-24T01:04:49.09644135Z,2024-02-23T01:04:49.09644135Z,2024-02-22T08:13:18.952477818Z,1182.0424,docker_cpu_usage_pct,NFCORE_CHIPSEQ:CHIPSEQ:ALIGN_BWA_MEM:BWA_MEM (EZH2_IP_NTKO_REP2_T1) (43),NFCORE_CHIPSEQ:CHIPSEQ:ALIGN_BWA_MEM:BWA_MEM (EZH2_IP_NTKO_REP2_T1) (43),1478667,43
,,0,2024-01-24T01:04:49.09644135Z,2024-02-23T01:04:49.09644135Z,2024-02-22T08:13:20.953220608Z,1175.5524,docker_cpu_usage_pct,NFCORE_CHIPSEQ:CHIPSEQ:ALIGN_BWA_MEM:BWA_MEM (EZH2_IP_NTKO_REP2_T1) (43),NFCORE_CHIPSEQ:CHIPSEQ:ALIGN_BWA_MEM:BWA_MEM (EZH2_IP_NTKO_REP2_T1) (43),1478667,43
,,0,2024-01-24T01:04:49.09644135Z,2024-02-23T01:04:49.09644135Z,2024-02-22T08:13:22.953294097Z,1189.3556,docker_cpu_usage_pct,NFCORE_CHIPSEQ:CHIPSEQ:ALIGN_BWA_MEM:BWA_MEM (EZH2_IP_NTKO_REP2_T1) (43),NFCORE_CHIPSEQ:CHIPSEQ:ALIGN_BWA_MEM:BWA_MEM (EZH2_IP_NTKO_REP2_T1) (43),1478667,43
,,0,2024-01-24T01:04:49.09644135Z,2024-02-23T01:04:49.09644135Z,2024-02-22T08:13:24.953189101Z,1183.1141,docker_cpu_usage_pct,NFCORE_CHIPSEQ:CHIPSEQ:ALIGN_BWA_MEM:BWA_MEM (EZH2_IP_NTKO_REP2_T1) (43),NFCORE_CHIPSEQ:CHIPSEQ:ALIGN_BWA_MEM:BWA_MEM (EZH2_IP_NTKO_REP2_T1) (43),1478667,43
,,0,2024-01-24T01:04:49.09644135Z,2024-02-23T01:04:49.09644135Z,2024-02-22T08:13:26.952665721Z,1170.8682,docker_cpu_usage_pct,NFCORE_CHIPSEQ:CHIPSEQ:ALIGN_BWA_MEM:BWA_MEM (EZH2_IP_NTKO_REP2_T1) (43),NFCORE_CHIPSEQ:CHIPSEQ:ALIGN_BWA_MEM:BWA_MEM (EZH2_IP_NTKO_REP2_T1) (43),1478667,43
,,0,2024-01-24T01:04:49.09644135Z,2024-02-23T01:04:49.09644135Z,2024-02-22T08:13:28.952465373Z,1179.7274,docker_cpu_usage_pct,NFCORE_CHIPSEQ:CHIPSEQ:ALIGN_BWA_MEM:BWA_MEM (EZH2_IP_NTKO_REP2_T1) (43),NFCORE_CHIPSEQ:CHIPSEQ:ALIGN_BWA_MEM:BWA_MEM (EZH2_IP_NTKO_REP2_T1) (43),1478667,43
,,0,2024-01-24T01:04:49.09644135Z,2024-02-23T01:04:49.09644135Z,2024-02-22T08:13:30.952806772Z,1198.641,docker_cpu_usage_pct,NFCORE_CHIPSEQ:CHIPSEQ:ALIGN_BWA_MEM:BWA_MEM (EZH2_IP_NTKO_REP2_T1) (43),NFCORE_CHIPSEQ:CHIPSEQ:ALIGN_BWA_MEM:BWA_MEM (EZH2_IP_NTKO_REP2_T1) (43),1478667,43
,,0,2024-01-24T01:04:49.09644135Z,2024-02-23T01:04:49.09644135Z,2024-02-22T08:13:32.952347916Z,1180.9833,docker_cpu_usage_pct,NFCORE_CHIPSEQ:CHIPSEQ:ALIGN_BWA_MEM:BWA_MEM (EZH2_IP_NTKO_REP2_T1) (43),NFCORE_CHIPSEQ:CHIPSEQ:ALIGN_BWA_MEM:BWA_MEM (EZH2_IP_NTKO_REP2_T1) (43),1478667,43
,,0,2024-01-24T01:04:49.09644135Z,2024-02-23T01:04:49.09644135Z,2024-02-22T08:13:34.953086269Z,1183.1281,docker_cpu_usage_pct,NFCORE_CHIPSEQ:CHIPSEQ:ALIGN_BWA_MEM:BWA_MEM (EZH2_IP_NTKO_REP2_T1) (43),NFCORE_CHIPSEQ:CHIPSEQ:ALIGN_BWA_MEM:BWA_MEM (EZH2_IP_NTKO_REP2_T1) (43),1478667,43
,,0,2024-01-24T01:04:49.09644135Z,2024-02-23T01:04:49.09644135Z,2024-02-22T08:13:36.952390576Z,1167.0676,docker_cpu_usage_pct,NFCORE_CHIPSEQ:CHIPSEQ:ALIGN_BWA_MEM:BWA_MEM (EZH2_IP_NTKO_REP2_T1) (43),NFCORE_CHIPSEQ:CHIPSEQ:ALIGN_BWA_MEM:BWA_MEM (EZH2_IP_NTKO_REP2_T1) (43),1478667,43
,,0,2024-01-24T01:04:49.09644135Z,2024-02-23T01:04:49.09644135Z,2024-02-22T08:13:38.952808549Z,1398.9161,docker_cpu_usage_pct,NFCORE_CHIPSEQ:CHIPSEQ:ALIGN_BWA_MEM:BWA_MEM (EZH2_IP_NTKO_REP2_T1) (43),NFCORE_CHIPSEQ:CHIPSEQ:ALIGN_BWA_MEM:BWA_MEM (EZH2_IP_NTKO_REP2_T1) (43),1478667,43
,,0,2024-01-24T01:04:49.09644135Z,2024-02-23T01:04:49.09644135Z,2024-02-22T08:13:40.952351025Z,1446.7669,docker_cpu_usage_pct,NFCORE_CHIPSEQ:CHIPSEQ:ALIGN_BWA_MEM:BWA_MEM (EZH2_IP_NTKO_REP2_T1) (43),NFCORE_CHIPSEQ:CHIPSEQ:ALIGN_BWA_MEM:BWA_MEM (EZH2_IP_NTKO_REP2_T1) (43),1478667,43
,,0,2024-01-24T01:04:49.09644135Z,2024-02-23T01:04:49.09644135Z,2024-02-22T08:13:42.953050018Z,1489.1097,docker_cpu_usage_pct,NFCORE_CHIPSEQ:CHIPSEQ:ALIGN_BWA_MEM:BWA_MEM (EZH2_IP_NTKO_REP2_T1) (43),NFCORE_CHIPSEQ:CHIPSEQ:ALIGN_BWA_MEM:BWA_MEM (EZH2_IP_NTKO_REP2_T1) (43),1478667,43
,,0,2024-01-24T01:04:49.09644135Z,2024-02-23T01:04:49.09644135Z,2024-02-22T08:13:44.952622005Z,1280.1454,docker_cpu_usage_pct,NFCORE_CHIPSEQ:CHIPSEQ:ALIGN_BWA_MEM:BWA_MEM (EZH2_IP_NTKO_REP2_T1) (43),NFCORE_CHIPSEQ:CHIPSEQ:ALIGN_BWA_MEM:BWA_MEM (EZH2_IP_NTKO_REP2_T1) (43),1478667,43
,,0,2024-01-24T01:04:49.09644135Z,2024-02-23T01:04:49.09644135Z,2024-02-22T08:13:46.95301218Z,1222.544,docker_cpu_usage_pct,NFCORE_CHIPSEQ:CHIPSEQ:ALIGN_BWA_MEM:BWA_MEM (EZH2_IP_NTKO_REP2_T1) (43),NFCORE_CHIPSEQ:CHIPSEQ:ALIGN_BWA_MEM:BWA_MEM (EZH2_IP_NTKO_REP2_T1) (43),1478667,43
,,0,2024-01-24T01:04:49.09644135Z,2024-02-23T01:04:49.09644135Z,2024-02-22T08:13:48.952698492Z,1180.5712,docker_cpu_usage_pct,NFCORE_CHIPSEQ:CHIPSEQ:ALIGN_BWA_MEM:BWA_MEM (EZH2_IP_NTKO_REP2_T1) (43),NFCORE_CHIPSEQ:CHIPSEQ:ALIGN_BWA_MEM:BWA_MEM (EZH2_IP_NTKO_REP2_T1) (43),1478667,43
,,0,2024-01-24T01:04:49.09644135Z,2024-02-23T01:04:49.09644135Z,2024-02-22T08:13:50.953289853Z,1181.6712,docker_cpu_usage_pct,NFCORE_CHIPSEQ:CHIPSEQ:ALIGN_BWA_MEM:BWA_MEM (EZH2_IP_NTKO_REP2_T1) (43),NFCORE_CHIPSEQ:CHIPSEQ:ALIGN_BWA_MEM:BWA_MEM (EZH2_IP_NTKO_REP2_T1) (43),1478667,43
,,0,2024-01-24T01:04:49.09644135Z,2024-02-23T01:04:49.09644135Z,2024-02-22T08:13:52.952718137Z,1181.6614,docker_cpu_usage_pct,NFCORE_CHIPSEQ:CHIPSEQ:ALIGN_BWA_MEM:BWA_MEM (EZH2_IP_NTKO_REP2_T1) (43),NFCORE_CHIPSEQ:CHIPSEQ:ALIGN_BWA_MEM:BWA_MEM (EZH2_IP_NTKO_REP2_T1) (43),1478667,43
,,0,2024-01-24T01:04:49.09644135Z,2024-02-23T01:04:49.09644135Z,2024-02-22T08:13:54.952461603Z,1201.5387,docker_cpu_usage_pct,NFCORE_CHIPSEQ:CHIPSEQ:ALIGN_BWA_MEM:BWA_MEM (EZH2_IP_NTKO_REP2_T1) (43),NFCORE_CHIPSEQ:CHIPSEQ:ALIGN_BWA_MEM:BWA_MEM (EZH2_IP_NTKO_REP2_T1) (43),1478667,43
,,0,2024-01-24T01:04:49.09644135Z,2024-02-23T01:04:49.09644135Z,2024-02-22T08:13:56.952924801Z,1186.0469,docker_cpu_usage_pct,NFCORE_CHIPSEQ:CHIPSEQ:ALIGN_BWA_MEM:BWA_MEM (EZH2_IP_NTKO_REP2_T1) (43),NFCORE_CHIPSEQ:CHIPSEQ:ALIGN_BWA_MEM:BWA_MEM (EZH2_IP_NTKO_REP2_T1) (43),1478667,43
,,0,2024-01-24T01:04:49.09644135Z,2024-02-23T01:04:49.09644135Z,2024-02-22T08:13:58.95244548Z,1191.056,docker_cpu_usage_pct,NFCORE_CHIPSEQ:CHIPSEQ:ALIGN_BWA_MEM:BWA_MEM (EZH2_IP_NTKO_REP2_T1) (43),NFCORE_CHIPSEQ:CHIPSEQ:ALIGN_BWA_MEM:BWA_MEM (EZH2_IP_NTKO_REP2_T1) (43),1478667,43
,,0,2024-01-24T01:04:49.09644135Z,2024-02-23T01:04:49.09644135Z,2024-02-22T08:14:00.953199398Z,1170.5132,docker_cpu_usage_pct,NFCORE_CHIPSEQ:CHIPSEQ:ALIGN_BWA_MEM:BWA_MEM (EZH2_IP_NTKO_REP2_T1) (43),NFCORE_CHIPSEQ:CHIPSEQ:ALIGN_BWA_MEM:BWA_MEM (EZH2_IP_NTKO_REP2_T1) (43),1478667,43
,,0,2024-01-24T01:04:49.09644135Z,2024-02-23T01:04:49.09644135Z,2024-02-22T08:14:02.95278889Z,1176.9709,docker_cpu_usage_pct,NFCORE_CHIPSEQ:CHIPSEQ:ALIGN_BWA_MEM:BWA_MEM (EZH2_IP_NTKO_REP2_T1) (43),NFCORE_CHIPSEQ:CHIPSEQ:ALIGN_BWA_MEM:BWA_MEM (EZH2_IP_NTKO_REP2_T1) (43),1478667,43
,,0,2024-01-24T01:04:49.09644135Z,2024-02-23T01:04:49.09644135Z,2024-02-22T08:14:04.952130264Z,1180.2203,docker_cpu_usage_pct,NFCORE_CHIPSEQ:CHIPSEQ:ALIGN_BWA_MEM:BWA_MEM (EZH2_IP_NTKO_REP2_T1) (43),NFCORE_CHIPSEQ:CHIPSEQ:ALIGN_BWA_MEM:BWA_MEM (EZH2_IP_NTKO_REP2_T1) (43),1478667,43
,,0,2024-01-24T01:04:49.09644135Z,2024-02-23T01:04:49.09644135Z,2024-02-22T08:14:06.952878844Z,1185.233,docker_cpu_usage_pct,NFCORE_CHIPSEQ:CHIPSEQ:ALIGN_BWA_MEM:BWA_MEM (EZH2_IP_NTKO_REP2_T1) (43),NFCORE_CHIPSEQ:CHIPSEQ:ALIGN_BWA_MEM:BWA_MEM (EZH2_IP_NTKO_REP2_T1) (43),1478667,43
,,0,2024-01-24T01:04:49.09644135Z,2024-02-23T01:04:49.09644135Z,2024-02-22T08:14:08.952342853Z,1180.5698,docker_cpu_usage_pct,NFCORE_CHIPSEQ:CHIPSEQ:ALIGN_BWA_MEM:BWA_MEM (EZH2_IP_NTKO_REP2_T1) (43),NFCORE_CHIPSEQ:CHIPSEQ:ALIGN_BWA_MEM:BWA_MEM (EZH2_IP_NTKO_REP2_T1) (43),1478667,43
,,0,2024-01-24T01:04:49.09644135Z,2024-02-23T01:04:49.09644135Z,2024-02-22T08:14:10.952815105Z,1195.3175,docker_cpu_usage_pct,NFCORE_CHIPSEQ:CHIPSEQ:ALIGN_BWA_MEM:BWA_MEM (EZH2_IP_NTKO_REP2_T1) (43),NFCORE_CHIPSEQ:CHIPSEQ:ALIGN_BWA_MEM:BWA_MEM (EZH2_IP_NTKO_REP2_T1) (43),1478667,43
,,0,2024-01-24T01:04:49.09644135Z,2024-02-23T01:04:49.09644135Z,2024-02-22T08:14:12.952523662Z,1192.6933,docker_cpu_usage_pct,NFCORE_CHIPSEQ:CHIPSEQ:ALIGN_BWA_MEM:BWA_MEM (EZH2_IP_NTKO_REP2_T1) (43),NFCORE_CHIPSEQ:CHIPSEQ:ALIGN_BWA_MEM:BWA_MEM (EZH2_IP_NTKO_REP2_T1) (43),1478667,43
,,0,2024-01-24T01:04:49.09644135Z,2024-02-23T01:04:49.09644135Z,2024-02-22T08:14:14.953062517Z,1168.4606,docker_cpu_usage_pct,NFCORE_CHIPSEQ:CHIPSEQ:ALIGN_BWA_MEM:BWA_MEM (EZH2_IP_NTKO_REP2_T1) (43),NFCORE_CHIPSEQ:CHIPSEQ:ALIGN_BWA_MEM:BWA_MEM (EZH2_IP_NTKO_REP2_T1) (43),1478667,43
,,0,2024-01-24T01:04:49.09644135Z,2024-02-23T01:04:49.09644135Z,2024-02-22T08:14:16.952771715Z,1270.0728,docker_cpu_usage_pct,NFCORE_CHIPSEQ:CHIPSEQ:ALIGN_BWA_MEM:BWA_MEM (EZH2_IP_NTKO_REP2_T1) (43),NFCORE_CHIPSEQ:CHIPSEQ:ALIGN_BWA_MEM:BWA_MEM (EZH2_IP_NTKO_REP2_T1) (43),1478667,43
,,0,2024-01-24T01:04:49.09644135Z,2024-02-23T01:04:49.09644135Z,2024-02-22T08:14:18.953120645Z,1441.0935,docker_cpu_usage_pct,NFCORE_CHIPSEQ:CHIPSEQ:ALIGN_BWA_MEM:BWA_MEM (EZH2_IP_NTKO_REP2_T1) (43),NFCORE_CHIPSEQ:CHIPSEQ:ALIGN_BWA_MEM:BWA_MEM (EZH2_IP_NTKO_REP2_T1) (43),1478667,43
,,0,2024-01-24T01:04:49.09644135Z,2024-02-23T01:04:49.09644135Z,2024-02-22T08:14:20.952550015Z,1468.9491,docker_cpu_usage_pct,NFCORE_CHIPSEQ:CHIPSEQ:ALIGN_BWA_MEM:BWA_MEM (EZH2_IP_NTKO_REP2_T1) (43),NFCORE_CHIPSEQ:CHIPSEQ:ALIGN_BWA_MEM:BWA_MEM (EZH2_IP_NTKO_REP2_T1) (43),1478667,43
,,0,2024-01-24T01:04:49.09644135Z,2024-02-23T01:04:49.09644135Z,2024-02-22T08:14:22.953130952Z,1293.1998,docker_cpu_usage_pct,NFCORE_CHIPSEQ:CHIPSEQ:ALIGN_BWA_MEM:BWA_MEM (EZH2_IP_NTKO_REP2_T1) (43),NFCORE_CHIPSEQ:CHIPSEQ:ALIGN_BWA_MEM:BWA_MEM (EZH2_IP_NTKO_REP2_T1) (43),1478667,43
,,0,2024-01-24T01:04:49.09644135Z,2024-02-23T01:04:49.09644135Z,2024-02-22T08:14:24.952663776Z,1240.6426,docker_cpu_usage_pct,NFCORE_CHIPSEQ:CHIPSEQ:ALIGN_BWA_MEM:BWA_MEM (EZH2_IP_NTKO_REP2_T1) (43),NFCORE_CHIPSEQ:CHIPSEQ:ALIGN_BWA_MEM:BWA_MEM (EZH2_IP_NTKO_REP2_T1) (43),1478667,43
,,0,2024-01-24T01:04:49.09644135Z,2024-02-23T01:04:49.09644135Z,2024-02-22T08:14:26.952405987Z,1179.8653,docker_cpu_usage_pct,NFCORE_CHIPSEQ:CHIPSEQ:ALIGN_BWA_MEM:BWA_MEM (EZH2_IP_NTKO_REP2_T1) (43),NFCORE_CHIPSEQ:CHIPSEQ:ALIGN_BWA_MEM:BWA_MEM (EZH2_IP_NTKO_REP2_T1) (43),1478667,43
,,0,2024-01-24T01:04:49.09644135Z,2024-02-23T01:04:49.09644135Z,2024-02-22T08:14:28.95279313Z,1198.5043,docker_cpu_usage_pct,NFCORE_CHIPSEQ:CHIPSEQ:ALIGN_BWA_MEM:BWA_MEM (EZH2_IP_NTKO_REP2_T1) (43),NFCORE_CHIPSEQ:CHIPSEQ:ALIGN_BWA_MEM:BWA_MEM (EZH2_IP_NTKO_REP2_T1) (43),1478667,43
,,0,2024-01-24T01:04:49.09644135Z,2024-02-23T01:04:49.09644135Z,2024-02-22T08:14:30.952371817Z,1183.8505,docker_cpu_usage_pct,NFCORE_CHIPSEQ:CHIPSEQ:ALIGN_BWA_MEM:BWA_MEM (EZH2_IP_NTKO_REP2_T1) (43),NFCORE_CHIPSEQ:CHIPSEQ:ALIGN_BWA_MEM:BWA_MEM (EZH2_IP_NTKO_REP2_T1) (43),1478667,43
,,0,2024-01-24T01:04:49.09644135Z,2024-02-23T01:04:49.09644135Z,2024-02-22T08:14:32.952882694Z,1196.3937,docker_cpu_usage_pct,NFCORE_CHIPSEQ:CHIPSEQ:ALIGN_BWA_MEM:BWA_MEM (EZH2_IP_NTKO_REP2_T1) (43),NFCORE_CHIPSEQ:CHIPSEQ:ALIGN_BWA_MEM:BWA_MEM (EZH2_IP_NTKO_REP2_T1) (43),1478667,43
,,0,2024-01-24T01:04:49.09644135Z,2024-02-23T01:04:49.09644135Z,2024-02-22T08:14:34.952472852Z,1185.6827,docker_cpu_usage_pct,NFCORE_CHIPSEQ:CHIPSEQ:ALIGN_BWA_MEM:BWA_MEM (EZH2_IP_NTKO_REP2_T1) (43),NFCORE_CHIPSEQ:CHIPSEQ:ALIGN_BWA_MEM:BWA_MEM (EZH2_IP_NTKO_REP2_T1) (43),1478667,43
,,0,2024-01-24T01:04:49.09644135Z,2024-02-23T01:04:49.09644135Z,2024-02-22T08:14:36.953161885Z,1178.045,docker_cpu_usage_pct,NFCORE_CHIPSEQ:CHIPSEQ:ALIGN_BWA_MEM:BWA_MEM (EZH2_IP_NTKO_REP2_T1) (43),NFCORE_CHIPSEQ:CHIPSEQ:ALIGN_BWA_MEM:BWA_MEM (EZH2_IP_NTKO_REP2_T1) (43),1478667,43
,,0,2024-01-24T01:04:49.09644135Z,2024-02-23T01:04:49.09644135Z,2024-02-22T08:14:38.952797606Z,1177.6937,docker_cpu_usage_pct,NFCORE_CHIPSEQ:CHIPSEQ:ALIGN_BWA_MEM:BWA_MEM (EZH2_IP_NTKO_REP2_T1) (43),NFCORE_CHIPSEQ:CHIPSEQ:ALIGN_BWA_MEM:BWA_MEM (EZH2_IP_NTKO_REP2_T1) (43),1478667,43
,,0,2024-01-24T01:04:49.09644135Z,2024-02-23T01:04:49.09644135Z,2024-02-22T08:14:40.952384335Z,1184.2152,docker_cpu_usage_pct,NFCORE_CHIPSEQ:CHIPSEQ:ALIGN_BWA_MEM:BWA_MEM (EZH2_IP_NTKO_REP2_T1) (43),NFCORE_CHIPSEQ:CHIPSEQ:ALIGN_BWA_MEM:BWA_MEM (EZH2_IP_NTKO_REP2_T1) (43),1478667,43
,,0,2024-01-24T01:04:49.09644135Z,2024-02-23T01:04:49.09644135Z,2024-02-22T08:14:42.953178473Z,1181.315,docker_cpu_usage_pct,NFCORE_CHIPSEQ:CHIPSEQ:ALIGN_BWA_MEM:BWA_MEM (EZH2_IP_NTKO_REP2_T1) (43),NFCORE_CHIPSEQ:CHIPSEQ:ALIGN_BWA_MEM:BWA_MEM (EZH2_IP_NTKO_REP2_T1) (43),1478667,43
,,0,2024-01-24T01:04:49.09644135Z,2024-02-23T01:04:49.09644135Z,2024-02-22T08:14:44.952468203Z,1174.0859,docker_cpu_usage_pct,NFCORE_CHIPSEQ:CHIPSEQ:ALIGN_BWA_MEM:BWA_MEM (EZH2_IP_NTKO_REP2_T1) (43),NFCORE_CHIPSEQ:CHIPSEQ:ALIGN_BWA_MEM:BWA_MEM (EZH2_IP_NTKO_REP2_T1) (43),1478667,43
,,0,2024-01-24T01:04:49.09644135Z,2024-02-23T01:04:49.09644135Z,2024-02-22T08:14:46.953018654Z,1176.2411,docker_cpu_usage_pct,NFCORE_CHIPSEQ:CHIPSEQ:ALIGN_BWA_MEM:BWA_MEM (EZH2_IP_NTKO_REP2_T1) (43),NFCORE_CHIPSEQ:CHIPSEQ:ALIGN_BWA_MEM:BWA_MEM (EZH2_IP_NTKO_REP2_T1) (43),1478667,43
,,0,2024-01-24T01:04:49.09644135Z,2024-02-23T01:04:49.09644135Z,2024-02-22T08:14:48.952578574Z,1179.5073,docker_cpu_usage_pct,NFCORE_CHIPSEQ:CHIPSEQ:ALIGN_BWA_MEM:BWA_MEM (EZH2_IP_NTKO_REP2_T1) (43),NFCORE_CHIPSEQ:CHIPSEQ:ALIGN_BWA_MEM:BWA_MEM (EZH2_IP_NTKO_REP2_T1) (43),1478667,43
,,0,2024-01-24T01:04:49.09644135Z,2024-02-23T01:04:49.09644135Z,2024-02-22T08:14:50.953317112Z,1178.7636,docker_cpu_usage_pct,NFCORE_CHIPSEQ:CHIPSEQ:ALIGN_BWA_MEM:BWA_MEM (EZH2_IP_NTKO_REP2_T1) (43),NFCORE_CHIPSEQ:CHIPSEQ:ALIGN_BWA_MEM:BWA_MEM (EZH2_IP_NTKO_REP2_T1) (43),1478667,43
,,0,2024-01-24T01:04:49.09644135Z,2024-02-23T01:04:49.09644135Z,2024-02-22T08:14:52.952478399Z,1179.1332,docker_cpu_usage_pct,NFCORE_CHIPSEQ:CHIPSEQ:ALIGN_BWA_MEM:BWA_MEM (EZH2_IP_NTKO_REP2_T1) (43),NFCORE_CHIPSEQ:CHIPSEQ:ALIGN_BWA_MEM:BWA_MEM (EZH2_IP_NTKO_REP2_T1) (43),1478667,43
,,0,2024-01-24T01:04:49.09644135Z,2024-02-23T01:04:49.09644135Z,2024-02-22T08:14:54.953022041Z,1138.2917,docker_cpu_usage_pct,NFCORE_CHIPSEQ:CHIPSEQ:ALIGN_BWA_MEM:BWA_MEM (EZH2_IP_NTKO_REP2_T1) (43),NFCORE_CHIPSEQ:CHIPSEQ:ALIGN_BWA_MEM:BWA_MEM (EZH2_IP_NTKO_REP2_T1) (43),1478667,43
,,0,2024-01-24T01:04:49.09644135Z,2024-02-23T01:04:49.09644135Z,2024-02-22T08:14:56.952562012Z,1427.9182,docker_cpu_usage_pct,NFCORE_CHIPSEQ:CHIPSEQ:ALIGN_BWA_MEM:BWA_MEM (EZH2_IP_NTKO_REP2_T1) (43),NFCORE_CHIPSEQ:CHIPSEQ:ALIGN_BWA_MEM:BWA_MEM (EZH2_IP_NTKO_REP2_T1) (43),1478667,43
,,0,2024-01-24T01:04:49.09644135Z,2024-02-23T01:04:49.09644135Z,2024-02-22T08:14:58.952903068Z,1465.5587,docker_cpu_usage_pct,NFCORE_CHIPSEQ:CHIPSEQ:ALIGN_BWA_MEM:BWA_MEM (EZH2_IP_NTKO_REP2_T1) (43),NFCORE_CHIPSEQ:CHIPSEQ:ALIGN_BWA_MEM:BWA_MEM (EZH2_IP_NTKO_REP2_T1) (43),1478667,43
,,0,2024-01-24T01:04:49.09644135Z,2024-02-23T01:04:49.09644135Z,2024-02-22T08:15:00.952597784Z,1350.1415,docker_cpu_usage_pct,NFCORE_CHIPSEQ:CHIPSEQ:ALIGN_BWA_MEM:BWA_MEM (EZH2_IP_NTKO_REP2_T1) (43),NFCORE_CHIPSEQ:CHIPSEQ:ALIGN_BWA_MEM:BWA_MEM (EZH2_IP_NTKO_REP2_T1) (43),1478667,43
,,0,2024-01-24T01:04:49.09644135Z,2024-02-23T01:04:49.09644135Z,2024-02-22T08:15:02.953059115Z,1304.5411,docker_cpu_usage_pct,NFCORE_CHIPSEQ:CHIPSEQ:ALIGN_BWA_MEM:BWA_MEM (EZH2_IP_NTKO_REP2_T1) (43),NFCORE_CHIPSEQ:CHIPSEQ:ALIGN_BWA_MEM:BWA_MEM (EZH2_IP_NTKO_REP2_T1) (43),1478667,43
,,0,2024-01-24T01:04:49.09644135Z,2024-02-23T01:04:49.09644135Z,2024-02-22T08:15:04.952846305Z,1180.2254,docker_cpu_usage_pct,NFCORE_CHIPSEQ:CHIPSEQ:ALIGN_BWA_MEM:BWA_MEM (EZH2_IP_NTKO_REP2_T1) (43),NFCORE_CHIPSEQ:CHIPSEQ:ALIGN_BWA_MEM:BWA_MEM (EZH2_IP_NTKO_REP2_T1) (43),1478667,43
,,0,2024-01-24T01:04:49.09644135Z,2024-02-23T01:04:49.09644135Z,2024-02-22T08:15:06.952267773Z,1191.5837,docker_cpu_usage_pct,NFCORE_CHIPSEQ:CHIPSEQ:ALIGN_BWA_MEM:BWA_MEM (EZH2_IP_NTKO_REP2_T1) (43),NFCORE_CHIPSEQ:CHIPSEQ:ALIGN_BWA_MEM:BWA_MEM (EZH2_IP_NTKO_REP2_T1) (43),1478667,43
,,0,2024-01-24T01:04:49.09644135Z,2024-02-23T01:04:49.09644135Z,2024-02-22T08:15:08.952796928Z,1191.5834,docker_cpu_usage_pct,NFCORE_CHIPSEQ:CHIPSEQ:ALIGN_BWA_MEM:BWA_MEM (EZH2_IP_NTKO_REP2_T1) (43),NFCORE_CHIPSEQ:CHIPSEQ:ALIGN_BWA_MEM:BWA_MEM (EZH2_IP_NTKO_REP2_T1) (43),1478667,43
,,0,2024-01-24T01:04:49.09644135Z,2024-02-23T01:04:49.09644135Z,2024-02-22T08:15:10.952403193Z,1192.3192,docker_cpu_usage_pct,NFCORE_CHIPSEQ:CHIPSEQ:ALIGN_BWA_MEM:BWA_MEM (EZH2_IP_NTKO_REP2_T1) (43),NFCORE_CHIPSEQ:CHIPSEQ:ALIGN_BWA_MEM:BWA_MEM (EZH2_IP_NTKO_REP2_T1) (43),1478667,43
,,0,2024-01-24T01:04:49.09644135Z,2024-02-23T01:04:49.09644135Z,2024-02-22T08:15:12.952938918Z,1182.3984,docker_cpu_usage_pct,NFCORE_CHIPSEQ:CHIPSEQ:ALIGN_BWA_MEM:BWA_MEM (EZH2_IP_NTKO_REP2_T1) (43),NFCORE_CHIPSEQ:CHIPSEQ:ALIGN_BWA_MEM:BWA_MEM (EZH2_IP_NTKO_REP2_T1) (43),1478667,43
,,0,2024-01-24T01:04:49.09644135Z,2024-02-23T01:04:49.09644135Z,2024-02-22T08:15:14.952453841Z,1182.7798,docker_cpu_usage_pct,NFCORE_CHIPSEQ:CHIPSEQ:ALIGN_BWA_MEM:BWA_MEM (EZH2_IP_NTKO_REP2_T1) (43),NFCORE_CHIPSEQ:CHIPSEQ:ALIGN_BWA_MEM:BWA_MEM (EZH2_IP_NTKO_REP2_T1) (43),1478667,43
,,0,2024-01-24T01:04:49.09644135Z,2024-02-23T01:04:49.09644135Z,2024-02-22T08:15:16.953004628Z,1192.6487,docker_cpu_usage_pct,NFCORE_CHIPSEQ:CHIPSEQ:ALIGN_BWA_MEM:BWA_MEM (EZH2_IP_NTKO_REP2_T1) (43),NFCORE_CHIPSEQ:CHIPSEQ:ALIGN_BWA_MEM:BWA_MEM (EZH2_IP_NTKO_REP2_T1) (43),1478667,43
,,0,2024-01-24T01:04:49.09644135Z,2024-02-23T01:04:49.09644135Z,2024-02-22T08:15:18.952506491Z,1194.4987,docker_cpu_usage_pct,NFCORE_CHIPSEQ:CHIPSEQ:ALIGN_BWA_MEM:BWA_MEM (EZH2_IP_NTKO_REP2_T1) (43),NFCORE_CHIPSEQ:CHIPSEQ:ALIGN_BWA_MEM:BWA_MEM (EZH2_IP_NTKO_REP2_T1) (43),1478667,43
,,0,2024-01-24T01:04:49.09644135Z,2024-02-23T01:04:49.09644135Z,2024-02-22T08:15:20.953142231Z,1187.5038,docker_cpu_usage_pct,NFCORE_CHIPSEQ:CHIPSEQ:ALIGN_BWA_MEM:BWA_MEM (EZH2_IP_NTKO_REP2_T1) (43),NFCORE_CHIPSEQ:CHIPSEQ:ALIGN_BWA_MEM:BWA_MEM (EZH2_IP_NTKO_REP2_T1) (43),1478667,43
,,0,2024-01-24T01:04:49.09644135Z,2024-02-23T01:04:49.09644135Z,2024-02-22T08:15:22.952621224Z,1196.3397,docker_cpu_usage_pct,NFCORE_CHIPSEQ:CHIPSEQ:ALIGN_BWA_MEM:BWA_MEM (EZH2_IP_NTKO_REP2_T1) (43),NFCORE_CHIPSEQ:CHIPSEQ:ALIGN_BWA_MEM:BWA_MEM (EZH2_IP_NTKO_REP2_T1) (43),1478667,43
,,0,2024-01-24T01:04:49.09644135Z,2024-02-23T01:04:49.09644135Z,2024-02-22T08:15:24.953378558Z,1191.1542,docker_cpu_usage_pct,NFCORE_CHIPSEQ:CHIPSEQ:ALIGN_BWA_MEM:BWA_MEM (EZH2_IP_NTKO_REP2_T1) (43),NFCORE_CHIPSEQ:CHIPSEQ:ALIGN_BWA_MEM:BWA_MEM (EZH2_IP_NTKO_REP2_T1) (43),1478667,43
,,0,2024-01-24T01:04:49.09644135Z,2024-02-23T01:04:49.09644135Z,2024-02-22T08:15:26.952911474Z,1182.0295,docker_cpu_usage_pct,NFCORE_CHIPSEQ:CHIPSEQ:ALIGN_BWA_MEM:BWA_MEM (EZH2_IP_NTKO_REP2_T1) (43),NFCORE_CHIPSEQ:CHIPSEQ:ALIGN_BWA_MEM:BWA_MEM (EZH2_IP_NTKO_REP2_T1) (43),1478667,43
,,0,2024-01-24T01:04:49.09644135Z,2024-02-23T01:04:49.09644135Z,2024-02-22T08:15:28.952229642Z,1192.0979,docker_cpu_usage_pct,NFCORE_CHIPSEQ:CHIPSEQ:ALIGN_BWA_MEM:BWA_MEM (EZH2_IP_NTKO_REP2_T1) (43),NFCORE_CHIPSEQ:CHIPSEQ:ALIGN_BWA_MEM:BWA_MEM (EZH2_IP_NTKO_REP2_T1) (43),1478667,43
,,0,2024-01-24T01:04:49.09644135Z,2024-02-23T01:04:49.09644135Z,2024-02-22T08:15:30.952681048Z,1190.0905,docker_cpu_usage_pct,NFCORE_CHIPSEQ:CHIPSEQ:ALIGN_BWA_MEM:BWA_MEM (EZH2_IP_NTKO_REP2_T1) (43),NFCORE_CHIPSEQ:CHIPSEQ:ALIGN_BWA_MEM:BWA_MEM (EZH2_IP_NTKO_REP2_T1) (43),1478667,43
,,0,2024-01-24T01:04:49.09644135Z,2024-02-23T01:04:49.09644135Z,2024-02-22T08:15:32.952227385Z,1083.0389,docker_cpu_usage_pct,NFCORE_CHIPSEQ:CHIPSEQ:ALIGN_BWA_MEM:BWA_MEM (EZH2_IP_NTKO_REP2_T1) (43),NFCORE_CHIPSEQ:CHIPSEQ:ALIGN_BWA_MEM:BWA_MEM (EZH2_IP_NTKO_REP2_T1) (43),1478667,43
,,0,2024-01-24T01:04:49.09644135Z,2024-02-23T01:04:49.09644135Z,2024-02-22T08:15:34.952736413Z,1423.1975,docker_cpu_usage_pct,NFCORE_CHIPSEQ:CHIPSEQ:ALIGN_BWA_MEM:BWA_MEM (EZH2_IP_NTKO_REP2_T1) (43),NFCORE_CHIPSEQ:CHIPSEQ:ALIGN_BWA_MEM:BWA_MEM (EZH2_IP_NTKO_REP2_T1) (43),1478667,43
,,0,2024-01-24T01:04:49.09644135Z,2024-02-23T01:04:49.09644135Z,2024-02-22T08:15:36.952128536Z,1475.4184,docker_cpu_usage_pct,NFCORE_CHIPSEQ:CHIPSEQ:ALIGN_BWA_MEM:BWA_MEM (EZH2_IP_NTKO_REP2_T1) (43),NFCORE_CHIPSEQ:CHIPSEQ:ALIGN_BWA_MEM:BWA_MEM (EZH2_IP_NTKO_REP2_T1) (43),1478667,43
,,0,2024-01-24T01:04:49.09644135Z,2024-02-23T01:04:49.09644135Z,2024-02-22T08:15:38.952739868Z,1368.3905,docker_cpu_usage_pct,NFCORE_CHIPSEQ:CHIPSEQ:ALIGN_BWA_MEM:BWA_MEM (EZH2_IP_NTKO_REP2_T1) (43),NFCORE_CHIPSEQ:CHIPSEQ:ALIGN_BWA_MEM:BWA_MEM (EZH2_IP_NTKO_REP2_T1) (43),1478667,43
,,0,2024-01-24T01:04:49.09644135Z,2024-02-23T01:04:49.09644135Z,2024-02-22T08:15:40.952479732Z,1298.9031,docker_cpu_usage_pct,NFCORE_CHIPSEQ:CHIPSEQ:ALIGN_BWA_MEM:BWA_MEM (EZH2_IP_NTKO_REP2_T1) (43),NFCORE_CHIPSEQ:CHIPSEQ:ALIGN_BWA_MEM:BWA_MEM (EZH2_IP_NTKO_REP2_T1) (43),1478667,43
,,0,2024-01-24T01:04:49.09644135Z,2024-02-23T01:04:49.09644135Z,2024-02-22T08:15:42.952803566Z,1181.6661,docker_cpu_usage_pct,NFCORE_CHIPSEQ:CHIPSEQ:ALIGN_BWA_MEM:BWA_MEM (EZH2_IP_NTKO_REP2_T1) (43),NFCORE_CHIPSEQ:CHIPSEQ:ALIGN_BWA_MEM:BWA_MEM (EZH2_IP_NTKO_REP2_T1) (43),1478667,43
,,0,2024-01-24T01:04:49.09644135Z,2024-02-23T01:04:49.09644135Z,2024-02-22T08:15:44.952452258Z,1204.1873,docker_cpu_usage_pct,NFCORE_CHIPSEQ:CHIPSEQ:ALIGN_BWA_MEM:BWA_MEM (EZH2_IP_NTKO_REP2_T1) (43),NFCORE_CHIPSEQ:CHIPSEQ:ALIGN_BWA_MEM:BWA_MEM (EZH2_IP_NTKO_REP2_T1) (43),1478667,43
,,0,2024-01-24T01:04:49.09644135Z,2024-02-23T01:04:49.09644135Z,2024-02-22T08:15:46.953052822Z,1190.4238,docker_cpu_usage_pct,NFCORE_CHIPSEQ:CHIPSEQ:ALIGN_BWA_MEM:BWA_MEM (EZH2_IP_NTKO_REP2_T1) (43),NFCORE_CHIPSEQ:CHIPSEQ:ALIGN_BWA_MEM:BWA_MEM (EZH2_IP_NTKO_REP2_T1) (43),1478667,43
,,0,2024-01-24T01:04:49.09644135Z,2024-02-23T01:04:49.09644135Z,2024-02-22T08:15:48.952588081Z,1181.3207,docker_cpu_usage_pct,NFCORE_CHIPSEQ:CHIPSEQ:ALIGN_BWA_MEM:BWA_MEM (EZH2_IP_NTKO_REP2_T1) (43),NFCORE_CHIPSEQ:CHIPSEQ:ALIGN_BWA_MEM:BWA_MEM (EZH2_IP_NTKO_REP2_T1) (43),1478667,43
,,0,2024-01-24T01:04:49.09644135Z,2024-02-23T01:04:49.09644135Z,2024-02-22T08:15:50.953302628Z,1184.9626,docker_cpu_usage_pct,NFCORE_CHIPSEQ:CHIPSEQ:ALIGN_BWA_MEM:BWA_MEM (EZH2_IP_NTKO_REP2_T1) (43),NFCORE_CHIPSEQ:CHIPSEQ:ALIGN_BWA_MEM:BWA_MEM (EZH2_IP_NTKO_REP2_T1) (43),1478667,43
,,0,2024-01-24T01:04:49.09644135Z,2024-02-23T01:04:49.09644135Z,2024-02-22T08:15:52.952845688Z,1180.5735,docker_cpu_usage_pct,NFCORE_CHIPSEQ:CHIPSEQ:ALIGN_BWA_MEM:BWA_MEM (EZH2_IP_NTKO_REP2_T1) (43),NFCORE_CHIPSEQ:CHIPSEQ:ALIGN_BWA_MEM:BWA_MEM (EZH2_IP_NTKO_REP2_T1) (43),1478667,43
,,0,2024-01-24T01:04:49.09644135Z,2024-02-23T01:04:49.09644135Z,2024-02-22T08:15:54.952295046Z,1182.3847,docker_cpu_usage_pct,NFCORE_CHIPSEQ:CHIPSEQ:ALIGN_BWA_MEM:BWA_MEM (EZH2_IP_NTKO_REP2_T1) (43),NFCORE_CHIPSEQ:CHIPSEQ:ALIGN_BWA_MEM:BWA_MEM (EZH2_IP_NTKO_REP2_T1) (43),1478667,43
,,0,2024-01-24T01:04:49.09644135Z,2024-02-23T01:04:49.09644135Z,2024-02-22T08:15:56.952708824Z,1179.1394,docker_cpu_usage_pct,NFCORE_CHIPSEQ:CHIPSEQ:ALIGN_BWA_MEM:BWA_MEM (EZH2_IP_NTKO_REP2_T1) (43),NFCORE_CHIPSEQ:CHIPSEQ:ALIGN_BWA_MEM:BWA_MEM (EZH2_IP_NTKO_REP2_T1) (43),1478667,43
,,0,2024-01-24T01:04:49.09644135Z,2024-02-23T01:04:49.09644135Z,2024-02-22T08:15:58.952376289Z,1188.7108,docker_cpu_usage_pct,NFCORE_CHIPSEQ:CHIPSEQ:ALIGN_BWA_MEM:BWA_MEM (EZH2_IP_NTKO_REP2_T1) (43),NFCORE_CHIPSEQ:CHIPSEQ:ALIGN_BWA_MEM:BWA_MEM (EZH2_IP_NTKO_REP2_T1) (43),1478667,43
,,0,2024-01-24T01:04:49.09644135Z,2024-02-23T01:04:49.09644135Z,2024-02-22T08:16:00.953036007Z,1180.2305,docker_cpu_usage_pct,NFCORE_CHIPSEQ:CHIPSEQ:ALIGN_BWA_MEM:BWA_MEM (EZH2_IP_NTKO_REP2_T1) (43),NFCORE_CHIPSEQ:CHIPSEQ:ALIGN_BWA_MEM:BWA_MEM (EZH2_IP_NTKO_REP2_T1) (43),1478667,43
,,0,2024-01-24T01:04:49.09644135Z,2024-02-23T01:04:49.09644135Z,2024-02-22T08:16:02.952450664Z,1180.9429,docker_cpu_usage_pct,NFCORE_CHIPSEQ:CHIPSEQ:ALIGN_BWA_MEM:BWA_MEM (EZH2_IP_NTKO_REP2_T1) (43),NFCORE_CHIPSEQ:CHIPSEQ:ALIGN_BWA_MEM:BWA_MEM (EZH2_IP_NTKO_REP2_T1) (43),1478667,43
,,0,2024-01-24T01:04:49.09644135Z,2024-02-23T01:04:49.09644135Z,2024-02-22T08:16:04.953006619Z,1177.6826,docker_cpu_usage_pct,NFCORE_CHIPSEQ:CHIPSEQ:ALIGN_BWA_MEM:BWA_MEM (EZH2_IP_NTKO_REP2_T1) (43),NFCORE_CHIPSEQ:CHIPSEQ:ALIGN_BWA_MEM:BWA_MEM (EZH2_IP_NTKO_REP2_T1) (43),1478667,43
,,0,2024-01-24T01:04:49.09644135Z,2024-02-23T01:04:49.09644135Z,2024-02-22T08:16:06.952451718Z,1187.8945,docker_cpu_usage_pct,NFCORE_CHIPSEQ:CHIPSEQ:ALIGN_BWA_MEM:BWA_MEM (EZH2_IP_NTKO_REP2_T1) (43),NFCORE_CHIPSEQ:CHIPSEQ:ALIGN_BWA_MEM:BWA_MEM (EZH2_IP_NTKO_REP2_T1) (43),1478667,43
,,0,2024-01-24T01:04:49.09644135Z,2024-02-23T01:04:49.09644135Z,2024-02-22T08:16:08.952843438Z,1185.6804,docker_cpu_usage_pct,NFCORE_CHIPSEQ:CHIPSEQ:ALIGN_BWA_MEM:BWA_MEM (EZH2_IP_NTKO_REP2_T1) (43),NFCORE_CHIPSEQ:CHIPSEQ:ALIGN_BWA_MEM:BWA_MEM (EZH2_IP_NTKO_REP2_T1) (43),1478667,43
,,0,2024-01-24T01:04:49.09644135Z,2024-02-23T01:04:49.09644135Z,2024-02-22T08:16:10.952364701Z,1075.548,docker_cpu_usage_pct,NFCORE_CHIPSEQ:CHIPSEQ:ALIGN_BWA_MEM:BWA_MEM (EZH2_IP_NTKO_REP2_T1) (43),NFCORE_CHIPSEQ:CHIPSEQ:ALIGN_BWA_MEM:BWA_MEM (EZH2_IP_NTKO_REP2_T1) (43),1478667,43
,,0,2024-01-24T01:04:49.09644135Z,2024-02-23T01:04:49.09644135Z,2024-02-22T08:16:12.952912996Z,1430.2368,docker_cpu_usage_pct,NFCORE_CHIPSEQ:CHIPSEQ:ALIGN_BWA_MEM:BWA_MEM (EZH2_IP_NTKO_REP2_T1) (43),NFCORE_CHIPSEQ:CHIPSEQ:ALIGN_BWA_MEM:BWA_MEM (EZH2_IP_NTKO_REP2_T1) (43),1478667,43
,,0,2024-01-24T01:04:49.09644135Z,2024-02-23T01:04:49.09644135Z,2024-02-22T08:16:14.952351916Z,1457.9321,docker_cpu_usage_pct,NFCORE_CHIPSEQ:CHIPSEQ:ALIGN_BWA_MEM:BWA_MEM (EZH2_IP_NTKO_REP2_T1) (43),NFCORE_CHIPSEQ:CHIPSEQ:ALIGN_BWA_MEM:BWA_MEM (EZH2_IP_NTKO_REP2_T1) (43),1478667,43
,,0,2024-01-24T01:04:49.09644135Z,2024-02-23T01:04:49.09644135Z,2024-02-22T08:16:16.953016626Z,1414.2104,docker_cpu_usage_pct,NFCORE_CHIPSEQ:CHIPSEQ:ALIGN_BWA_MEM:BWA_MEM (EZH2_IP_NTKO_REP2_T1) (43),NFCORE_CHIPSEQ:CHIPSEQ:ALIGN_BWA_MEM:BWA_MEM (EZH2_IP_NTKO_REP2_T1) (43),1478667,43
,,0,2024-01-24T01:04:49.09644135Z,2024-02-23T01:04:49.09644135Z,2024-02-22T08:16:18.952497759Z,1199.0096,docker_cpu_usage_pct,NFCORE_CHIPSEQ:CHIPSEQ:ALIGN_BWA_MEM:BWA_MEM (EZH2_IP_NTKO_REP2_T1) (43),NFCORE_CHIPSEQ:CHIPSEQ:ALIGN_BWA_MEM:BWA_MEM (EZH2_IP_NTKO_REP2_T1) (43),1478667,43
,,0,2024-01-24T01:04:49.09644135Z,2024-02-23T01:04:49.09644135Z,2024-02-22T08:16:20.953037915Z,1180.565,docker_cpu_usage_pct,NFCORE_CHIPSEQ:CHIPSEQ:ALIGN_BWA_MEM:BWA_MEM (EZH2_IP_NTKO_REP2_T1) (43),NFCORE_CHIPSEQ:CHIPSEQ:ALIGN_BWA_MEM:BWA_MEM (EZH2_IP_NTKO_REP2_T1) (43),1478667,43
,,0,2024-01-24T01:04:49.09644135Z,2024-02-23T01:04:49.09644135Z,2024-02-22T08:16:22.95256576Z,1182.7563,docker_cpu_usage_pct,NFCORE_CHIPSEQ:CHIPSEQ:ALIGN_BWA_MEM:BWA_MEM (EZH2_IP_NTKO_REP2_T1) (43),NFCORE_CHIPSEQ:CHIPSEQ:ALIGN_BWA_MEM:BWA_MEM (EZH2_IP_NTKO_REP2_T1) (43),1478667,43
,,0,2024-01-24T01:04:49.09644135Z,2024-02-23T01:04:49.09644135Z,2024-02-22T08:16:24.953278362Z,1184.2006,docker_cpu_usage_pct,NFCORE_CHIPSEQ:CHIPSEQ:ALIGN_BWA_MEM:BWA_MEM (EZH2_IP_NTKO_REP2_T1) (43),NFCORE_CHIPSEQ:CHIPSEQ:ALIGN_BWA_MEM:BWA_MEM (EZH2_IP_NTKO_REP2_T1) (43),1478667,43
,,0,2024-01-24T01:04:49.09644135Z,2024-02-23T01:04:49.09644135Z,2024-02-22T08:16:26.952700244Z,1184.5687,docker_cpu_usage_pct,NFCORE_CHIPSEQ:CHIPSEQ:ALIGN_BWA_MEM:BWA_MEM (EZH2_IP_NTKO_REP2_T1) (43),NFCORE_CHIPSEQ:CHIPSEQ:ALIGN_BWA_MEM:BWA_MEM (EZH2_IP_NTKO_REP2_T1) (43),1478667,43
,,0,2024-01-24T01:04:49.09644135Z,2024-02-23T01:04:49.09644135Z,2024-02-22T08:16:28.95225075Z,1185.8147,docker_cpu_usage_pct,NFCORE_CHIPSEQ:CHIPSEQ:ALIGN_BWA_MEM:BWA_MEM (EZH2_IP_NTKO_REP2_T1) (43),NFCORE_CHIPSEQ:CHIPSEQ:ALIGN_BWA_MEM:BWA_MEM (EZH2_IP_NTKO_REP2_T1) (43),1478667,43
,,0,2024-01-24T01:04:49.09644135Z,2024-02-23T01:04:49.09644135Z,2024-02-22T08:16:30.952723666Z,1179.4795,docker_cpu_usage_pct,NFCORE_CHIPSEQ:CHIPSEQ:ALIGN_BWA_MEM:BWA_MEM (EZH2_IP_NTKO_REP2_T1) (43),NFCORE_CHIPSEQ:CHIPSEQ:ALIGN_BWA_MEM:BWA_MEM (EZH2_IP_NTKO_REP2_T1) (43),1478667,43
,,0,2024-01-24T01:04:49.09644135Z,2024-02-23T01:04:49.09644135Z,2024-02-22T08:16:32.952549221Z,1175.5206,docker_cpu_usage_pct,NFCORE_CHIPSEQ:CHIPSEQ:ALIGN_BWA_MEM:BWA_MEM (EZH2_IP_NTKO_REP2_T1) (43),NFCORE_CHIPSEQ:CHIPSEQ:ALIGN_BWA_MEM:BWA_MEM (EZH2_IP_NTKO_REP2_T1) (43),1478667,43
,,0,2024-01-24T01:04:49.09644135Z,2024-02-23T01:04:49.09644135Z,2024-02-22T08:16:34.952946796Z,1179.8433,docker_cpu_usage_pct,NFCORE_CHIPSEQ:CHIPSEQ:ALIGN_BWA_MEM:BWA_MEM (EZH2_IP_NTKO_REP2_T1) (43),NFCORE_CHIPSEQ:CHIPSEQ:ALIGN_BWA_MEM:BWA_MEM (EZH2_IP_NTKO_REP2_T1) (43),1478667,43
,,0,2024-01-24T01:04:49.09644135Z,2024-02-23T01:04:49.09644135Z,2024-02-22T08:16:36.95243461Z,1198.6495,docker_cpu_usage_pct,NFCORE_CHIPSEQ:CHIPSEQ:ALIGN_BWA_MEM:BWA_MEM (EZH2_IP_NTKO_REP2_T1) (43),NFCORE_CHIPSEQ:CHIPSEQ:ALIGN_BWA_MEM:BWA_MEM (EZH2_IP_NTKO_REP2_T1) (43),1478667,43
,,0,2024-01-24T01:04:49.09644135Z,2024-02-23T01:04:49.09644135Z,2024-02-22T08:16:38.952931309Z,1179.8543,docker_cpu_usage_pct,NFCORE_CHIPSEQ:CHIPSEQ:ALIGN_BWA_MEM:BWA_MEM (EZH2_IP_NTKO_REP2_T1) (43),NFCORE_CHIPSEQ:CHIPSEQ:ALIGN_BWA_MEM:BWA_MEM (EZH2_IP_NTKO_REP2_T1) (43),1478667,43
,,0,2024-01-24T01:04:49.09644135Z,2024-02-23T01:04:49.09644135Z,2024-02-22T08:16:40.952787826Z,1178.081,docker_cpu_usage_pct,NFCORE_CHIPSEQ:CHIPSEQ:ALIGN_BWA_MEM:BWA_MEM (EZH2_IP_NTKO_REP2_T1) (43),NFCORE_CHIPSEQ:CHIPSEQ:ALIGN_BWA_MEM:BWA_MEM (EZH2_IP_NTKO_REP2_T1) (43),1478667,43
,,0,2024-01-24T01:04:49.09644135Z,2024-02-23T01:04:49.09644135Z,2024-02-22T08:16:42.952184159Z,1179.86,docker_cpu_usage_pct,NFCORE_CHIPSEQ:CHIPSEQ:ALIGN_BWA_MEM:BWA_MEM (EZH2_IP_NTKO_REP2_T1) (43),NFCORE_CHIPSEQ:CHIPSEQ:ALIGN_BWA_MEM:BWA_MEM (EZH2_IP_NTKO_REP2_T1) (43),1478667,43
,,0,2024-01-24T01:04:49.09644135Z,2024-02-23T01:04:49.09644135Z,2024-02-22T08:16:44.952803532Z,1178.7736,docker_cpu_usage_pct,NFCORE_CHIPSEQ:CHIPSEQ:ALIGN_BWA_MEM:BWA_MEM (EZH2_IP_NTKO_REP2_T1) (43),NFCORE_CHIPSEQ:CHIPSEQ:ALIGN_BWA_MEM:BWA_MEM (EZH2_IP_NTKO_REP2_T1) (43),1478667,43
,,0,2024-01-24T01:04:49.09644135Z,2024-02-23T01:04:49.09644135Z,2024-02-22T08:16:46.952423173Z,1177.3253,docker_cpu_usage_pct,NFCORE_CHIPSEQ:CHIPSEQ:ALIGN_BWA_MEM:BWA_MEM (EZH2_IP_NTKO_REP2_T1) (43),NFCORE_CHIPSEQ:CHIPSEQ:ALIGN_BWA_MEM:BWA_MEM (EZH2_IP_NTKO_REP2_T1) (43),1478667,43
,,0,2024-01-24T01:04:49.09644135Z,2024-02-23T01:04:49.09644135Z,2024-02-22T08:16:48.952865791Z,1116.5598,docker_cpu_usage_pct,NFCORE_CHIPSEQ:CHIPSEQ:ALIGN_BWA_MEM:BWA_MEM (EZH2_IP_NTKO_REP2_T1) (43),NFCORE_CHIPSEQ:CHIPSEQ:ALIGN_BWA_MEM:BWA_MEM (EZH2_IP_NTKO_REP2_T1) (43),1478667,43
,,0,2024-01-24T01:04:49.09644135Z,2024-02-23T01:04:49.09644135Z,2024-02-22T08:16:50.952507823Z,1426.4667,docker_cpu_usage_pct,NFCORE_CHIPSEQ:CHIPSEQ:ALIGN_BWA_MEM:BWA_MEM (EZH2_IP_NTKO_REP2_T1) (43),NFCORE_CHIPSEQ:CHIPSEQ:ALIGN_BWA_MEM:BWA_MEM (EZH2_IP_NTKO_REP2_T1) (43),1478667,43
,,0,2024-01-24T01:04:49.09644135Z,2024-02-23T01:04:49.09644135Z,2024-02-22T08:16:52.95292714Z,1454.4355,docker_cpu_usage_pct,NFCORE_CHIPSEQ:CHIPSEQ:ALIGN_BWA_MEM:BWA_MEM (EZH2_IP_NTKO_REP2_T1) (43),NFCORE_CHIPSEQ:CHIPSEQ:ALIGN_BWA_MEM:BWA_MEM (EZH2_IP_NTKO_REP2_T1) (43),1478667,43
,,0,2024-01-24T01:04:49.09644135Z,2024-02-23T01:04:49.09644135Z,2024-02-22T08:16:54.952488931Z,1505.3666,docker_cpu_usage_pct,NFCORE_CHIPSEQ:CHIPSEQ:ALIGN_BWA_MEM:BWA_MEM (EZH2_IP_NTKO_REP2_T1) (43),NFCORE_CHIPSEQ:CHIPSEQ:ALIGN_BWA_MEM:BWA_MEM (EZH2_IP_NTKO_REP2_T1) (43),1478667,43
,,0,2024-01-24T01:04:49.09644135Z,2024-02-23T01:04:49.09644135Z,2024-02-22T08:16:56.953292901Z,1183.8379,docker_cpu_usage_pct,NFCORE_CHIPSEQ:CHIPSEQ:ALIGN_BWA_MEM:BWA_MEM (EZH2_IP_NTKO_REP2_T1) (43),NFCORE_CHIPSEQ:CHIPSEQ:ALIGN_BWA_MEM:BWA_MEM (EZH2_IP_NTKO_REP2_T1) (43),1478667,43
,,0,2024-01-24T01:04:49.09644135Z,2024-02-23T01:04:49.09644135Z,2024-02-22T08:16:58.952976876Z,1191.0602,docker_cpu_usage_pct,NFCORE_CHIPSEQ:CHIPSEQ:ALIGN_BWA_MEM:BWA_MEM (EZH2_IP_NTKO_REP2_T1) (43),NFCORE_CHIPSEQ:CHIPSEQ:ALIGN_BWA_MEM:BWA_MEM (EZH2_IP_NTKO_REP2_T1) (43),1478667,43
,,0,2024-01-24T01:04:49.09644135Z,2024-02-23T01:04:49.09644135Z,2024-02-22T08:17:00.952359362Z,1184.2056,docker_cpu_usage_pct,NFCORE_CHIPSEQ:CHIPSEQ:ALIGN_BWA_MEM:BWA_MEM (EZH2_IP_NTKO_REP2_T1) (43),NFCORE_CHIPSEQ:CHIPSEQ:ALIGN_BWA_MEM:BWA_MEM (EZH2_IP_NTKO_REP2_T1) (43),1478667,43
,,0,2024-01-24T01:04:49.09644135Z,2024-02-23T01:04:49.09644135Z,2024-02-22T08:17:02.952931825Z,1180.2485,docker_cpu_usage_pct,NFCORE_CHIPSEQ:CHIPSEQ:ALIGN_BWA_MEM:BWA_MEM (EZH2_IP_NTKO_REP2_T1) (43),NFCORE_CHIPSEQ:CHIPSEQ:ALIGN_BWA_MEM:BWA_MEM (EZH2_IP_NTKO_REP2_T1) (43),1478667,43
,,0,2024-01-24T01:04:49.09644135Z,2024-02-23T01:04:49.09644135Z,2024-02-22T08:17:04.952724656Z,818.5563,docker_cpu_usage_pct,NFCORE_CHIPSEQ:CHIPSEQ:ALIGN_BWA_MEM:BWA_MEM (EZH2_IP_NTKO_REP2_T1) (43),NFCORE_CHIPSEQ:CHIPSEQ:ALIGN_BWA_MEM:BWA_MEM (EZH2_IP_NTKO_REP2_T1) (43),1478667,43
