#datatype,string,long,dateTime:RFC3339,dateTime:RFC3339,dateTime:RFC3339,string,string,string,string,string,string,string
#group,false,false,true,true,false,false,false,false,false,false,false,false
#default,_result,,,,,,,,,,,
,result,table,_start,_stop,_time,_value,_field,_measurement,name,path,pid,tid
,,0,2024-02-14T11:33:02.53370746Z,2024-03-15T11:33:02.53370746Z,2024-03-14T17:55:25.146067855Z,CREATE,file_event,NFCORE_RANGELAND:RANGELAND:PREPROCESSING:FORCE_PREPROCESS (LT05_L1TP_181036_19890804_20200916_02_T1) (2649),NFCORE_RANGELAND:RANGELAND:PREPROCESSING:FORCE_PREPROCESS (LT05_L1TP_181036_19890804_20200916_02_T1) (2649),/home/jfechner/workflows/rangeland/nextflow-run/work/57/520fcb80241f2d88a3fc74e31182ce/level2_ard/X0107_Y0101.lock,3644148,2649
,,0,2024-02-14T11:33:02.53370746Z,2024-03-15T11:33:02.53370746Z,2024-03-14T17:55:25.165834255Z,CREATE,file_event,NFCORE_RANGELAND:RANGELAND:PREPROCESSING:FORCE_PREPROCESS (LT05_L1TP_181036_19890804_20200916_02_T1) (2649),NFCORE_RANGELAND:RANGELAND:PREPROCESSING:FORCE_PREPROCESS (LT05_L1TP_181036_19890804_20200916_02_T1) (2649),/home/jfechner/workflows/rangeland/nextflow-run/work/57/520fcb80241f2d88a3fc74e31182ce/level2_ard/X0107_Y0101,3644148,2649
,,0,2024-02-14T11:33:02.53370746Z,2024-03-15T11:33:02.53370746Z,2024-03-14T17:55:25.168270805Z,CREATE,file_event,NFCORE_RANGELAND:RANGELAND:PREPROCESSING:FORCE_PREPROCESS (LT05_L1TP_181036_19890804_20200916_02_T1) (2649),NFCORE_RANGELAND:RANGELAND:PREPROCESSING:FORCE_PREPROCESS (LT05_L1TP_181036_19890804_20200916_02_T1) (2649),/home/jfechner/workflows/rangeland/nextflow-run/work/57/520fcb80241f2d88a3fc74e31182ce/level2_ard/X0107_Y0101/19890804_LEVEL2_LND05_QAI.tif,3644148,2649
,,0,2024-02-14T11:33:02.53370746Z,2024-03-15T11:33:02.53370746Z,2024-03-14T17:55:25.170615282Z,CREATE,file_event,NFCORE_RANGELAND:RANGELAND:PREPROCESSING:FORCE_PREPROCESS (LT05_L1TP_181036_19890804_20200916_02_T1) (2649),NFCORE_RANGELAND:RANGELAND:PREPROCESSING:FORCE_PREPROCESS (LT05_L1TP_181036_19890804_20200916_02_T1) (2649),/home/jfechner/workflows/rangeland/nextflow-run/work/57/520fcb80241f2d88a3fc74e31182ce/level2_ard/X0107_Y0101/19890804_LEVEL2_LND05_QAI.tif.lock,3644148,2649
,,0,2024-02-14T11:33:02.53370746Z,2024-03-15T11:33:02.53370746Z,2024-03-14T17:55:25.172670109Z,DELETE,file_event,NFCORE_RANGELAND:RANGELAND:PREPROCESSING:FORCE_PREPROCESS (LT05_L1TP_181036_19890804_20200916_02_T1) (2649),NFCORE_RANGELAND:RANGELAND:PREPROCESSING:FORCE_PREPROCESS (LT05_L1TP_181036_19890804_20200916_02_T1) (2649),/home/jfechner/workflows/rangeland/nextflow-run/work/57/520fcb80241f2d88a3fc74e31182ce/level2_ard/X0107_Y0101.lock,3644148,2649
,,0,2024-02-14T11:33:02.53370746Z,2024-03-15T11:33:02.53370746Z,2024-03-14T17:55:25.174099746Z,CREATE,file_event,NFCORE_RANGELAND:RANGELAND:PREPROCESSING:FORCE_PREPROCESS (LT05_L1TP_181036_19890804_20200916_02_T1) (2649),NFCORE_RANGELAND:RANGELAND:PREPROCESSING:FORCE_PREPROCESS (LT05_L1TP_181036_19890804_20200916_02_T1) (2649),/home/jfechner/workflows/rangeland/nextflow-run/work/57/520fcb80241f2d88a3fc74e31182ce/level2_ard/X0107_Y0101/19890804_LEVEL2_LND05_QAI.tif,3644148,2649
,,0,2024-02-14T11:33:02.53370746Z,2024-03-15T11:33:02.53370746Z,2024-03-14T17:55:25.175529913Z,DELETE,file_event,NFCORE_RANGELAND:RANGELAND:PREPROCESSING:FORCE_PREPROCESS (LT05_L1TP_181036_19890804_20200916_02_T1) (2649),NFCORE_RANGELAND:RANGELAND:PREPROCESSING:FORCE_PREPROCESS (LT05_L1TP_181036_19890804_20200916_02_T1) (2649),/home/jfechner/workflows/rangeland/nextflow-run/work/57/520fcb80241f2d88a3fc74e31182ce/level2_ard/X0107_Y0101/19890804_LEVEL2_LND05_QAI.tif.lock,3644148,2649
,,0,2024-02-14T11:33:02.53370746Z,2024-03-15T11:33:02.53370746Z,2024-03-14T17:55:25.177101345Z,CREATE,file_event,NFCORE_RANGELAND:RANGELAND:PREPROCESSING:FORCE_PREPROCESS (LT05_L1TP_181036_19890804_20200916_02_T1) (2649),NFCORE_RANGELAND:RANGELAND:PREPROCESSING:FORCE_PREPROCESS (LT05_L1TP_181036_19890804_20200916_02_T1) (2649),/home/jfechner/workflows/rangeland/nextflow-run/work/57/520fcb80241f2d88a3fc74e31182ce/level2_prov/provenance_20240314.csv.lock,3644148,2649
,,0,2024-02-14T11:33:02.53370746Z,2024-03-15T11:33:02.53370746Z,2024-03-14T17:55:25.179218174Z,CREATE,file_event,NFCORE_RANGELAND:RANGELAND:PREPROCESSING:FORCE_PREPROCESS (LT05_L1TP_181036_19890804_20200916_02_T1) (2649),NFCORE_RANGELAND:RANGELAND:PREPROCESSING:FORCE_PREPROCESS (LT05_L1TP_181036_19890804_20200916_02_T1) (2649),/home/jfechner/workflows/rangeland/nextflow-run/work/57/520fcb80241f2d88a3fc74e31182ce/level2_prov/provenance_20240314.csv,3644148,2649
,,0,2024-02-14T11:33:02.53370746Z,2024-03-15T11:33:02.53370746Z,2024-03-14T17:55:25.181359764Z,DELETE,file_event,NFCORE_RANGELAND:RANGELAND:PREPROCESSING:FORCE_PREPROCESS (LT05_L1TP_181036_19890804_20200916_02_T1) (2649),NFCORE_RANGELAND:RANGELAND:PREPROCESSING:FORCE_PREPROCESS (LT05_L1TP_181036_19890804_20200916_02_T1) (2649),/home/jfechner/workflows/rangeland/nextflow-run/work/57/520fcb80241f2d88a3fc74e31182ce/level2_prov/provenance_20240314.csv.lock,3644148,2649
,,0,2024-02-14T11:33:02.53370746Z,2024-03-15T11:33:02.53370746Z,2024-03-14T17:55:25.182856824Z,CREATE,file_event,NFCORE_RANGELAND:RANGELAND:PREPROCESSING:FORCE_PREPROCESS (LT05_L1TP_181036_19890804_20200916_02_T1) (2649),NFCORE_RANGELAND:RANGELAND:PREPROCESSING:FORCE_PREPROCESS (LT05_L1TP_181036_19890804_20200916_02_T1) (2649),/home/jfechner/workflows/rangeland/nextflow-run/work/57/520fcb80241f2d88a3fc74e31182ce/level2_ard/X0107_Y0101.lock,3644148,2649
,,0,2024-02-14T11:33:02.53370746Z,2024-03-15T11:33:02.53370746Z,2024-03-14T17:55:25.184330412Z,DELETE,file_event,NFCORE_RANGELAND:RANGELAND:PREPROCESSING:FORCE_PREPROCESS (LT05_L1TP_181036_19890804_20200916_02_T1) (2649),NFCORE_RANGELAND:RANGELAND:PREPROCESSING:FORCE_PREPROCESS (LT05_L1TP_181036_19890804_20200916_02_T1) (2649),/home/jfechner/workflows/rangeland/nextflow-run/work/57/520fcb80241f2d88a3fc74e31182ce/level2_ard/X0107_Y0101.lock,3644148,2649
,,0,2024-02-14T11:33:02.53370746Z,2024-03-15T11:33:02.53370746Z,2024-03-14T17:55:25.18577389Z,CREATE,file_event,NFCORE_RANGELAND:RANGELAND:PREPROCESSING:FORCE_PREPROCESS (LT05_L1TP_181036_19890804_20200916_02_T1) (2649),NFCORE_RANGELAND:RANGELAND:PREPROCESSING:FORCE_PREPROCESS (LT05_L1TP_181036_19890804_20200916_02_T1) (2649),/home/jfechner/workflows/rangeland/nextflow-run/work/57/520fcb80241f2d88a3fc74e31182ce/level2_ard/X0107_Y0101/19890804_LEVEL2_LND05_BOA.tif.lock,3644148,2649
,,0,2024-02-14T11:33:02.53370746Z,2024-03-15T11:33:02.53370746Z,2024-03-14T17:55:25.188004053Z,CREATE,file_event,NFCORE_RANGELAND:RANGELAND:PREPROCESSING:FORCE_PREPROCESS (LT05_L1TP_181036_19890804_20200916_02_T1) (2649),NFCORE_RANGELAND:RANGELAND:PREPROCESSING:FORCE_PREPROCESS (LT05_L1TP_181036_19890804_20200916_02_T1) (2649),/home/jfechner/workflows/rangeland/nextflow-run/work/57/520fcb80241f2d88a3fc74e31182ce/level2_ard/X0107_Y0101/19890804_LEVEL2_LND05_BOA.tif,3644148,2649
,,0,2024-02-14T11:33:02.53370746Z,2024-03-15T11:33:02.53370746Z,2024-03-14T17:55:25.190326589Z,DELETE,file_event,NFCORE_RANGELAND:RANGELAND:PREPROCESSING:FORCE_PREPROCESS (LT05_L1TP_181036_19890804_20200916_02_T1) (2649),NFCORE_RANGELAND:RANGELAND:PREPROCESSING:FORCE_PREPROCESS (LT05_L1TP_181036_19890804_20200916_02_T1) (2649),/home/jfechner/workflows/rangeland/nextflow-run/work/57/520fcb80241f2d88a3fc74e31182ce/level2_ard/X0107_Y0101/19890804_LEVEL2_LND05_BOA.tif.lock,3644148,2649
,,0,2024-02-14T11:33:02.53370746Z,2024-03-15T11:33:02.53370746Z,2024-03-14T17:55:25.191947742Z,CREATE,file_event,NFCORE_RANGELAND:RANGELAND:PREPROCESSING:FORCE_PREPROCESS (LT05_L1TP_181036_19890804_20200916_02_T1) (2649),NFCORE_RANGELAND:RANGELAND:PREPROCESSING:FORCE_PREPROCESS (LT05_L1TP_181036_19890804_20200916_02_T1) (2649),/home/jfechner/workflows/rangeland/nextflow-run/work/57/520fcb80241f2d88a3fc74e31182ce/level2_prov/provenance_20240314.csv.lock,3644148,2649
,,0,2024-02-14T11:33:02.53370746Z,2024-03-15T11:33:02.53370746Z,2024-03-14T17:55:25.193643048Z,DELETE,file_event,NFCORE_RANGELAND:RANGELAND:PREPROCESSING:FORCE_PREPROCESS (LT05_L1TP_181036_19890804_20200916_02_T1) (2649),NFCORE_RANGELAND:RANGELAND:PREPROCESSING:FORCE_PREPROCESS (LT05_L1TP_181036_19890804_20200916_02_T1) (2649),/home/jfechner/workflows/rangeland/nextflow-run/work/57/520fcb80241f2d88a3fc74e31182ce/level2_prov/provenance_20240314.csv.lock,3644148,2649
,,0,2024-02-14T11:33:02.53370746Z,2024-03-15T11:33:02.53370746Z,2024-03-14T17:55:25.195141297Z,CREATE,file_event,NFCORE_RANGELAND:RANGELAND:PREPROCESSING:FORCE_PREPROCESS (LT05_L1TP_181036_19890804_20200916_02_T1) (2649),NFCORE_RANGELAND:RANGELAND:PREPROCESSING:FORCE_PREPROCESS (LT05_L1TP_181036_19890804_20200916_02_T1) (2649),/home/jfechner/workflows/rangeland/nextflow-run/work/57/520fcb80241f2d88a3fc74e31182ce/level2_ard/X0107_Y0101.lock,3644148,2649
,,0,2024-02-14T11:33:02.53370746Z,2024-03-15T11:33:02.53370746Z,2024-03-14T17:55:25.196841133Z,DELETE,file_event,NFCORE_RANGELAND:RANGELAND:PREPROCESSING:FORCE_PREPROCESS (LT05_L1TP_181036_19890804_20200916_02_T1) (2649),NFCORE_RANGELAND:RANGELAND:PREPROCESSING:FORCE_PREPROCESS (LT05_L1TP_181036_19890804_20200916_02_T1) (2649),/home/jfechner/workflows/rangeland/nextflow-run/work/57/520fcb80241f2d88a3fc74e31182ce/level2_ard/X0107_Y0101.lock,3644148,2649
,,0,2024-02-14T11:33:02.53370746Z,2024-03-15T11:33:02.53370746Z,2024-03-14T17:55:25.198370573Z,CREATE,file_event,NFCORE_RANGELAND:RANGELAND:PREPROCESSING:FORCE_PREPROCESS (LT05_L1TP_181036_19890804_20200916_02_T1) (2649),NFCORE_RANGELAND:RANGELAND:PREPROCESSING:FORCE_PREPROCESS (LT05_L1TP_181036_19890804_20200916_02_T1) (2649),/home/jfechner/workflows/rangeland/nextflow-run/work/57/520fcb80241f2d88a3fc74e31182ce/level2_ard/X0107_Y0101/19890804_LEVEL2_LND05_OVV.jpg.lock,3644148,2649
,,0,2024-02-14T11:33:02.53370746Z,2024-03-15T11:33:02.53370746Z,2024-03-14T17:55:25.200470862Z,CREATE,file_event,NFCORE_RANGELAND:RANGELAND:PREPROCESSING:FORCE_PREPROCESS (LT05_L1TP_181036_19890804_20200916_02_T1) (2649),NFCORE_RANGELAND:RANGELAND:PREPROCESSING:FORCE_PREPROCESS (LT05_L1TP_181036_19890804_20200916_02_T1) (2649),/home/jfechner/workflows/rangeland/nextflow-run/work/57/520fcb80241f2d88a3fc74e31182ce/level2_ard/X0107_Y0101/19890804_LEVEL2_LND05_OVV.jpg,3644148,2649
,,0,2024-02-14T11:33:02.53370746Z,2024-03-15T11:33:02.53370746Z,2024-03-14T17:55:25.202497548Z,DELETE,file_event,NFCORE_RANGELAND:RANGELAND:PREPROCESSING:FORCE_PREPROCESS (LT05_L1TP_181036_19890804_20200916_02_T1) (2649),NFCORE_RANGELAND:RANGELAND:PREPROCESSING:FORCE_PREPROCESS (LT05_L1TP_181036_19890804_20200916_02_T1) (2649),/home/jfechner/workflows/rangeland/nextflow-run/work/57/520fcb80241f2d88a3fc74e31182ce/level2_ard/X0107_Y0101/19890804_LEVEL2_LND05_OVV.jpg.lock,3644148,2649
,,0,2024-02-14T11:33:02.53370746Z,2024-03-15T11:33:02.53370746Z,2024-03-14T17:55:25.205210778Z,CREATE,file_event,NFCORE_RANGELAND:RANGELAND:PREPROCESSING:FORCE_PREPROCESS (LT05_L1TP_181036_19890804_20200916_02_T1) (2649),NFCORE_RANGELAND:RANGELAND:PREPROCESSING:FORCE_PREPROCESS (LT05_L1TP_181036_19890804_20200916_02_T1) (2649),/home/jfechner/workflows/rangeland/nextflow-run/work/57/520fcb80241f2d88a3fc74e31182ce/level2_prov/provenance_20240314.csv.lock,3644148,2649
,,0,2024-02-14T11:33:02.53370746Z,2024-03-15T11:33:02.53370746Z,2024-03-14T17:55:25.2071173Z,DELETE,file_event,NFCORE_RANGELAND:RANGELAND:PREPROCESSING:FORCE_PREPROCESS (LT05_L1TP_181036_19890804_20200916_02_T1) (2649),NFCORE_RANGELAND:RANGELAND:PREPROCESSING:FORCE_PREPROCESS (LT05_L1TP_181036_19890804_20200916_02_T1) (2649),/home/jfechner/workflows/rangeland/nextflow-run/work/57/520fcb80241f2d88a3fc74e31182ce/level2_prov/provenance_20240314.csv.lock,3644148,2649
,,0,2024-02-14T11:33:02.53370746Z,2024-03-15T11:33:02.53370746Z,2024-03-14T17:55:25.220996916Z,CREATE,file_event,NFCORE_RANGELAND:RANGELAND:PREPROCESSING:FORCE_PREPROCESS (LT05_L1TP_181036_19890804_20200916_02_T1) (2649),NFCORE_RANGELAND:RANGELAND:PREPROCESSING:FORCE_PREPROCESS (LT05_L1TP_181036_19890804_20200916_02_T1) (2649),/home/jfechner/workflows/rangeland/nextflow-run/work/57/520fcb80241f2d88a3fc74e31182ce/level2_ard/X0108_Y0101.lock,3644148,2649
,,0,2024-02-14T11:33:02.53370746Z,2024-03-15T11:33:02.53370746Z,2024-03-14T17:55:25.223677024Z,CREATE,file_event,NFCORE_RANGELAND:RANGELAND:PREPROCESSING:FORCE_PREPROCESS (LT05_L1TP_181036_19890804_20200916_02_T1) (2649),NFCORE_RANGELAND:RANGELAND:PREPROCESSING:FORCE_PREPROCESS (LT05_L1TP_181036_19890804_20200916_02_T1) (2649),/home/jfechner/workflows/rangeland/nextflow-run/work/57/520fcb80241f2d88a3fc74e31182ce/level2_ard/X0108_Y0101,3644148,2649
,,0,2024-02-14T11:33:02.53370746Z,2024-03-15T11:33:02.53370746Z,2024-03-14T17:55:25.225811904Z,CREATE,file_event,NFCORE_RANGELAND:RANGELAND:PREPROCESSING:FORCE_PREPROCESS (LT05_L1TP_181036_19890804_20200916_02_T1) (2649),NFCORE_RANGELAND:RANGELAND:PREPROCESSING:FORCE_PREPROCESS (LT05_L1TP_181036_19890804_20200916_02_T1) (2649),/home/jfechner/workflows/rangeland/nextflow-run/work/57/520fcb80241f2d88a3fc74e31182ce/level2_ard/X0108_Y0101/19890804_LEVEL2_LND05_QAI.tif,3644148,2649
,,0,2024-02-14T11:33:02.53370746Z,2024-03-15T11:33:02.53370746Z,2024-03-14T17:55:25.228009887Z,CREATE,file_event,NFCORE_RANGELAND:RANGELAND:PREPROCESSING:FORCE_PREPROCESS (LT05_L1TP_181036_19890804_20200916_02_T1) (2649),NFCORE_RANGELAND:RANGELAND:PREPROCESSING:FORCE_PREPROCESS (LT05_L1TP_181036_19890804_20200916_02_T1) (2649),/home/jfechner/workflows/rangeland/nextflow-run/work/57/520fcb80241f2d88a3fc74e31182ce/level2_ard/X0108_Y0101/19890804_LEVEL2_LND05_QAI.tif.lock,3644148,2649
,,0,2024-02-14T11:33:02.53370746Z,2024-03-15T11:33:02.53370746Z,2024-03-14T17:55:25.230350763Z,DELETE,file_event,NFCORE_RANGELAND:RANGELAND:PREPROCESSING:FORCE_PREPROCESS (LT05_L1TP_181036_19890804_20200916_02_T1) (2649),NFCORE_RANGELAND:RANGELAND:PREPROCESSING:FORCE_PREPROCESS (LT05_L1TP_181036_19890804_20200916_02_T1) (2649),/home/jfechner/workflows/rangeland/nextflow-run/work/57/520fcb80241f2d88a3fc74e31182ce/level2_ard/X0108_Y0101.lock,3644148,2649
,,0,2024-02-14T11:33:02.53370746Z,2024-03-15T11:33:02.53370746Z,2024-03-14T17:55:25.232805294Z,CREATE,file_event,NFCORE_RANGELAND:RANGELAND:PREPROCESSING:FORCE_PREPROCESS (LT05_L1TP_181036_19890804_20200916_02_T1) (2649),NFCORE_RANGELAND:RANGELAND:PREPROCESSING:FORCE_PREPROCESS (LT05_L1TP_181036_19890804_20200916_02_T1) (2649),/home/jfechner/workflows/rangeland/nextflow-run/work/57/520fcb80241f2d88a3fc74e31182ce/level2_ard/X0108_Y0101/19890804_LEVEL2_LND05_QAI.tif,3644148,2649
,,0,2024-02-14T11:33:02.53370746Z,2024-03-15T11:33:02.53370746Z,2024-03-14T17:55:25.234763178Z,DELETE,file_event,NFCORE_RANGELAND:RANGELAND:PREPROCESSING:FORCE_PREPROCESS (LT05_L1TP_181036_19890804_20200916_02_T1) (2649),NFCORE_RANGELAND:RANGELAND:PREPROCESSING:FORCE_PREPROCESS (LT05_L1TP_181036_19890804_20200916_02_T1) (2649),/home/jfechner/workflows/rangeland/nextflow-run/work/57/520fcb80241f2d88a3fc74e31182ce/level2_ard/X0108_Y0101/19890804_LEVEL2_LND05_QAI.tif.lock,3644148,2649
,,0,2024-02-14T11:33:02.53370746Z,2024-03-15T11:33:02.53370746Z,2024-03-14T17:55:25.236809185Z,CREATE,file_event,NFCORE_RANGELAND:RANGELAND:PREPROCESSING:FORCE_PREPROCESS (LT05_L1TP_181036_19890804_20200916_02_T1) (2649),NFCORE_RANGELAND:RANGELAND:PREPROCESSING:FORCE_PREPROCESS (LT05_L1TP_181036_19890804_20200916_02_T1) (2649),/home/jfechner/workflows/rangeland/nextflow-run/work/57/520fcb80241f2d88a3fc74e31182ce/level2_prov/provenance_20240314.csv.lock,3644148,2649
,,0,2024-02-14T11:33:02.53370746Z,2024-03-15T11:33:02.53370746Z,2024-03-14T17:55:25.238725488Z,DELETE,file_event,NFCORE_RANGELAND:RANGELAND:PREPROCESSING:FORCE_PREPROCESS (LT05_L1TP_181036_19890804_20200916_02_T1) (2649),NFCORE_RANGELAND:RANGELAND:PREPROCESSING:FORCE_PREPROCESS (LT05_L1TP_181036_19890804_20200916_02_T1) (2649),/home/jfechner/workflows/rangeland/nextflow-run/work/57/520fcb80241f2d88a3fc74e31182ce/level2_prov/provenance_20240314.csv.lock,3644148,2649
,,0,2024-02-14T11:33:02.53370746Z,2024-03-15T11:33:02.53370746Z,2024-03-14T17:55:25.240259179Z,CREATE,file_event,NFCORE_RANGELAND:RANGELAND:PREPROCESSING:FORCE_PREPROCESS (LT05_L1TP_181036_19890804_20200916_02_T1) (2649),NFCORE_RANGELAND:RANGELAND:PREPROCESSING:FORCE_PREPROCESS (LT05_L1TP_181036_19890804_20200916_02_T1) (2649),/home/jfechner/workflows/rangeland/nextflow-run/work/57/520fcb80241f2d88a3fc74e31182ce/level2_ard/X0108_Y0101.lock,3644148,2649
,,0,2024-02-14T11:33:02.53370746Z,2024-03-15T11:33:02.53370746Z,2024-03-14T17:55:25.242221823Z,DELETE,file_event,NFCORE_RANGELAND:RANGELAND:PREPROCESSING:FORCE_PREPROCESS (LT05_L1TP_181036_19890804_20200916_02_T1) (2649),NFCORE_RANGELAND:RANGELAND:PREPROCESSING:FORCE_PREPROCESS (LT05_L1TP_181036_19890804_20200916_02_T1) (2649),/home/jfechner/workflows/rangeland/nextflow-run/work/57/520fcb80241f2d88a3fc74e31182ce/level2_ard/X0108_Y0101.lock,3644148,2649
,,0,2024-02-14T11:33:02.53370746Z,2024-03-15T11:33:02.53370746Z,2024-03-14T17:55:25.243768094Z,CREATE,file_event,NFCORE_RANGELAND:RANGELAND:PREPROCESSING:FORCE_PREPROCESS (LT05_L1TP_181036_19890804_20200916_02_T1) (2649),NFCORE_RANGELAND:RANGELAND:PREPROCESSING:FORCE_PREPROCESS (LT05_L1TP_181036_19890804_20200916_02_T1) (2649),/home/jfechner/workflows/rangeland/nextflow-run/work/57/520fcb80241f2d88a3fc74e31182ce/level2_ard/X0108_Y0101/19890804_LEVEL2_LND05_BOA.tif.lock,3644148,2649
,,0,2024-02-14T11:33:02.53370746Z,2024-03-15T11:33:02.53370746Z,2024-03-14T17:55:25.246982069Z,CREATE,file_event,NFCORE_RANGELAND:RANGELAND:PREPROCESSING:FORCE_PREPROCESS (LT05_L1TP_181036_19890804_20200916_02_T1) (2649),NFCORE_RANGELAND:RANGELAND:PREPROCESSING:FORCE_PREPROCESS (LT05_L1TP_181036_19890804_20200916_02_T1) (2649),/home/jfechner/workflows/rangeland/nextflow-run/work/57/520fcb80241f2d88a3fc74e31182ce/level2_ard/X0108_Y0101/19890804_LEVEL2_LND05_BOA.tif,3644148,2649
,,0,2024-02-14T11:33:02.53370746Z,2024-03-15T11:33:02.53370746Z,2024-03-14T17:55:25.254074462Z,DELETE,file_event,NFCORE_RANGELAND:RANGELAND:PREPROCESSING:FORCE_PREPROCESS (LT05_L1TP_181036_19890804_20200916_02_T1) (2649),NFCORE_RANGELAND:RANGELAND:PREPROCESSING:FORCE_PREPROCESS (LT05_L1TP_181036_19890804_20200916_02_T1) (2649),/home/jfechner/workflows/rangeland/nextflow-run/work/57/520fcb80241f2d88a3fc74e31182ce/level2_ard/X0108_Y0101/19890804_LEVEL2_LND05_BOA.tif.lock,3644148,2649
,,0,2024-02-14T11:33:02.53370746Z,2024-03-15T11:33:02.53370746Z,2024-03-14T17:55:25.256898515Z,CREATE,file_event,NFCORE_RANGELAND:RANGELAND:PREPROCESSING:FORCE_PREPROCESS (LT05_L1TP_181036_19890804_20200916_02_T1) (2649),NFCORE_RANGELAND:RANGELAND:PREPROCESSING:FORCE_PREPROCESS (LT05_L1TP_181036_19890804_20200916_02_T1) (2649),/home/jfechner/workflows/rangeland/nextflow-run/work/57/520fcb80241f2d88a3fc74e31182ce/level2_prov/provenance_20240314.csv.lock,3644148,2649
,,0,2024-02-14T11:33:02.53370746Z,2024-03-15T11:33:02.53370746Z,2024-03-14T17:55:25.259348626Z,DELETE,file_event,NFCORE_RANGELAND:RANGELAND:PREPROCESSING:FORCE_PREPROCESS (LT05_L1TP_181036_19890804_20200916_02_T1) (2649),NFCORE_RANGELAND:RANGELAND:PREPROCESSING:FORCE_PREPROCESS (LT05_L1TP_181036_19890804_20200916_02_T1) (2649),/home/jfechner/workflows/rangeland/nextflow-run/work/57/520fcb80241f2d88a3fc74e31182ce/level2_prov/provenance_20240314.csv.lock,3644148,2649
,,0,2024-02-14T11:33:02.53370746Z,2024-03-15T11:33:02.53370746Z,2024-03-14T17:55:25.261280879Z,CREATE,file_event,NFCORE_RANGELAND:RANGELAND:PREPROCESSING:FORCE_PREPROCESS (LT05_L1TP_181036_19890804_20200916_02_T1) (2649),NFCORE_RANGELAND:RANGELAND:PREPROCESSING:FORCE_PREPROCESS (LT05_L1TP_181036_19890804_20200916_02_T1) (2649),/home/jfechner/workflows/rangeland/nextflow-run/work/57/520fcb80241f2d88a3fc74e31182ce/level2_ard/X0108_Y0101.lock,3644148,2649
,,0,2024-02-14T11:33:02.53370746Z,2024-03-15T11:33:02.53370746Z,2024-03-14T17:55:25.263637526Z,DELETE,file_event,NFCORE_RANGELAND:RANGELAND:PREPROCESSING:FORCE_PREPROCESS (LT05_L1TP_181036_19890804_20200916_02_T1) (2649),NFCORE_RANGELAND:RANGELAND:PREPROCESSING:FORCE_PREPROCESS (LT05_L1TP_181036_19890804_20200916_02_T1) (2649),/home/jfechner/workflows/rangeland/nextflow-run/work/57/520fcb80241f2d88a3fc74e31182ce/level2_ard/X0108_Y0101.lock,3644148,2649
,,0,2024-02-14T11:33:02.53370746Z,2024-03-15T11:33:02.53370746Z,2024-03-14T17:55:25.265516048Z,CREATE,file_event,NFCORE_RANGELAND:RANGELAND:PREPROCESSING:FORCE_PREPROCESS (LT05_L1TP_181036_19890804_20200916_02_T1) (2649),NFCORE_RANGELAND:RANGELAND:PREPROCESSING:FORCE_PREPROCESS (LT05_L1TP_181036_19890804_20200916_02_T1) (2649),/home/jfechner/workflows/rangeland/nextflow-run/work/57/520fcb80241f2d88a3fc74e31182ce/level2_ard/X0108_Y0101/19890804_LEVEL2_LND05_OVV.jpg.lock,3644148,2649
,,0,2024-02-14T11:33:02.53370746Z,2024-03-15T11:33:02.53370746Z,2024-03-14T17:55:25.268233667Z,CREATE,file_event,NFCORE_RANGELAND:RANGELAND:PREPROCESSING:FORCE_PREPROCESS (LT05_L1TP_181036_19890804_20200916_02_T1) (2649),NFCORE_RANGELAND:RANGELAND:PREPROCESSING:FORCE_PREPROCESS (LT05_L1TP_181036_19890804_20200916_02_T1) (2649),/home/jfechner/workflows/rangeland/nextflow-run/work/57/520fcb80241f2d88a3fc74e31182ce/level2_ard/X0108_Y0101/19890804_LEVEL2_LND05_OVV.jpg,3644148,2649
,,0,2024-02-14T11:33:02.53370746Z,2024-03-15T11:33:02.53370746Z,2024-03-14T17:55:25.270835693Z,DELETE,file_event,NFCORE_RANGELAND:RANGELAND:PREPROCESSING:FORCE_PREPROCESS (LT05_L1TP_181036_19890804_20200916_02_T1) (2649),NFCORE_RANGELAND:RANGELAND:PREPROCESSING:FORCE_PREPROCESS (LT05_L1TP_181036_19890804_20200916_02_T1) (2649),/home/jfechner/workflows/rangeland/nextflow-run/work/57/520fcb80241f2d88a3fc74e31182ce/level2_ard/X0108_Y0101/19890804_LEVEL2_LND05_OVV.jpg.lock,3644148,2649
,,0,2024-02-14T11:33:02.53370746Z,2024-03-15T11:33:02.53370746Z,2024-03-14T17:55:25.272362953Z,CREATE,file_event,NFCORE_RANGELAND:RANGELAND:PREPROCESSING:FORCE_PREPROCESS (LT05_L1TP_181036_19890804_20200916_02_T1) (2649),NFCORE_RANGELAND:RANGELAND:PREPROCESSING:FORCE_PREPROCESS (LT05_L1TP_181036_19890804_20200916_02_T1) (2649),/home/jfechner/workflows/rangeland/nextflow-run/work/57/520fcb80241f2d88a3fc74e31182ce/level2_prov/provenance_20240314.csv.lock,3644148,2649
,,0,2024-02-14T11:33:02.53370746Z,2024-03-15T11:33:02.53370746Z,2024-03-14T17:55:25.274284686Z,DELETE,file_event,NFCORE_RANGELAND:RANGELAND:PREPROCESSING:FORCE_PREPROCESS (LT05_L1TP_181036_19890804_20200916_02_T1) (2649),NFCORE_RANGELAND:RANGELAND:PREPROCESSING:FORCE_PREPROCESS (LT05_L1TP_181036_19890804_20200916_02_T1) (2649),/home/jfechner/workflows/rangeland/nextflow-run/work/57/520fcb80241f2d88a3fc74e31182ce/level2_prov/provenance_20240314.csv.lock,3644148,2649
,,0,2024-02-14T11:33:02.53370746Z,2024-03-15T11:33:02.53370746Z,2024-03-14T17:55:25.288753611Z,CREATE,file_event,NFCORE_RANGELAND:RANGELAND:PREPROCESSING:FORCE_PREPROCESS (LT05_L1TP_181036_19890804_20200916_02_T1) (2649),NFCORE_RANGELAND:RANGELAND:PREPROCESSING:FORCE_PREPROCESS (LT05_L1TP_181036_19890804_20200916_02_T1) (2649),/home/jfechner/workflows/rangeland/nextflow-run/work/57/520fcb80241f2d88a3fc74e31182ce/level2_ard/X0109_Y0101.lock,3644148,2649
,,0,2024-02-14T11:33:02.53370746Z,2024-03-15T11:33:02.53370746Z,2024-03-14T17:55:25.292344139Z,CREATE,file_event,NFCORE_RANGELAND:RANGELAND:PREPROCESSING:FORCE_PREPROCESS (LT05_L1TP_181036_19890804_20200916_02_T1) (2649),NFCORE_RANGELAND:RANGELAND:PREPROCESSING:FORCE_PREPROCESS (LT05_L1TP_181036_19890804_20200916_02_T1) (2649),/home/jfechner/workflows/rangeland/nextflow-run/work/57/520fcb80241f2d88a3fc74e31182ce/level2_ard/X0109_Y0101,3644148,2649
,,0,2024-02-14T11:33:02.53370746Z,2024-03-15T11:33:02.53370746Z,2024-03-14T17:55:25.295065018Z,CREATE,file_event,NFCORE_RANGELAND:RANGELAND:PREPROCESSING:FORCE_PREPROCESS (LT05_L1TP_181036_19890804_20200916_02_T1) (2649),NFCORE_RANGELAND:RANGELAND:PREPROCESSING:FORCE_PREPROCESS (LT05_L1TP_181036_19890804_20200916_02_T1) (2649),/home/jfechner/workflows/rangeland/nextflow-run/work/57/520fcb80241f2d88a3fc74e31182ce/level2_ard/X0109_Y0101/19890804_LEVEL2_LND05_QAI.tif,3644148,2649
,,0,2024-02-14T11:33:02.53370746Z,2024-03-15T11:33:02.53370746Z,2024-03-14T17:55:25.298137299Z,CREATE,file_event,NFCORE_RANGELAND:RANGELAND:PREPROCESSING:FORCE_PREPROCESS (LT05_L1TP_181036_19890804_20200916_02_T1) (2649),NFCORE_RANGELAND:RANGELAND:PREPROCESSING:FORCE_PREPROCESS (LT05_L1TP_181036_19890804_20200916_02_T1) (2649),/home/jfechner/workflows/rangeland/nextflow-run/work/57/520fcb80241f2d88a3fc74e31182ce/level2_ard/X0109_Y0101/19890804_LEVEL2_LND05_QAI.tif.lock,3644148,2649
,,0,2024-02-14T11:33:02.53370746Z,2024-03-15T11:33:02.53370746Z,2024-03-14T17:55:25.300575799Z,DELETE,file_event,NFCORE_RANGELAND:RANGELAND:PREPROCESSING:FORCE_PREPROCESS (LT05_L1TP_181036_19890804_20200916_02_T1) (2649),NFCORE_RANGELAND:RANGELAND:PREPROCESSING:FORCE_PREPROCESS (LT05_L1TP_181036_19890804_20200916_02_T1) (2649),/home/jfechner/workflows/rangeland/nextflow-run/work/57/520fcb80241f2d88a3fc74e31182ce/level2_ard/X0109_Y0101.lock,3644148,2649
,,0,2024-02-14T11:33:02.53370746Z,2024-03-15T11:33:02.53370746Z,2024-03-14T17:55:25.301998246Z,CREATE,file_event,NFCORE_RANGELAND:RANGELAND:PREPROCESSING:FORCE_PREPROCESS (LT05_L1TP_181036_19890804_20200916_02_T1) (2649),NFCORE_RANGELAND:RANGELAND:PREPROCESSING:FORCE_PREPROCESS (LT05_L1TP_181036_19890804_20200916_02_T1) (2649),/home/jfechner/workflows/rangeland/nextflow-run/work/57/520fcb80241f2d88a3fc74e31182ce/level2_ard/X0109_Y0101/19890804_LEVEL2_LND05_QAI.tif,3644148,2649
,,0,2024-02-14T11:33:02.53370746Z,2024-03-15T11:33:02.53370746Z,2024-03-14T17:55:25.304276671Z,DELETE,file_event,NFCORE_RANGELAND:RANGELAND:PREPROCESSING:FORCE_PREPROCESS (LT05_L1TP_181036_19890804_20200916_02_T1) (2649),NFCORE_RANGELAND:RANGELAND:PREPROCESSING:FORCE_PREPROCESS (LT05_L1TP_181036_19890804_20200916_02_T1) (2649),/home/jfechner/workflows/rangeland/nextflow-run/work/57/520fcb80241f2d88a3fc74e31182ce/level2_ard/X0109_Y0101/19890804_LEVEL2_LND05_QAI.tif.lock,3644148,2649
,,0,2024-02-14T11:33:02.53370746Z,2024-03-15T11:33:02.53370746Z,2024-03-14T17:55:25.306410631Z,CREATE,file_event,NFCORE_RANGELAND:RANGELAND:PREPROCESSING:FORCE_PREPROCESS (LT05_L1TP_181036_19890804_20200916_02_T1) (2649),NFCORE_RANGELAND:RANGELAND:PREPROCESSING:FORCE_PREPROCESS (LT05_L1TP_181036_19890804_20200916_02_T1) (2649),/home/jfechner/workflows/rangeland/nextflow-run/work/57/520fcb80241f2d88a3fc74e31182ce/level2_prov/provenance_20240314.csv.lock,3644148,2649
,,0,2024-02-14T11:33:02.53370746Z,2024-03-15T11:33:02.53370746Z,2024-03-14T17:55:25.308326544Z,DELETE,file_event,NFCORE_RANGELAND:RANGELAND:PREPROCESSING:FORCE_PREPROCESS (LT05_L1TP_181036_19890804_20200916_02_T1) (2649),NFCORE_RANGELAND:RANGELAND:PREPROCESSING:FORCE_PREPROCESS (LT05_L1TP_181036_19890804_20200916_02_T1) (2649),/home/jfechner/workflows/rangeland/nextflow-run/work/57/520fcb80241f2d88a3fc74e31182ce/level2_prov/provenance_20240314.csv.lock,3644148,2649
,,0,2024-02-14T11:33:02.53370746Z,2024-03-15T11:33:02.53370746Z,2024-03-14T17:55:25.310510866Z,CREATE,file_event,NFCORE_RANGELAND:RANGELAND:PREPROCESSING:FORCE_PREPROCESS (LT05_L1TP_181036_19890804_20200916_02_T1) (2649),NFCORE_RANGELAND:RANGELAND:PREPROCESSING:FORCE_PREPROCESS (LT05_L1TP_181036_19890804_20200916_02_T1) (2649),/home/jfechner/workflows/rangeland/nextflow-run/work/57/520fcb80241f2d88a3fc74e31182ce/level2_ard/X0109_Y0101.lock,3644148,2649
,,0,2024-02-14T11:33:02.53370746Z,2024-03-15T11:33:02.53370746Z,2024-03-14T17:55:25.312222932Z,DELETE,file_event,NFCORE_RANGELAND:RANGELAND:PREPROCESSING:FORCE_PREPROCESS (LT05_L1TP_181036_19890804_20200916_02_T1) (2649),NFCORE_RANGELAND:RANGELAND:PREPROCESSING:FORCE_PREPROCESS (LT05_L1TP_181036_19890804_20200916_02_T1) (2649),/home/jfechner/workflows/rangeland/nextflow-run/work/57/520fcb80241f2d88a3fc74e31182ce/level2_ard/X0109_Y0101.lock,3644148,2649
,,0,2024-02-14T11:33:02.53370746Z,2024-03-15T11:33:02.53370746Z,2024-03-14T17:55:25.313938028Z,CREATE,file_event,NFCORE_RANGELAND:RANGELAND:PREPROCESSING:FORCE_PREPROCESS (LT05_L1TP_181036_19890804_20200916_02_T1) (2649),NFCORE_RANGELAND:RANGELAND:PREPROCESSING:FORCE_PREPROCESS (LT05_L1TP_181036_19890804_20200916_02_T1) (2649),/home/jfechner/workflows/rangeland/nextflow-run/work/57/520fcb80241f2d88a3fc74e31182ce/level2_ard/X0109_Y0101/19890804_LEVEL2_LND05_BOA.tif.lock,3644148,2649
,,0,2024-02-14T11:33:02.53370746Z,2024-03-15T11:33:02.53370746Z,2024-03-14T17:55:25.316697479Z,CREATE,file_event,NFCORE_RANGELAND:RANGELAND:PREPROCESSING:FORCE_PREPROCESS (LT05_L1TP_181036_19890804_20200916_02_T1) (2649),NFCORE_RANGELAND:RANGELAND:PREPROCESSING:FORCE_PREPROCESS (LT05_L1TP_181036_19890804_20200916_02_T1) (2649),/home/jfechner/workflows/rangeland/nextflow-run/work/57/520fcb80241f2d88a3fc74e31182ce/level2_ard/X0109_Y0101/19890804_LEVEL2_LND05_BOA.tif,3644148,2649
,,0,2024-02-14T11:33:02.53370746Z,2024-03-15T11:33:02.53370746Z,2024-03-14T17:55:25.319349826Z,DELETE,file_event,NFCORE_RANGELAND:RANGELAND:PREPROCESSING:FORCE_PREPROCESS (LT05_L1TP_181036_19890804_20200916_02_T1) (2649),NFCORE_RANGELAND:RANGELAND:PREPROCESSING:FORCE_PREPROCESS (LT05_L1TP_181036_19890804_20200916_02_T1) (2649),/home/jfechner/workflows/rangeland/nextflow-run/work/57/520fcb80241f2d88a3fc74e31182ce/level2_ard/X0109_Y0101/19890804_LEVEL2_LND05_BOA.tif.lock,3644148,2649
,,0,2024-02-14T11:33:02.53370746Z,2024-03-15T11:33:02.53370746Z,2024-03-14T17:55:25.321126644Z,CREATE,file_event,NFCORE_RANGELAND:RANGELAND:PREPROCESSING:FORCE_PREPROCESS (LT05_L1TP_181036_19890804_20200916_02_T1) (2649),NFCORE_RANGELAND:RANGELAND:PREPROCESSING:FORCE_PREPROCESS (LT05_L1TP_181036_19890804_20200916_02_T1) (2649),/home/jfechner/workflows/rangeland/nextflow-run/work/57/520fcb80241f2d88a3fc74e31182ce/level2_prov/provenance_20240314.csv.lock,3644148,2649
,,0,2024-02-14T11:33:02.53370746Z,2024-03-15T11:33:02.53370746Z,2024-03-14T17:55:25.323907726Z,DELETE,file_event,NFCORE_RANGELAND:RANGELAND:PREPROCESSING:FORCE_PREPROCESS (LT05_L1TP_181036_19890804_20200916_02_T1) (2649),NFCORE_RANGELAND:RANGELAND:PREPROCESSING:FORCE_PREPROCESS (LT05_L1TP_181036_19890804_20200916_02_T1) (2649),/home/jfechner/workflows/rangeland/nextflow-run/work/57/520fcb80241f2d88a3fc74e31182ce/level2_prov/provenance_20240314.csv.lock,3644148,2649
,,0,2024-02-14T11:33:02.53370746Z,2024-03-15T11:33:02.53370746Z,2024-03-14T17:55:25.32646566Z,CREATE,file_event,NFCORE_RANGELAND:RANGELAND:PREPROCESSING:FORCE_PREPROCESS (LT05_L1TP_181036_19890804_20200916_02_T1) (2649),NFCORE_RANGELAND:RANGELAND:PREPROCESSING:FORCE_PREPROCESS (LT05_L1TP_181036_19890804_20200916_02_T1) (2649),/home/jfechner/workflows/rangeland/nextflow-run/work/57/520fcb80241f2d88a3fc74e31182ce/level2_ard/X0109_Y0101.lock,3644148,2649
,,0,2024-02-14T11:33:02.53370746Z,2024-03-15T11:33:02.53370746Z,2024-03-14T17:55:25.328705233Z,DELETE,file_event,NFCORE_RANGELAND:RANGELAND:PREPROCESSING:FORCE_PREPROCESS (LT05_L1TP_181036_19890804_20200916_02_T1) (2649),NFCORE_RANGELAND:RANGELAND:PREPROCESSING:FORCE_PREPROCESS (LT05_L1TP_181036_19890804_20200916_02_T1) (2649),/home/jfechner/workflows/rangeland/nextflow-run/work/57/520fcb80241f2d88a3fc74e31182ce/level2_ard/X0109_Y0101.lock,3644148,2649
,,0,2024-02-14T11:33:02.53370746Z,2024-03-15T11:33:02.53370746Z,2024-03-14T17:55:25.33134921Z,CREATE,file_event,NFCORE_RANGELAND:RANGELAND:PREPROCESSING:FORCE_PREPROCESS (LT05_L1TP_181036_19890804_20200916_02_T1) (2649),NFCORE_RANGELAND:RANGELAND:PREPROCESSING:FORCE_PREPROCESS (LT05_L1TP_181036_19890804_20200916_02_T1) (2649),/home/jfechner/workflows/rangeland/nextflow-run/work/57/520fcb80241f2d88a3fc74e31182ce/level2_ard/X0109_Y0101/19890804_LEVEL2_LND05_OVV.jpg.lock,3644148,2649
,,0,2024-02-14T11:33:02.53370746Z,2024-03-15T11:33:02.53370746Z,2024-03-14T17:55:25.334176663Z,CREATE,file_event,NFCORE_RANGELAND:RANGELAND:PREPROCESSING:FORCE_PREPROCESS (LT05_L1TP_181036_19890804_20200916_02_T1) (2649),NFCORE_RANGELAND:RANGELAND:PREPROCESSING:FORCE_PREPROCESS (LT05_L1TP_181036_19890804_20200916_02_T1) (2649),/home/jfechner/workflows/rangeland/nextflow-run/work/57/520fcb80241f2d88a3fc74e31182ce/level2_ard/X0109_Y0101/19890804_LEVEL2_LND05_OVV.jpg,3644148,2649
,,0,2024-02-14T11:33:02.53370746Z,2024-03-15T11:33:02.53370746Z,2024-03-14T17:55:25.337225813Z,DELETE,file_event,NFCORE_RANGELAND:RANGELAND:PREPROCESSING:FORCE_PREPROCESS (LT05_L1TP_181036_19890804_20200916_02_T1) (2649),NFCORE_RANGELAND:RANGELAND:PREPROCESSING:FORCE_PREPROCESS (LT05_L1TP_181036_19890804_20200916_02_T1) (2649),/home/jfechner/workflows/rangeland/nextflow-run/work/57/520fcb80241f2d88a3fc74e31182ce/level2_ard/X0109_Y0101/19890804_LEVEL2_LND05_OVV.jpg.lock,3644148,2649
,,0,2024-02-14T11:33:02.53370746Z,2024-03-15T11:33:02.53370746Z,2024-03-14T17:55:25.339394454Z,CREATE,file_event,NFCORE_RANGELAND:RANGELAND:PREPROCESSING:FORCE_PREPROCESS (LT05_L1TP_181036_19890804_20200916_02_T1) (2649),NFCORE_RANGELAND:RANGELAND:PREPROCESSING:FORCE_PREPROCESS (LT05_L1TP_181036_19890804_20200916_02_T1) (2649),/home/jfechner/workflows/rangeland/nextflow-run/work/57/520fcb80241f2d88a3fc74e31182ce/level2_prov/provenance_20240314.csv.lock,3644148,2649
,,0,2024-02-14T11:33:02.53370746Z,2024-03-15T11:33:02.53370746Z,2024-03-14T17:55:25.341894136Z,DELETE,file_event,NFCORE_RANGELAND:RANGELAND:PREPROCESSING:FORCE_PREPROCESS (LT05_L1TP_181036_19890804_20200916_02_T1) (2649),NFCORE_RANGELAND:RANGELAND:PREPROCESSING:FORCE_PREPROCESS (LT05_L1TP_181036_19890804_20200916_02_T1) (2649),/home/jfechner/workflows/rangeland/nextflow-run/work/57/520fcb80241f2d88a3fc74e31182ce/level2_prov/provenance_20240314.csv.lock,3644148,2649
,,0,2024-02-14T11:33:02.53370746Z,2024-03-15T11:33:02.53370746Z,2024-03-14T17:55:25.352876647Z,CREATE,file_event,NFCORE_RANGELAND:RANGELAND:PREPROCESSING:FORCE_PREPROCESS (LT05_L1TP_181036_19890804_20200916_02_T1) (2649),NFCORE_RANGELAND:RANGELAND:PREPROCESSING:FORCE_PREPROCESS (LT05_L1TP_181036_19890804_20200916_02_T1) (2649),/home/jfechner/workflows/rangeland/nextflow-run/work/57/520fcb80241f2d88a3fc74e31182ce/level2_ard/X0110_Y0101.lock,3644148,2649
,,0,2024-02-14T11:33:02.53370746Z,2024-03-15T11:33:02.53370746Z,2024-03-14T17:55:25.356495796Z,CREATE,file_event,NFCORE_RANGELAND:RANGELAND:PREPROCESSING:FORCE_PREPROCESS (LT05_L1TP_181036_19890804_20200916_02_T1) (2649),NFCORE_RANGELAND:RANGELAND:PREPROCESSING:FORCE_PREPROCESS (LT05_L1TP_181036_19890804_20200916_02_T1) (2649),/home/jfechner/workflows/rangeland/nextflow-run/work/57/520fcb80241f2d88a3fc74e31182ce/level2_ard/X0110_Y0101,3644148,2649
,,0,2024-02-14T11:33:02.53370746Z,2024-03-15T11:33:02.53370746Z,2024-03-14T17:55:25.35935036Z,CREATE,file_event,NFCORE_RANGELAND:RANGELAND:PREPROCESSING:FORCE_PREPROCESS (LT05_L1TP_181036_19890804_20200916_02_T1) (2649),NFCORE_RANGELAND:RANGELAND:PREPROCESSING:FORCE_PREPROCESS (LT05_L1TP_181036_19890804_20200916_02_T1) (2649),/home/jfechner/workflows/rangeland/nextflow-run/work/57/520fcb80241f2d88a3fc74e31182ce/level2_ard/X0110_Y0101/19890804_LEVEL2_LND05_QAI.tif,3644148,2649
,,0,2024-02-14T11:33:02.53370746Z,2024-03-15T11:33:02.53370746Z,2024-03-14T17:55:25.361649525Z,CREATE,file_event,NFCORE_RANGELAND:RANGELAND:PREPROCESSING:FORCE_PREPROCESS (LT05_L1TP_181036_19890804_20200916_02_T1) (2649),NFCORE_RANGELAND:RANGELAND:PREPROCESSING:FORCE_PREPROCESS (LT05_L1TP_181036_19890804_20200916_02_T1) (2649),/home/jfechner/workflows/rangeland/nextflow-run/work/57/520fcb80241f2d88a3fc74e31182ce/level2_ard/X0110_Y0101/19890804_LEVEL2_LND05_QAI.tif.lock,3644148,2649
,,0,2024-02-14T11:33:02.53370746Z,2024-03-15T11:33:02.53370746Z,2024-03-14T17:55:25.363771165Z,DELETE,file_event,NFCORE_RANGELAND:RANGELAND:PREPROCESSING:FORCE_PREPROCESS (LT05_L1TP_181036_19890804_20200916_02_T1) (2649),NFCORE_RANGELAND:RANGELAND:PREPROCESSING:FORCE_PREPROCESS (LT05_L1TP_181036_19890804_20200916_02_T1) (2649),/home/jfechner/workflows/rangeland/nextflow-run/work/57/520fcb80241f2d88a3fc74e31182ce/level2_ard/X0110_Y0101.lock,3644148,2649
,,0,2024-02-14T11:33:02.53370746Z,2024-03-15T11:33:02.53370746Z,2024-03-14T17:55:25.365213222Z,CREATE,file_event,NFCORE_RANGELAND:RANGELAND:PREPROCESSING:FORCE_PREPROCESS (LT05_L1TP_181036_19890804_20200916_02_T1) (2649),NFCORE_RANGELAND:RANGELAND:PREPROCESSING:FORCE_PREPROCESS (LT05_L1TP_181036_19890804_20200916_02_T1) (2649),/home/jfechner/workflows/rangeland/nextflow-run/work/57/520fcb80241f2d88a3fc74e31182ce/level2_ard/X0110_Y0101/19890804_LEVEL2_LND05_QAI.tif,3644148,2649
,,0,2024-02-14T11:33:02.53370746Z,2024-03-15T11:33:02.53370746Z,2024-03-14T17:55:25.366773373Z,DELETE,file_event,NFCORE_RANGELAND:RANGELAND:PREPROCESSING:FORCE_PREPROCESS (LT05_L1TP_181036_19890804_20200916_02_T1) (2649),NFCORE_RANGELAND:RANGELAND:PREPROCESSING:FORCE_PREPROCESS (LT05_L1TP_181036_19890804_20200916_02_T1) (2649),/home/jfechner/workflows/rangeland/nextflow-run/work/57/520fcb80241f2d88a3fc74e31182ce/level2_ard/X0110_Y0101/19890804_LEVEL2_LND05_QAI.tif.lock,3644148,2649
,,0,2024-02-14T11:33:02.53370746Z,2024-03-15T11:33:02.53370746Z,2024-03-14T17:55:25.368538081Z,CREATE,file_event,NFCORE_RANGELAND:RANGELAND:PREPROCESSING:FORCE_PREPROCESS (LT05_L1TP_181036_19890804_20200916_02_T1) (2649),NFCORE_RANGELAND:RANGELAND:PREPROCESSING:FORCE_PREPROCESS (LT05_L1TP_181036_19890804_20200916_02_T1) (2649),/home/jfechner/workflows/rangeland/nextflow-run/work/57/520fcb80241f2d88a3fc74e31182ce/level2_prov/provenance_20240314.csv.lock,3644148,2649
,,0,2024-02-14T11:33:02.53370746Z,2024-03-15T11:33:02.53370746Z,2024-03-14T17:55:25.370563258Z,DELETE,file_event,NFCORE_RANGELAND:RANGELAND:PREPROCESSING:FORCE_PREPROCESS (LT05_L1TP_181036_19890804_20200916_02_T1) (2649),NFCORE_RANGELAND:RANGELAND:PREPROCESSING:FORCE_PREPROCESS (LT05_L1TP_181036_19890804_20200916_02_T1) (2649),/home/jfechner/workflows/rangeland/nextflow-run/work/57/520fcb80241f2d88a3fc74e31182ce/level2_prov/provenance_20240314.csv.lock,3644148,2649
,,0,2024-02-14T11:33:02.53370746Z,2024-03-15T11:33:02.53370746Z,2024-03-14T17:55:25.372379917Z,CREATE,file_event,NFCORE_RANGELAND:RANGELAND:PREPROCESSING:FORCE_PREPROCESS (LT05_L1TP_181036_19890804_20200916_02_T1) (2649),NFCORE_RANGELAND:RANGELAND:PREPROCESSING:FORCE_PREPROCESS (LT05_L1TP_181036_19890804_20200916_02_T1) (2649),/home/jfechner/workflows/rangeland/nextflow-run/work/57/520fcb80241f2d88a3fc74e31182ce/level2_ard/X0110_Y0101.lock,3644148,2649
,,0,2024-02-14T11:33:02.53370746Z,2024-03-15T11:33:02.53370746Z,2024-03-14T17:55:25.374942701Z,DELETE,file_event,NFCORE_RANGELAND:RANGELAND:PREPROCESSING:FORCE_PREPROCESS (LT05_L1TP_181036_19890804_20200916_02_T1) (2649),NFCORE_RANGELAND:RANGELAND:PREPROCESSING:FORCE_PREPROCESS (LT05_L1TP_181036_19890804_20200916_02_T1) (2649),/home/jfechner/workflows/rangeland/nextflow-run/work/57/520fcb80241f2d88a3fc74e31182ce/level2_ard/X0110_Y0101.lock,3644148,2649
,,0,2024-02-14T11:33:02.53370746Z,2024-03-15T11:33:02.53370746Z,2024-03-14T17:55:25.376890205Z,CREATE,file_event,NFCORE_RANGELAND:RANGELAND:PREPROCESSING:FORCE_PREPROCESS (LT05_L1TP_181036_19890804_20200916_02_T1) (2649),NFCORE_RANGELAND:RANGELAND:PREPROCESSING:FORCE_PREPROCESS (LT05_L1TP_181036_19890804_20200916_02_T1) (2649),/home/jfechner/workflows/rangeland/nextflow-run/work/57/520fcb80241f2d88a3fc74e31182ce/level2_ard/X0110_Y0101/19890804_LEVEL2_LND05_BOA.tif.lock,3644148,2649
,,0,2024-02-14T11:33:02.53370746Z,2024-03-15T11:33:02.53370746Z,2024-03-14T17:55:25.379377977Z,CREATE,file_event,NFCORE_RANGELAND:RANGELAND:PREPROCESSING:FORCE_PREPROCESS (LT05_L1TP_181036_19890804_20200916_02_T1) (2649),NFCORE_RANGELAND:RANGELAND:PREPROCESSING:FORCE_PREPROCESS (LT05_L1TP_181036_19890804_20200916_02_T1) (2649),/home/jfechner/workflows/rangeland/nextflow-run/work/57/520fcb80241f2d88a3fc74e31182ce/level2_ard/X0110_Y0101/19890804_LEVEL2_LND05_BOA.tif,3644148,2649
,,0,2024-02-14T11:33:02.53370746Z,2024-03-15T11:33:02.53370746Z,2024-03-14T17:55:25.384296369Z,DELETE,file_event,NFCORE_RANGELAND:RANGELAND:PREPROCESSING:FORCE_PREPROCESS (LT05_L1TP_181036_19890804_20200916_02_T1) (2649),NFCORE_RANGELAND:RANGELAND:PREPROCESSING:FORCE_PREPROCESS (LT05_L1TP_181036_19890804_20200916_02_T1) (2649),/home/jfechner/workflows/rangeland/nextflow-run/work/57/520fcb80241f2d88a3fc74e31182ce/level2_ard/X0110_Y0101/19890804_LEVEL2_LND05_BOA.tif.lock,3644148,2649
,,0,2024-02-14T11:33:02.53370746Z,2024-03-15T11:33:02.53370746Z,2024-03-14T17:55:25.386285074Z,CREATE,file_event,NFCORE_RANGELAND:RANGELAND:PREPROCESSING:FORCE_PREPROCESS (LT05_L1TP_181036_19890804_20200916_02_T1) (2649),NFCORE_RANGELAND:RANGELAND:PREPROCESSING:FORCE_PREPROCESS (LT05_L1TP_181036_19890804_20200916_02_T1) (2649),/home/jfechner/workflows/rangeland/nextflow-run/work/57/520fcb80241f2d88a3fc74e31182ce/level2_prov/provenance_20240314.csv.lock,3644148,2649
,,0,2024-02-14T11:33:02.53370746Z,2024-03-15T11:33:02.53370746Z,2024-03-14T17:55:25.388110224Z,DELETE,file_event,NFCORE_RANGELAND:RANGELAND:PREPROCESSING:FORCE_PREPROCESS (LT05_L1TP_181036_19890804_20200916_02_T1) (2649),NFCORE_RANGELAND:RANGELAND:PREPROCESSING:FORCE_PREPROCESS (LT05_L1TP_181036_19890804_20200916_02_T1) (2649),/home/jfechner/workflows/rangeland/nextflow-run/work/57/520fcb80241f2d88a3fc74e31182ce/level2_prov/provenance_20240314.csv.lock,3644148,2649
,,0,2024-02-14T11:33:02.53370746Z,2024-03-15T11:33:02.53370746Z,2024-03-14T17:55:25.389940784Z,CREATE,file_event,NFCORE_RANGELAND:RANGELAND:PREPROCESSING:FORCE_PREPROCESS (LT05_L1TP_181036_19890804_20200916_02_T1) (2649),NFCORE_RANGELAND:RANGELAND:PREPROCESSING:FORCE_PREPROCESS (LT05_L1TP_181036_19890804_20200916_02_T1) (2649),/home/jfechner/workflows/rangeland/nextflow-run/work/57/520fcb80241f2d88a3fc74e31182ce/level2_ard/X0110_Y0101.lock,3644148,2649
,,0,2024-02-14T11:33:02.53370746Z,2024-03-15T11:33:02.53370746Z,2024-03-14T17:55:25.391873898Z,DELETE,file_event,NFCORE_RANGELAND:RANGELAND:PREPROCESSING:FORCE_PREPROCESS (LT05_L1TP_181036_19890804_20200916_02_T1) (2649),NFCORE_RANGELAND:RANGELAND:PREPROCESSING:FORCE_PREPROCESS (LT05_L1TP_181036_19890804_20200916_02_T1) (2649),/home/jfechner/workflows/rangeland/nextflow-run/work/57/520fcb80241f2d88a3fc74e31182ce/level2_ard/X0110_Y0101.lock,3644148,2649
,,0,2024-02-14T11:33:02.53370746Z,2024-03-15T11:33:02.53370746Z,2024-03-14T17:55:25.393706918Z,CREATE,file_event,NFCORE_RANGELAND:RANGELAND:PREPROCESSING:FORCE_PREPROCESS (LT05_L1TP_181036_19890804_20200916_02_T1) (2649),NFCORE_RANGELAND:RANGELAND:PREPROCESSING:FORCE_PREPROCESS (LT05_L1TP_181036_19890804_20200916_02_T1) (2649),/home/jfechner/workflows/rangeland/nextflow-run/work/57/520fcb80241f2d88a3fc74e31182ce/level2_ard/X0110_Y0101/19890804_LEVEL2_LND05_OVV.jpg.lock,3644148,2649
,,0,2024-02-14T11:33:02.53370746Z,2024-03-15T11:33:02.53370746Z,2024-03-14T17:55:25.396105557Z,CREATE,file_event,NFCORE_RANGELAND:RANGELAND:PREPROCESSING:FORCE_PREPROCESS (LT05_L1TP_181036_19890804_20200916_02_T1) (2649),NFCORE_RANGELAND:RANGELAND:PREPROCESSING:FORCE_PREPROCESS (LT05_L1TP_181036_19890804_20200916_02_T1) (2649),/home/jfechner/workflows/rangeland/nextflow-run/work/57/520fcb80241f2d88a3fc74e31182ce/level2_ard/X0110_Y0101/19890804_LEVEL2_LND05_OVV.jpg,3644148,2649
,,0,2024-02-14T11:33:02.53370746Z,2024-03-15T11:33:02.53370746Z,2024-03-14T17:55:25.398749843Z,DELETE,file_event,NFCORE_RANGELAND:RANGELAND:PREPROCESSING:FORCE_PREPROCESS (LT05_L1TP_181036_19890804_20200916_02_T1) (2649),NFCORE_RANGELAND:RANGELAND:PREPROCESSING:FORCE_PREPROCESS (LT05_L1TP_181036_19890804_20200916_02_T1) (2649),/home/jfechner/workflows/rangeland/nextflow-run/work/57/520fcb80241f2d88a3fc74e31182ce/level2_ard/X0110_Y0101/19890804_LEVEL2_LND05_OVV.jpg.lock,3644148,2649
,,0,2024-02-14T11:33:02.53370746Z,2024-03-15T11:33:02.53370746Z,2024-03-14T17:55:25.401599577Z,CREATE,file_event,NFCORE_RANGELAND:RANGELAND:PREPROCESSING:FORCE_PREPROCESS (LT05_L1TP_181036_19890804_20200916_02_T1) (2649),NFCORE_RANGELAND:RANGELAND:PREPROCESSING:FORCE_PREPROCESS (LT05_L1TP_181036_19890804_20200916_02_T1) (2649),/home/jfechner/workflows/rangeland/nextflow-run/work/57/520fcb80241f2d88a3fc74e31182ce/level2_prov/provenance_20240314.csv.lock,3644148,2649
,,0,2024-02-14T11:33:02.53370746Z,2024-03-15T11:33:02.53370746Z,2024-03-14T17:55:25.404169551Z,DELETE,file_event,NFCORE_RANGELAND:RANGELAND:PREPROCESSING:FORCE_PREPROCESS (LT05_L1TP_181036_19890804_20200916_02_T1) (2649),NFCORE_RANGELAND:RANGELAND:PREPROCESSING:FORCE_PREPROCESS (LT05_L1TP_181036_19890804_20200916_02_T1) (2649),/home/jfechner/workflows/rangeland/nextflow-run/work/57/520fcb80241f2d88a3fc74e31182ce/level2_prov/provenance_20240314.csv.lock,3644148,2649
,,0,2024-02-14T11:33:02.53370746Z,2024-03-15T11:33:02.53370746Z,2024-03-14T17:55:25.419076201Z,CREATE,file_event,NFCORE_RANGELAND:RANGELAND:PREPROCESSING:FORCE_PREPROCESS (LT05_L1TP_181036_19890804_20200916_02_T1) (2649),NFCORE_RANGELAND:RANGELAND:PREPROCESSING:FORCE_PREPROCESS (LT05_L1TP_181036_19890804_20200916_02_T1) (2649),/home/jfechner/workflows/rangeland/nextflow-run/work/57/520fcb80241f2d88a3fc74e31182ce/level2_ard/X0111_Y0101.lock,3644148,2649
,,0,2024-02-14T11:33:02.53370746Z,2024-03-15T11:33:02.53370746Z,2024-03-14T17:55:25.422154362Z,CREATE,file_event,NFCORE_RANGELAND:RANGELAND:PREPROCESSING:FORCE_PREPROCESS (LT05_L1TP_181036_19890804_20200916_02_T1) (2649),NFCORE_RANGELAND:RANGELAND:PREPROCESSING:FORCE_PREPROCESS (LT05_L1TP_181036_19890804_20200916_02_T1) (2649),/home/jfechner/workflows/rangeland/nextflow-run/work/57/520fcb80241f2d88a3fc74e31182ce/level2_ard/X0111_Y0101,3644148,2649
,,0,2024-02-14T11:33:02.53370746Z,2024-03-15T11:33:02.53370746Z,2024-03-14T17:55:25.426025929Z,CREATE,file_event,NFCORE_RANGELAND:RANGELAND:PREPROCESSING:FORCE_PREPROCESS (LT05_L1TP_181036_19890804_20200916_02_T1) (2649),NFCORE_RANGELAND:RANGELAND:PREPROCESSING:FORCE_PREPROCESS (LT05_L1TP_181036_19890804_20200916_02_T1) (2649),/home/jfechner/workflows/rangeland/nextflow-run/work/57/520fcb80241f2d88a3fc74e31182ce/level2_ard/X0111_Y0101/19890804_LEVEL2_LND05_QAI.tif,3644148,2649
,,0,2024-02-14T11:33:02.53370746Z,2024-03-15T11:33:02.53370746Z,2024-03-14T17:55:25.428514371Z,CREATE,file_event,NFCORE_RANGELAND:RANGELAND:PREPROCESSING:FORCE_PREPROCESS (LT05_L1TP_181036_19890804_20200916_02_T1) (2649),NFCORE_RANGELAND:RANGELAND:PREPROCESSING:FORCE_PREPROCESS (LT05_L1TP_181036_19890804_20200916_02_T1) (2649),/home/jfechner/workflows/rangeland/nextflow-run/work/57/520fcb80241f2d88a3fc74e31182ce/level2_ard/X0111_Y0101/19890804_LEVEL2_LND05_QAI.tif.lock,3644148,2649
,,0,2024-02-14T11:33:02.53370746Z,2024-03-15T11:33:02.53370746Z,2024-03-14T17:55:25.431428176Z,DELETE,file_event,NFCORE_RANGELAND:RANGELAND:PREPROCESSING:FORCE_PREPROCESS (LT05_L1TP_181036_19890804_20200916_02_T1) (2649),NFCORE_RANGELAND:RANGELAND:PREPROCESSING:FORCE_PREPROCESS (LT05_L1TP_181036_19890804_20200916_02_T1) (2649),/home/jfechner/workflows/rangeland/nextflow-run/work/57/520fcb80241f2d88a3fc74e31182ce/level2_ard/X0111_Y0101.lock,3644148,2649
,,0,2024-02-14T11:33:02.53370746Z,2024-03-15T11:33:02.53370746Z,2024-03-14T17:55:25.433828095Z,CREATE,file_event,NFCORE_RANGELAND:RANGELAND:PREPROCESSING:FORCE_PREPROCESS (LT05_L1TP_181036_19890804_20200916_02_T1) (2649),NFCORE_RANGELAND:RANGELAND:PREPROCESSING:FORCE_PREPROCESS (LT05_L1TP_181036_19890804_20200916_02_T1) (2649),/home/jfechner/workflows/rangeland/nextflow-run/work/57/520fcb80241f2d88a3fc74e31182ce/level2_ard/X0111_Y0101/19890804_LEVEL2_LND05_QAI.tif,3644148,2649
,,0,2024-02-14T11:33:02.53370746Z,2024-03-15T11:33:02.53370746Z,2024-03-14T17:55:25.435643825Z,DELETE,file_event,NFCORE_RANGELAND:RANGELAND:PREPROCESSING:FORCE_PREPROCESS (LT05_L1TP_181036_19890804_20200916_02_T1) (2649),NFCORE_RANGELAND:RANGELAND:PREPROCESSING:FORCE_PREPROCESS (LT05_L1TP_181036_19890804_20200916_02_T1) (2649),/home/jfechner/workflows/rangeland/nextflow-run/work/57/520fcb80241f2d88a3fc74e31182ce/level2_ard/X0111_Y0101/19890804_LEVEL2_LND05_QAI.tif.lock,3644148,2649
,,0,2024-02-14T11:33:02.53370746Z,2024-03-15T11:33:02.53370746Z,2024-03-14T17:55:25.437111373Z,CREATE,file_event,NFCORE_RANGELAND:RANGELAND:PREPROCESSING:FORCE_PREPROCESS (LT05_L1TP_181036_19890804_20200916_02_T1) (2649),NFCORE_RANGELAND:RANGELAND:PREPROCESSING:FORCE_PREPROCESS (LT05_L1TP_181036_19890804_20200916_02_T1) (2649),/home/jfechner/workflows/rangeland/nextflow-run/work/57/520fcb80241f2d88a3fc74e31182ce/level2_prov/provenance_20240314.csv.lock,3644148,2649
,,0,2024-02-14T11:33:02.53370746Z,2024-03-15T11:33:02.53370746Z,2024-03-14T17:55:25.438617532Z,DELETE,file_event,NFCORE_RANGELAND:RANGELAND:PREPROCESSING:FORCE_PREPROCESS (LT05_L1TP_181036_19890804_20200916_02_T1) (2649),NFCORE_RANGELAND:RANGELAND:PREPROCESSING:FORCE_PREPROCESS (LT05_L1TP_181036_19890804_20200916_02_T1) (2649),/home/jfechner/workflows/rangeland/nextflow-run/work/57/520fcb80241f2d88a3fc74e31182ce/level2_prov/provenance_20240314.csv.lock,3644148,2649
,,0,2024-02-14T11:33:02.53370746Z,2024-03-15T11:33:02.53370746Z,2024-03-14T17:55:25.440029109Z,CREATE,file_event,NFCORE_RANGELAND:RANGELAND:PREPROCESSING:FORCE_PREPROCESS (LT05_L1TP_181036_19890804_20200916_02_T1) (2649),NFCORE_RANGELAND:RANGELAND:PREPROCESSING:FORCE_PREPROCESS (LT05_L1TP_181036_19890804_20200916_02_T1) (2649),/home/jfechner/workflows/rangeland/nextflow-run/work/57/520fcb80241f2d88a3fc74e31182ce/level2_ard/X0111_Y0101.lock,3644148,2649
,,0,2024-02-14T11:33:02.53370746Z,2024-03-15T11:33:02.53370746Z,2024-03-14T17:55:25.442010374Z,DELETE,file_event,NFCORE_RANGELAND:RANGELAND:PREPROCESSING:FORCE_PREPROCESS (LT05_L1TP_181036_19890804_20200916_02_T1) (2649),NFCORE_RANGELAND:RANGELAND:PREPROCESSING:FORCE_PREPROCESS (LT05_L1TP_181036_19890804_20200916_02_T1) (2649),/home/jfechner/workflows/rangeland/nextflow-run/work/57/520fcb80241f2d88a3fc74e31182ce/level2_ard/X0111_Y0101.lock,3644148,2649
,,0,2024-02-14T11:33:02.53370746Z,2024-03-15T11:33:02.53370746Z,2024-03-14T17:55:25.444530397Z,CREATE,file_event,NFCORE_RANGELAND:RANGELAND:PREPROCESSING:FORCE_PREPROCESS (LT05_L1TP_181036_19890804_20200916_02_T1) (2649),NFCORE_RANGELAND:RANGELAND:PREPROCESSING:FORCE_PREPROCESS (LT05_L1TP_181036_19890804_20200916_02_T1) (2649),/home/jfechner/workflows/rangeland/nextflow-run/work/57/520fcb80241f2d88a3fc74e31182ce/level2_ard/X0111_Y0101/19890804_LEVEL2_LND05_BOA.tif.lock,3644148,2649
,,0,2024-02-14T11:33:02.53370746Z,2024-03-15T11:33:02.53370746Z,2024-03-14T17:55:25.447168893Z,CREATE,file_event,NFCORE_RANGELAND:RANGELAND:PREPROCESSING:FORCE_PREPROCESS (LT05_L1TP_181036_19890804_20200916_02_T1) (2649),NFCORE_RANGELAND:RANGELAND:PREPROCESSING:FORCE_PREPROCESS (LT05_L1TP_181036_19890804_20200916_02_T1) (2649),/home/jfechner/workflows/rangeland/nextflow-run/work/57/520fcb80241f2d88a3fc74e31182ce/level2_ard/X0111_Y0101/19890804_LEVEL2_LND05_BOA.tif,3644148,2649
,,0,2024-02-14T11:33:02.53370746Z,2024-03-15T11:33:02.53370746Z,2024-03-14T17:55:25.459802498Z,DELETE,file_event,NFCORE_RANGELAND:RANGELAND:PREPROCESSING:FORCE_PREPROCESS (LT05_L1TP_181036_19890804_20200916_02_T1) (2649),NFCORE_RANGELAND:RANGELAND:PREPROCESSING:FORCE_PREPROCESS (LT05_L1TP_181036_19890804_20200916_02_T1) (2649),/home/jfechner/workflows/rangeland/nextflow-run/work/57/520fcb80241f2d88a3fc74e31182ce/level2_ard/X0111_Y0101/19890804_LEVEL2_LND05_BOA.tif.lock,3644148,2649
,,0,2024-02-14T11:33:02.53370746Z,2024-03-15T11:33:02.53370746Z,2024-03-14T17:55:25.462460585Z,CREATE,file_event,NFCORE_RANGELAND:RANGELAND:PREPROCESSING:FORCE_PREPROCESS (LT05_L1TP_181036_19890804_20200916_02_T1) (2649),NFCORE_RANGELAND:RANGELAND:PREPROCESSING:FORCE_PREPROCESS (LT05_L1TP_181036_19890804_20200916_02_T1) (2649),/home/jfechner/workflows/rangeland/nextflow-run/work/57/520fcb80241f2d88a3fc74e31182ce/level2_prov/provenance_20240314.csv.lock,3644148,2649
,,0,2024-02-14T11:33:02.53370746Z,2024-03-15T11:33:02.53370746Z,2024-03-14T17:55:25.464240984Z,DELETE,file_event,NFCORE_RANGELAND:RANGELAND:PREPROCESSING:FORCE_PREPROCESS (LT05_L1TP_181036_19890804_20200916_02_T1) (2649),NFCORE_RANGELAND:RANGELAND:PREPROCESSING:FORCE_PREPROCESS (LT05_L1TP_181036_19890804_20200916_02_T1) (2649),/home/jfechner/workflows/rangeland/nextflow-run/work/57/520fcb80241f2d88a3fc74e31182ce/level2_prov/provenance_20240314.csv.lock,3644148,2649
,,0,2024-02-14T11:33:02.53370746Z,2024-03-15T11:33:02.53370746Z,2024-03-14T17:55:25.465986051Z,CREATE,file_event,NFCORE_RANGELAND:RANGELAND:PREPROCESSING:FORCE_PREPROCESS (LT05_L1TP_181036_19890804_20200916_02_T1) (2649),NFCORE_RANGELAND:RANGELAND:PREPROCESSING:FORCE_PREPROCESS (LT05_L1TP_181036_19890804_20200916_02_T1) (2649),/home/jfechner/workflows/rangeland/nextflow-run/work/57/520fcb80241f2d88a3fc74e31182ce/level2_ard/X0111_Y0101.lock,3644148,2649
,,0,2024-02-14T11:33:02.53370746Z,2024-03-15T11:33:02.53370746Z,2024-03-14T17:55:25.467747139Z,DELETE,file_event,NFCORE_RANGELAND:RANGELAND:PREPROCESSING:FORCE_PREPROCESS (LT05_L1TP_181036_19890804_20200916_02_T1) (2649),NFCORE_RANGELAND:RANGELAND:PREPROCESSING:FORCE_PREPROCESS (LT05_L1TP_181036_19890804_20200916_02_T1) (2649),/home/jfechner/workflows/rangeland/nextflow-run/work/57/520fcb80241f2d88a3fc74e31182ce/level2_ard/X0111_Y0101.lock,3644148,2649
,,0,2024-02-14T11:33:02.53370746Z,2024-03-15T11:33:02.53370746Z,2024-03-14T17:55:25.469397634Z,CREATE,file_event,NFCORE_RANGELAND:RANGELAND:PREPROCESSING:FORCE_PREPROCESS (LT05_L1TP_181036_19890804_20200916_02_T1) (2649),NFCORE_RANGELAND:RANGELAND:PREPROCESSING:FORCE_PREPROCESS (LT05_L1TP_181036_19890804_20200916_02_T1) (2649),/home/jfechner/workflows/rangeland/nextflow-run/work/57/520fcb80241f2d88a3fc74e31182ce/level2_ard/X0111_Y0101/19890804_LEVEL2_LND05_OVV.jpg.lock,3644148,2649
,,0,2024-02-14T11:33:02.53370746Z,2024-03-15T11:33:02.53370746Z,2024-03-14T17:55:25.471474492Z,CREATE,file_event,NFCORE_RANGELAND:RANGELAND:PREPROCESSING:FORCE_PREPROCESS (LT05_L1TP_181036_19890804_20200916_02_T1) (2649),NFCORE_RANGELAND:RANGELAND:PREPROCESSING:FORCE_PREPROCESS (LT05_L1TP_181036_19890804_20200916_02_T1) (2649),/home/jfechner/workflows/rangeland/nextflow-run/work/57/520fcb80241f2d88a3fc74e31182ce/level2_ard/X0111_Y0101/19890804_LEVEL2_LND05_OVV.jpg,3644148,2649
,,0,2024-02-14T11:33:02.53370746Z,2024-03-15T11:33:02.53370746Z,2024-03-14T17:55:25.473482867Z,DELETE,file_event,NFCORE_RANGELAND:RANGELAND:PREPROCESSING:FORCE_PREPROCESS (LT05_L1TP_181036_19890804_20200916_02_T1) (2649),NFCORE_RANGELAND:RANGELAND:PREPROCESSING:FORCE_PREPROCESS (LT05_L1TP_181036_19890804_20200916_02_T1) (2649),/home/jfechner/workflows/rangeland/nextflow-run/work/57/520fcb80241f2d88a3fc74e31182ce/level2_ard/X0111_Y0101/19890804_LEVEL2_LND05_OVV.jpg.lock,3644148,2649
,,0,2024-02-14T11:33:02.53370746Z,2024-03-15T11:33:02.53370746Z,2024-03-14T17:55:25.474922685Z,CREATE,file_event,NFCORE_RANGELAND:RANGELAND:PREPROCESSING:FORCE_PREPROCESS (LT05_L1TP_181036_19890804_20200916_02_T1) (2649),NFCORE_RANGELAND:RANGELAND:PREPROCESSING:FORCE_PREPROCESS (LT05_L1TP_181036_19890804_20200916_02_T1) (2649),/home/jfechner/workflows/rangeland/nextflow-run/work/57/520fcb80241f2d88a3fc74e31182ce/level2_prov/provenance_20240314.csv.lock,3644148,2649
,,0,2024-02-14T11:33:02.53370746Z,2024-03-15T11:33:02.53370746Z,2024-03-14T17:55:25.477113947Z,DELETE,file_event,NFCORE_RANGELAND:RANGELAND:PREPROCESSING:FORCE_PREPROCESS (LT05_L1TP_181036_19890804_20200916_02_T1) (2649),NFCORE_RANGELAND:RANGELAND:PREPROCESSING:FORCE_PREPROCESS (LT05_L1TP_181036_19890804_20200916_02_T1) (2649),/home/jfechner/workflows/rangeland/nextflow-run/work/57/520fcb80241f2d88a3fc74e31182ce/level2_prov/provenance_20240314.csv.lock,3644148,2649
,,0,2024-02-14T11:33:02.53370746Z,2024-03-15T11:33:02.53370746Z,2024-03-14T17:55:25.507608138Z,CREATE,file_event,NFCORE_RANGELAND:RANGELAND:PREPROCESSING:FORCE_PREPROCESS (LT05_L1TP_181036_19890804_20200916_02_T1) (2649),NFCORE_RANGELAND:RANGELAND:PREPROCESSING:FORCE_PREPROCESS (LT05_L1TP_181036_19890804_20200916_02_T1) (2649),/home/jfechner/workflows/rangeland/nextflow-run/work/57/520fcb80241f2d88a3fc74e31182ce/level2_ard/X0106_Y0102.lock,3644148,2649
,,0,2024-02-14T11:33:02.53370746Z,2024-03-15T11:33:02.53370746Z,2024-03-14T17:55:25.510426541Z,CREATE,file_event,NFCORE_RANGELAND:RANGELAND:PREPROCESSING:FORCE_PREPROCESS (LT05_L1TP_181036_19890804_20200916_02_T1) (2649),NFCORE_RANGELAND:RANGELAND:PREPROCESSING:FORCE_PREPROCESS (LT05_L1TP_181036_19890804_20200916_02_T1) (2649),/home/jfechner/workflows/rangeland/nextflow-run/work/57/520fcb80241f2d88a3fc74e31182ce/level2_ard/X0106_Y0102,3644148,2649
,,0,2024-02-14T11:33:02.53370746Z,2024-03-15T11:33:02.53370746Z,2024-03-14T17:55:25.512459867Z,CREATE,file_event,NFCORE_RANGELAND:RANGELAND:PREPROCESSING:FORCE_PREPROCESS (LT05_L1TP_181036_19890804_20200916_02_T1) (2649),NFCORE_RANGELAND:RANGELAND:PREPROCESSING:FORCE_PREPROCESS (LT05_L1TP_181036_19890804_20200916_02_T1) (2649),/home/jfechner/workflows/rangeland/nextflow-run/work/57/520fcb80241f2d88a3fc74e31182ce/level2_ard/X0106_Y0102/19890804_LEVEL2_LND05_QAI.tif,3644148,2649
,,0,2024-02-14T11:33:02.53370746Z,2024-03-15T11:33:02.53370746Z,2024-03-14T17:55:25.516304764Z,CREATE,file_event,NFCORE_RANGELAND:RANGELAND:PREPROCESSING:FORCE_PREPROCESS (LT05_L1TP_181036_19890804_20200916_02_T1) (2649),NFCORE_RANGELAND:RANGELAND:PREPROCESSING:FORCE_PREPROCESS (LT05_L1TP_181036_19890804_20200916_02_T1) (2649),/home/jfechner/workflows/rangeland/nextflow-run/work/57/520fcb80241f2d88a3fc74e31182ce/level2_ard/X0106_Y0102/19890804_LEVEL2_LND05_QAI.tif.lock,3644148,2649
,,0,2024-02-14T11:33:02.53370746Z,2024-03-15T11:33:02.53370746Z,2024-03-14T17:55:25.518962981Z,DELETE,file_event,NFCORE_RANGELAND:RANGELAND:PREPROCESSING:FORCE_PREPROCESS (LT05_L1TP_181036_19890804_20200916_02_T1) (2649),NFCORE_RANGELAND:RANGELAND:PREPROCESSING:FORCE_PREPROCESS (LT05_L1TP_181036_19890804_20200916_02_T1) (2649),/home/jfechner/workflows/rangeland/nextflow-run/work/57/520fcb80241f2d88a3fc74e31182ce/level2_ard/X0106_Y0102.lock,3644148,2649
,,0,2024-02-14T11:33:02.53370746Z,2024-03-15T11:33:02.53370746Z,2024-03-14T17:55:25.520475921Z,CREATE,file_event,NFCORE_RANGELAND:RANGELAND:PREPROCESSING:FORCE_PREPROCESS (LT05_L1TP_181036_19890804_20200916_02_T1) (2649),NFCORE_RANGELAND:RANGELAND:PREPROCESSING:FORCE_PREPROCESS (LT05_L1TP_181036_19890804_20200916_02_T1) (2649),/home/jfechner/workflows/rangeland/nextflow-run/work/57/520fcb80241f2d88a3fc74e31182ce/level2_ard/X0106_Y0102/19890804_LEVEL2_LND05_QAI.tif,3644148,2649
,,0,2024-02-14T11:33:02.53370746Z,2024-03-15T11:33:02.53370746Z,2024-03-14T17:55:25.52196162Z,DELETE,file_event,NFCORE_RANGELAND:RANGELAND:PREPROCESSING:FORCE_PREPROCESS (LT05_L1TP_181036_19890804_20200916_02_T1) (2649),NFCORE_RANGELAND:RANGELAND:PREPROCESSING:FORCE_PREPROCESS (LT05_L1TP_181036_19890804_20200916_02_T1) (2649),/home/jfechner/workflows/rangeland/nextflow-run/work/57/520fcb80241f2d88a3fc74e31182ce/level2_ard/X0106_Y0102/19890804_LEVEL2_LND05_QAI.tif.lock,3644148,2649
,,0,2024-02-14T11:33:02.53370746Z,2024-03-15T11:33:02.53370746Z,2024-03-14T17:55:25.523267642Z,CREATE,file_event,NFCORE_RANGELAND:RANGELAND:PREPROCESSING:FORCE_PREPROCESS (LT05_L1TP_181036_19890804_20200916_02_T1) (2649),NFCORE_RANGELAND:RANGELAND:PREPROCESSING:FORCE_PREPROCESS (LT05_L1TP_181036_19890804_20200916_02_T1) (2649),/home/jfechner/workflows/rangeland/nextflow-run/work/57/520fcb80241f2d88a3fc74e31182ce/level2_prov/provenance_20240314.csv.lock,3644148,2649
,,0,2024-02-14T11:33:02.53370746Z,2024-03-15T11:33:02.53370746Z,2024-03-14T17:55:25.524676629Z,DELETE,file_event,NFCORE_RANGELAND:RANGELAND:PREPROCESSING:FORCE_PREPROCESS (LT05_L1TP_181036_19890804_20200916_02_T1) (2649),NFCORE_RANGELAND:RANGELAND:PREPROCESSING:FORCE_PREPROCESS (LT05_L1TP_181036_19890804_20200916_02_T1) (2649),/home/jfechner/workflows/rangeland/nextflow-run/work/57/520fcb80241f2d88a3fc74e31182ce/level2_prov/provenance_20240314.csv.lock,3644148,2649
,,0,2024-02-14T11:33:02.53370746Z,2024-03-15T11:33:02.53370746Z,2024-03-14T17:55:25.525977581Z,CREATE,file_event,NFCORE_RANGELAND:RANGELAND:PREPROCESSING:FORCE_PREPROCESS (LT05_L1TP_181036_19890804_20200916_02_T1) (2649),NFCORE_RANGELAND:RANGELAND:PREPROCESSING:FORCE_PREPROCESS (LT05_L1TP_181036_19890804_20200916_02_T1) (2649),/home/jfechner/workflows/rangeland/nextflow-run/work/57/520fcb80241f2d88a3fc74e31182ce/level2_ard/X0106_Y0102.lock,3644148,2649
,,0,2024-02-14T11:33:02.53370746Z,2024-03-15T11:33:02.53370746Z,2024-03-14T17:55:25.527337796Z,DELETE,file_event,NFCORE_RANGELAND:RANGELAND:PREPROCESSING:FORCE_PREPROCESS (LT05_L1TP_181036_19890804_20200916_02_T1) (2649),NFCORE_RANGELAND:RANGELAND:PREPROCESSING:FORCE_PREPROCESS (LT05_L1TP_181036_19890804_20200916_02_T1) (2649),/home/jfechner/workflows/rangeland/nextflow-run/work/57/520fcb80241f2d88a3fc74e31182ce/level2_ard/X0106_Y0102.lock,3644148,2649
,,0,2024-02-14T11:33:02.53370746Z,2024-03-15T11:33:02.53370746Z,2024-03-14T17:55:25.528847566Z,CREATE,file_event,NFCORE_RANGELAND:RANGELAND:PREPROCESSING:FORCE_PREPROCESS (LT05_L1TP_181036_19890804_20200916_02_T1) (2649),NFCORE_RANGELAND:RANGELAND:PREPROCESSING:FORCE_PREPROCESS (LT05_L1TP_181036_19890804_20200916_02_T1) (2649),/home/jfechner/workflows/rangeland/nextflow-run/work/57/520fcb80241f2d88a3fc74e31182ce/level2_ard/X0106_Y0102/19890804_LEVEL2_LND05_BOA.tif.lock,3644148,2649
,,0,2024-02-14T11:33:02.53370746Z,2024-03-15T11:33:02.53370746Z,2024-03-14T17:55:25.533116706Z,CREATE,file_event,NFCORE_RANGELAND:RANGELAND:PREPROCESSING:FORCE_PREPROCESS (LT05_L1TP_181036_19890804_20200916_02_T1) (2649),NFCORE_RANGELAND:RANGELAND:PREPROCESSING:FORCE_PREPROCESS (LT05_L1TP_181036_19890804_20200916_02_T1) (2649),/home/jfechner/workflows/rangeland/nextflow-run/work/57/520fcb80241f2d88a3fc74e31182ce/level2_ard/X0106_Y0102/19890804_LEVEL2_LND05_BOA.tif,3644148,2649
,,0,2024-02-14T11:33:02.53370746Z,2024-03-15T11:33:02.53370746Z,2024-03-14T17:55:25.541672817Z,DELETE,file_event,NFCORE_RANGELAND:RANGELAND:PREPROCESSING:FORCE_PREPROCESS (LT05_L1TP_181036_19890804_20200916_02_T1) (2649),NFCORE_RANGELAND:RANGELAND:PREPROCESSING:FORCE_PREPROCESS (LT05_L1TP_181036_19890804_20200916_02_T1) (2649),/home/jfechner/workflows/rangeland/nextflow-run/work/57/520fcb80241f2d88a3fc74e31182ce/level2_ard/X0106_Y0102/19890804_LEVEL2_LND05_BOA.tif.lock,3644148,2649
,,0,2024-02-14T11:33:02.53370746Z,2024-03-15T11:33:02.53370746Z,2024-03-14T17:55:25.543481196Z,CREATE,file_event,NFCORE_RANGELAND:RANGELAND:PREPROCESSING:FORCE_PREPROCESS (LT05_L1TP_181036_19890804_20200916_02_T1) (2649),NFCORE_RANGELAND:RANGELAND:PREPROCESSING:FORCE_PREPROCESS (LT05_L1TP_181036_19890804_20200916_02_T1) (2649),/home/jfechner/workflows/rangeland/nextflow-run/work/57/520fcb80241f2d88a3fc74e31182ce/level2_prov/provenance_20240314.csv.lock,3644148,2649
,,0,2024-02-14T11:33:02.53370746Z,2024-03-15T11:33:02.53370746Z,2024-03-14T17:55:25.545100159Z,DELETE,file_event,NFCORE_RANGELAND:RANGELAND:PREPROCESSING:FORCE_PREPROCESS (LT05_L1TP_181036_19890804_20200916_02_T1) (2649),NFCORE_RANGELAND:RANGELAND:PREPROCESSING:FORCE_PREPROCESS (LT05_L1TP_181036_19890804_20200916_02_T1) (2649),/home/jfechner/workflows/rangeland/nextflow-run/work/57/520fcb80241f2d88a3fc74e31182ce/level2_prov/provenance_20240314.csv.lock,3644148,2649
,,0,2024-02-14T11:33:02.53370746Z,2024-03-15T11:33:02.53370746Z,2024-03-14T17:55:25.546566507Z,CREATE,file_event,NFCORE_RANGELAND:RANGELAND:PREPROCESSING:FORCE_PREPROCESS (LT05_L1TP_181036_19890804_20200916_02_T1) (2649),NFCORE_RANGELAND:RANGELAND:PREPROCESSING:FORCE_PREPROCESS (LT05_L1TP_181036_19890804_20200916_02_T1) (2649),/home/jfechner/workflows/rangeland/nextflow-run/work/57/520fcb80241f2d88a3fc74e31182ce/level2_ard/X0106_Y0102.lock,3644148,2649
,,0,2024-02-14T11:33:02.53370746Z,2024-03-15T11:33:02.53370746Z,2024-03-14T17:55:25.547959323Z,DELETE,file_event,NFCORE_RANGELAND:RANGELAND:PREPROCESSING:FORCE_PREPROCESS (LT05_L1TP_181036_19890804_20200916_02_T1) (2649),NFCORE_RANGELAND:RANGELAND:PREPROCESSING:FORCE_PREPROCESS (LT05_L1TP_181036_19890804_20200916_02_T1) (2649),/home/jfechner/workflows/rangeland/nextflow-run/work/57/520fcb80241f2d88a3fc74e31182ce/level2_ard/X0106_Y0102.lock,3644148,2649
,,0,2024-02-14T11:33:02.53370746Z,2024-03-15T11:33:02.53370746Z,2024-03-14T17:55:25.549360679Z,CREATE,file_event,NFCORE_RANGELAND:RANGELAND:PREPROCESSING:FORCE_PREPROCESS (LT05_L1TP_181036_19890804_20200916_02_T1) (2649),NFCORE_RANGELAND:RANGELAND:PREPROCESSING:FORCE_PREPROCESS (LT05_L1TP_181036_19890804_20200916_02_T1) (2649),/home/jfechner/workflows/rangeland/nextflow-run/work/57/520fcb80241f2d88a3fc74e31182ce/level2_ard/X0106_Y0102/19890804_LEVEL2_LND05_OVV.jpg.lock,3644148,2649
,,0,2024-02-14T11:33:02.53370746Z,2024-03-15T11:33:02.53370746Z,2024-03-14T17:55:25.551411857Z,CREATE,file_event,NFCORE_RANGELAND:RANGELAND:PREPROCESSING:FORCE_PREPROCESS (LT05_L1TP_181036_19890804_20200916_02_T1) (2649),NFCORE_RANGELAND:RANGELAND:PREPROCESSING:FORCE_PREPROCESS (LT05_L1TP_181036_19890804_20200916_02_T1) (2649),/home/jfechner/workflows/rangeland/nextflow-run/work/57/520fcb80241f2d88a3fc74e31182ce/level2_ard/X0106_Y0102/19890804_LEVEL2_LND05_OVV.jpg,3644148,2649
,,0,2024-02-14T11:33:02.53370746Z,2024-03-15T11:33:02.53370746Z,2024-03-14T17:55:25.553380181Z,DELETE,file_event,NFCORE_RANGELAND:RANGELAND:PREPROCESSING:FORCE_PREPROCESS (LT05_L1TP_181036_19890804_20200916_02_T1) (2649),NFCORE_RANGELAND:RANGELAND:PREPROCESSING:FORCE_PREPROCESS (LT05_L1TP_181036_19890804_20200916_02_T1) (2649),/home/jfechner/workflows/rangeland/nextflow-run/work/57/520fcb80241f2d88a3fc74e31182ce/level2_ard/X0106_Y0102/19890804_LEVEL2_LND05_OVV.jpg.lock,3644148,2649
,,0,2024-02-14T11:33:02.53370746Z,2024-03-15T11:33:02.53370746Z,2024-03-14T17:55:25.554803898Z,CREATE,file_event,NFCORE_RANGELAND:RANGELAND:PREPROCESSING:FORCE_PREPROCESS (LT05_L1TP_181036_19890804_20200916_02_T1) (2649),NFCORE_RANGELAND:RANGELAND:PREPROCESSING:FORCE_PREPROCESS (LT05_L1TP_181036_19890804_20200916_02_T1) (2649),/home/jfechner/workflows/rangeland/nextflow-run/work/57/520fcb80241f2d88a3fc74e31182ce/level2_prov/provenance_20240314.csv.lock,3644148,2649
,,0,2024-02-14T11:33:02.53370746Z,2024-03-15T11:33:02.53370746Z,2024-03-14T17:55:25.556236485Z,DELETE,file_event,NFCORE_RANGELAND:RANGELAND:PREPROCESSING:FORCE_PREPROCESS (LT05_L1TP_181036_19890804_20200916_02_T1) (2649),NFCORE_RANGELAND:RANGELAND:PREPROCESSING:FORCE_PREPROCESS (LT05_L1TP_181036_19890804_20200916_02_T1) (2649),/home/jfechner/workflows/rangeland/nextflow-run/work/57/520fcb80241f2d88a3fc74e31182ce/level2_prov/provenance_20240314.csv.lock,3644148,2649
,,0,2024-02-14T11:33:02.53370746Z,2024-03-15T11:33:02.53370746Z,2024-03-14T17:55:25.578948951Z,CREATE,file_event,NFCORE_RANGELAND:RANGELAND:PREPROCESSING:FORCE_PREPROCESS (LT05_L1TP_181036_19890804_20200916_02_T1) (2649),NFCORE_RANGELAND:RANGELAND:PREPROCESSING:FORCE_PREPROCESS (LT05_L1TP_181036_19890804_20200916_02_T1) (2649),/home/jfechner/workflows/rangeland/nextflow-run/work/57/520fcb80241f2d88a3fc74e31182ce/level2_ard/X0107_Y0102.lock,3644148,2649
,,0,2024-02-14T11:33:02.53370746Z,2024-03-15T11:33:02.53370746Z,2024-03-14T17:55:25.581539296Z,CREATE,file_event,NFCORE_RANGELAND:RANGELAND:PREPROCESSING:FORCE_PREPROCESS (LT05_L1TP_181036_19890804_20200916_02_T1) (2649),NFCORE_RANGELAND:RANGELAND:PREPROCESSING:FORCE_PREPROCESS (LT05_L1TP_181036_19890804_20200916_02_T1) (2649),/home/jfechner/workflows/rangeland/nextflow-run/work/57/520fcb80241f2d88a3fc74e31182ce/level2_ard/X0107_Y0102,3644148,2649
,,0,2024-02-14T11:33:02.53370746Z,2024-03-15T11:33:02.53370746Z,2024-03-14T17:55:25.583611334Z,CREATE,file_event,NFCORE_RANGELAND:RANGELAND:PREPROCESSING:FORCE_PREPROCESS (LT05_L1TP_181036_19890804_20200916_02_T1) (2649),NFCORE_RANGELAND:RANGELAND:PREPROCESSING:FORCE_PREPROCESS (LT05_L1TP_181036_19890804_20200916_02_T1) (2649),/home/jfechner/workflows/rangeland/nextflow-run/work/57/520fcb80241f2d88a3fc74e31182ce/level2_ard/X0107_Y0102/19890804_LEVEL2_LND05_QAI.tif,3644148,2649
,,0,2024-02-14T11:33:02.53370746Z,2024-03-15T11:33:02.53370746Z,2024-03-14T17:55:25.586397426Z,CREATE,file_event,NFCORE_RANGELAND:RANGELAND:PREPROCESSING:FORCE_PREPROCESS (LT05_L1TP_181036_19890804_20200916_02_T1) (2649),NFCORE_RANGELAND:RANGELAND:PREPROCESSING:FORCE_PREPROCESS (LT05_L1TP_181036_19890804_20200916_02_T1) (2649),/home/jfechner/workflows/rangeland/nextflow-run/work/57/520fcb80241f2d88a3fc74e31182ce/level2_ard/X0107_Y0102/19890804_LEVEL2_LND05_QAI.tif.lock,3644148,2649
,,0,2024-02-14T11:33:02.53370746Z,2024-03-15T11:33:02.53370746Z,2024-03-14T17:55:25.588517705Z,DELETE,file_event,NFCORE_RANGELAND:RANGELAND:PREPROCESSING:FORCE_PREPROCESS (LT05_L1TP_181036_19890804_20200916_02_T1) (2649),NFCORE_RANGELAND:RANGELAND:PREPROCESSING:FORCE_PREPROCESS (LT05_L1TP_181036_19890804_20200916_02_T1) (2649),/home/jfechner/workflows/rangeland/nextflow-run/work/57/520fcb80241f2d88a3fc74e31182ce/level2_ard/X0107_Y0102.lock,3644148,2649
,,0,2024-02-14T11:33:02.53370746Z,2024-03-15T11:33:02.53370746Z,2024-03-14T17:55:25.590037215Z,CREATE,file_event,NFCORE_RANGELAND:RANGELAND:PREPROCESSING:FORCE_PREPROCESS (LT05_L1TP_181036_19890804_20200916_02_T1) (2649),NFCORE_RANGELAND:RANGELAND:PREPROCESSING:FORCE_PREPROCESS (LT05_L1TP_181036_19890804_20200916_02_T1) (2649),/home/jfechner/workflows/rangeland/nextflow-run/work/57/520fcb80241f2d88a3fc74e31182ce/level2_ard/X0107_Y0102/19890804_LEVEL2_LND05_QAI.tif,3644148,2649
,,0,2024-02-14T11:33:02.53370746Z,2024-03-15T11:33:02.53370746Z,2024-03-14T17:55:25.591696669Z,DELETE,file_event,NFCORE_RANGELAND:RANGELAND:PREPROCESSING:FORCE_PREPROCESS (LT05_L1TP_181036_19890804_20200916_02_T1) (2649),NFCORE_RANGELAND:RANGELAND:PREPROCESSING:FORCE_PREPROCESS (LT05_L1TP_181036_19890804_20200916_02_T1) (2649),/home/jfechner/workflows/rangeland/nextflow-run/work/57/520fcb80241f2d88a3fc74e31182ce/level2_ard/X0107_Y0102/19890804_LEVEL2_LND05_QAI.tif.lock,3644148,2649
,,0,2024-02-14T11:33:02.53370746Z,2024-03-15T11:33:02.53370746Z,2024-03-14T17:55:25.593210979Z,CREATE,file_event,NFCORE_RANGELAND:RANGELAND:PREPROCESSING:FORCE_PREPROCESS (LT05_L1TP_181036_19890804_20200916_02_T1) (2649),NFCORE_RANGELAND:RANGELAND:PREPROCESSING:FORCE_PREPROCESS (LT05_L1TP_181036_19890804_20200916_02_T1) (2649),/home/jfechner/workflows/rangeland/nextflow-run/work/57/520fcb80241f2d88a3fc74e31182ce/level2_prov/provenance_20240314.csv.lock,3644148,2649
,,0,2024-02-14T11:33:02.53370746Z,2024-03-15T11:33:02.53370746Z,2024-03-14T17:55:25.594664917Z,DELETE,file_event,NFCORE_RANGELAND:RANGELAND:PREPROCESSING:FORCE_PREPROCESS (LT05_L1TP_181036_19890804_20200916_02_T1) (2649),NFCORE_RANGELAND:RANGELAND:PREPROCESSING:FORCE_PREPROCESS (LT05_L1TP_181036_19890804_20200916_02_T1) (2649),/home/jfechner/workflows/rangeland/nextflow-run/work/57/520fcb80241f2d88a3fc74e31182ce/level2_prov/provenance_20240314.csv.lock,3644148,2649
,,0,2024-02-14T11:33:02.53370746Z,2024-03-15T11:33:02.53370746Z,2024-03-14T17:55:25.596070263Z,CREATE,file_event,NFCORE_RANGELAND:RANGELAND:PREPROCESSING:FORCE_PREPROCESS (LT05_L1TP_181036_19890804_20200916_02_T1) (2649),NFCORE_RANGELAND:RANGELAND:PREPROCESSING:FORCE_PREPROCESS (LT05_L1TP_181036_19890804_20200916_02_T1) (2649),/home/jfechner/workflows/rangeland/nextflow-run/work/57/520fcb80241f2d88a3fc74e31182ce/level2_ard/X0107_Y0102.lock,3644148,2649
,,0,2024-02-14T11:33:02.53370746Z,2024-03-15T11:33:02.53370746Z,2024-03-14T17:55:25.59748253Z,DELETE,file_event,NFCORE_RANGELAND:RANGELAND:PREPROCESSING:FORCE_PREPROCESS (LT05_L1TP_181036_19890804_20200916_02_T1) (2649),NFCORE_RANGELAND:RANGELAND:PREPROCESSING:FORCE_PREPROCESS (LT05_L1TP_181036_19890804_20200916_02_T1) (2649),/home/jfechner/workflows/rangeland/nextflow-run/work/57/520fcb80241f2d88a3fc74e31182ce/level2_ard/X0107_Y0102.lock,3644148,2649
,,0,2024-02-14T11:33:02.53370746Z,2024-03-15T11:33:02.53370746Z,2024-03-14T17:55:25.598877025Z,CREATE,file_event,NFCORE_RANGELAND:RANGELAND:PREPROCESSING:FORCE_PREPROCESS (LT05_L1TP_181036_19890804_20200916_02_T1) (2649),NFCORE_RANGELAND:RANGELAND:PREPROCESSING:FORCE_PREPROCESS (LT05_L1TP_181036_19890804_20200916_02_T1) (2649),/home/jfechner/workflows/rangeland/nextflow-run/work/57/520fcb80241f2d88a3fc74e31182ce/level2_ard/X0107_Y0102/19890804_LEVEL2_LND05_BOA.tif.lock,3644148,2649
,,0,2024-02-14T11:33:02.53370746Z,2024-03-15T11:33:02.53370746Z,2024-03-14T17:55:25.601114509Z,CREATE,file_event,NFCORE_RANGELAND:RANGELAND:PREPROCESSING:FORCE_PREPROCESS (LT05_L1TP_181036_19890804_20200916_02_T1) (2649),NFCORE_RANGELAND:RANGELAND:PREPROCESSING:FORCE_PREPROCESS (LT05_L1TP_181036_19890804_20200916_02_T1) (2649),/home/jfechner/workflows/rangeland/nextflow-run/work/57/520fcb80241f2d88a3fc74e31182ce/level2_ard/X0107_Y0102/19890804_LEVEL2_LND05_BOA.tif,3644148,2649
,,0,2024-02-14T11:33:02.53370746Z,2024-03-15T11:33:02.53370746Z,2024-03-14T17:55:25.618154748Z,DELETE,file_event,NFCORE_RANGELAND:RANGELAND:PREPROCESSING:FORCE_PREPROCESS (LT05_L1TP_181036_19890804_20200916_02_T1) (2649),NFCORE_RANGELAND:RANGELAND:PREPROCESSING:FORCE_PREPROCESS (LT05_L1TP_181036_19890804_20200916_02_T1) (2649),/home/jfechner/workflows/rangeland/nextflow-run/work/57/520fcb80241f2d88a3fc74e31182ce/level2_ard/X0107_Y0102/19890804_LEVEL2_LND05_BOA.tif.lock,3644148,2649
,,0,2024-02-14T11:33:02.53370746Z,2024-03-15T11:33:02.53370746Z,2024-03-14T17:55:25.620371281Z,CREATE,file_event,NFCORE_RANGELAND:RANGELAND:PREPROCESSING:FORCE_PREPROCESS (LT05_L1TP_181036_19890804_20200916_02_T1) (2649),NFCORE_RANGELAND:RANGELAND:PREPROCESSING:FORCE_PREPROCESS (LT05_L1TP_181036_19890804_20200916_02_T1) (2649),/home/jfechner/workflows/rangeland/nextflow-run/work/57/520fcb80241f2d88a3fc74e31182ce/level2_prov/provenance_20240314.csv.lock,3644148,2649
,,0,2024-02-14T11:33:02.53370746Z,2024-03-15T11:33:02.53370746Z,2024-03-14T17:55:25.622124878Z,DELETE,file_event,NFCORE_RANGELAND:RANGELAND:PREPROCESSING:FORCE_PREPROCESS (LT05_L1TP_181036_19890804_20200916_02_T1) (2649),NFCORE_RANGELAND:RANGELAND:PREPROCESSING:FORCE_PREPROCESS (LT05_L1TP_181036_19890804_20200916_02_T1) (2649),/home/jfechner/workflows/rangeland/nextflow-run/work/57/520fcb80241f2d88a3fc74e31182ce/level2_prov/provenance_20240314.csv.lock,3644148,2649
,,0,2024-02-14T11:33:02.53370746Z,2024-03-15T11:33:02.53370746Z,2024-03-14T17:55:25.623631138Z,CREATE,file_event,NFCORE_RANGELAND:RANGELAND:PREPROCESSING:FORCE_PREPROCESS (LT05_L1TP_181036_19890804_20200916_02_T1) (2649),NFCORE_RANGELAND:RANGELAND:PREPROCESSING:FORCE_PREPROCESS (LT05_L1TP_181036_19890804_20200916_02_T1) (2649),/home/jfechner/workflows/rangeland/nextflow-run/work/57/520fcb80241f2d88a3fc74e31182ce/level2_ard/X0107_Y0102.lock,3644148,2649
,,0,2024-02-14T11:33:02.53370746Z,2024-03-15T11:33:02.53370746Z,2024-03-14T17:55:25.625119037Z,DELETE,file_event,NFCORE_RANGELAND:RANGELAND:PREPROCESSING:FORCE_PREPROCESS (LT05_L1TP_181036_19890804_20200916_02_T1) (2649),NFCORE_RANGELAND:RANGELAND:PREPROCESSING:FORCE_PREPROCESS (LT05_L1TP_181036_19890804_20200916_02_T1) (2649),/home/jfechner/workflows/rangeland/nextflow-run/work/57/520fcb80241f2d88a3fc74e31182ce/level2_ard/X0107_Y0102.lock,3644148,2649
,,0,2024-02-14T11:33:02.53370746Z,2024-03-15T11:33:02.53370746Z,2024-03-14T17:55:25.627606449Z,CREATE,file_event,NFCORE_RANGELAND:RANGELAND:PREPROCESSING:FORCE_PREPROCESS (LT05_L1TP_181036_19890804_20200916_02_T1) (2649),NFCORE_RANGELAND:RANGELAND:PREPROCESSING:FORCE_PREPROCESS (LT05_L1TP_181036_19890804_20200916_02_T1) (2649),/home/jfechner/workflows/rangeland/nextflow-run/work/57/520fcb80241f2d88a3fc74e31182ce/level2_ard/X0107_Y0102/19890804_LEVEL2_LND05_OVV.jpg.lock,3644148,2649
,,0,2024-02-14T11:33:02.53370746Z,2024-03-15T11:33:02.53370746Z,2024-03-14T17:55:25.6300599Z,CREATE,file_event,NFCORE_RANGELAND:RANGELAND:PREPROCESSING:FORCE_PREPROCESS (LT05_L1TP_181036_19890804_20200916_02_T1) (2649),NFCORE_RANGELAND:RANGELAND:PREPROCESSING:FORCE_PREPROCESS (LT05_L1TP_181036_19890804_20200916_02_T1) (2649),/home/jfechner/workflows/rangeland/nextflow-run/work/57/520fcb80241f2d88a3fc74e31182ce/level2_ard/X0107_Y0102/19890804_LEVEL2_LND05_OVV.jpg,3644148,2649
,,0,2024-02-14T11:33:02.53370746Z,2024-03-15T11:33:02.53370746Z,2024-03-14T17:55:25.632299553Z,DELETE,file_event,NFCORE_RANGELAND:RANGELAND:PREPROCESSING:FORCE_PREPROCESS (LT05_L1TP_181036_19890804_20200916_02_T1) (2649),NFCORE_RANGELAND:RANGELAND:PREPROCESSING:FORCE_PREPROCESS (LT05_L1TP_181036_19890804_20200916_02_T1) (2649),/home/jfechner/workflows/rangeland/nextflow-run/work/57/520fcb80241f2d88a3fc74e31182ce/level2_ard/X0107_Y0102/19890804_LEVEL2_LND05_OVV.jpg.lock,3644148,2649
,,0,2024-02-14T11:33:02.53370746Z,2024-03-15T11:33:02.53370746Z,2024-03-14T17:55:25.634197205Z,CREATE,file_event,NFCORE_RANGELAND:RANGELAND:PREPROCESSING:FORCE_PREPROCESS (LT05_L1TP_181036_19890804_20200916_02_T1) (2649),NFCORE_RANGELAND:RANGELAND:PREPROCESSING:FORCE_PREPROCESS (LT05_L1TP_181036_19890804_20200916_02_T1) (2649),/home/jfechner/workflows/rangeland/nextflow-run/work/57/520fcb80241f2d88a3fc74e31182ce/level2_prov/provenance_20240314.csv.lock,3644148,2649
,,0,2024-02-14T11:33:02.53370746Z,2024-03-15T11:33:02.53370746Z,2024-03-14T17:55:25.635913821Z,DELETE,file_event,NFCORE_RANGELAND:RANGELAND:PREPROCESSING:FORCE_PREPROCESS (LT05_L1TP_181036_19890804_20200916_02_T1) (2649),NFCORE_RANGELAND:RANGELAND:PREPROCESSING:FORCE_PREPROCESS (LT05_L1TP_181036_19890804_20200916_02_T1) (2649),/home/jfechner/workflows/rangeland/nextflow-run/work/57/520fcb80241f2d88a3fc74e31182ce/level2_prov/provenance_20240314.csv.lock,3644148,2649
,,0,2024-02-14T11:33:02.53370746Z,2024-03-15T11:33:02.53370746Z,2024-03-14T17:55:25.659818487Z,CREATE,file_event,NFCORE_RANGELAND:RANGELAND:PREPROCESSING:FORCE_PREPROCESS (LT05_L1TP_181036_19890804_20200916_02_T1) (2649),NFCORE_RANGELAND:RANGELAND:PREPROCESSING:FORCE_PREPROCESS (LT05_L1TP_181036_19890804_20200916_02_T1) (2649),/home/jfechner/workflows/rangeland/nextflow-run/work/57/520fcb80241f2d88a3fc74e31182ce/level2_ard/X0108_Y0102.lock,3644148,2649
,,0,2024-02-14T11:33:02.53370746Z,2024-03-15T11:33:02.53370746Z,2024-03-14T17:55:25.662463754Z,CREATE,file_event,NFCORE_RANGELAND:RANGELAND:PREPROCESSING:FORCE_PREPROCESS (LT05_L1TP_181036_19890804_20200916_02_T1) (2649),NFCORE_RANGELAND:RANGELAND:PREPROCESSING:FORCE_PREPROCESS (LT05_L1TP_181036_19890804_20200916_02_T1) (2649),/home/jfechner/workflows/rangeland/nextflow-run/work/57/520fcb80241f2d88a3fc74e31182ce/level2_ard/X0108_Y0102,3644148,2649
,,0,2024-02-14T11:33:02.53370746Z,2024-03-15T11:33:02.53370746Z,2024-03-14T17:55:25.664568862Z,CREATE,file_event,NFCORE_RANGELAND:RANGELAND:PREPROCESSING:FORCE_PREPROCESS (LT05_L1TP_181036_19890804_20200916_02_T1) (2649),NFCORE_RANGELAND:RANGELAND:PREPROCESSING:FORCE_PREPROCESS (LT05_L1TP_181036_19890804_20200916_02_T1) (2649),/home/jfechner/workflows/rangeland/nextflow-run/work/57/520fcb80241f2d88a3fc74e31182ce/level2_ard/X0108_Y0102/19890804_LEVEL2_LND05_QAI.tif,3644148,2649
,,0,2024-02-14T11:33:02.53370746Z,2024-03-15T11:33:02.53370746Z,2024-03-14T17:55:25.666728263Z,CREATE,file_event,NFCORE_RANGELAND:RANGELAND:PREPROCESSING:FORCE_PREPROCESS (LT05_L1TP_181036_19890804_20200916_02_T1) (2649),NFCORE_RANGELAND:RANGELAND:PREPROCESSING:FORCE_PREPROCESS (LT05_L1TP_181036_19890804_20200916_02_T1) (2649),/home/jfechner/workflows/rangeland/nextflow-run/work/57/520fcb80241f2d88a3fc74e31182ce/level2_ard/X0108_Y0102/19890804_LEVEL2_LND05_QAI.tif.lock,3644148,2649
,,0,2024-02-14T11:33:02.53370746Z,2024-03-15T11:33:02.53370746Z,2024-03-14T17:55:25.668814532Z,DELETE,file_event,NFCORE_RANGELAND:RANGELAND:PREPROCESSING:FORCE_PREPROCESS (LT05_L1TP_181036_19890804_20200916_02_T1) (2649),NFCORE_RANGELAND:RANGELAND:PREPROCESSING:FORCE_PREPROCESS (LT05_L1TP_181036_19890804_20200916_02_T1) (2649),/home/jfechner/workflows/rangeland/nextflow-run/work/57/520fcb80241f2d88a3fc74e31182ce/level2_ard/X0108_Y0102.lock,3644148,2649
,,0,2024-02-14T11:33:02.53370746Z,2024-03-15T11:33:02.53370746Z,2024-03-14T17:55:25.670348222Z,CREATE,file_event,NFCORE_RANGELAND:RANGELAND:PREPROCESSING:FORCE_PREPROCESS (LT05_L1TP_181036_19890804_20200916_02_T1) (2649),NFCORE_RANGELAND:RANGELAND:PREPROCESSING:FORCE_PREPROCESS (LT05_L1TP_181036_19890804_20200916_02_T1) (2649),/home/jfechner/workflows/rangeland/nextflow-run/work/57/520fcb80241f2d88a3fc74e31182ce/level2_ard/X0108_Y0102/19890804_LEVEL2_LND05_QAI.tif,3644148,2649
,,0,2024-02-14T11:33:02.53370746Z,2024-03-15T11:33:02.53370746Z,2024-03-14T17:55:25.67210834Z,DELETE,file_event,NFCORE_RANGELAND:RANGELAND:PREPROCESSING:FORCE_PREPROCESS (LT05_L1TP_181036_19890804_20200916_02_T1) (2649),NFCORE_RANGELAND:RANGELAND:PREPROCESSING:FORCE_PREPROCESS (LT05_L1TP_181036_19890804_20200916_02_T1) (2649),/home/jfechner/workflows/rangeland/nextflow-run/work/57/520fcb80241f2d88a3fc74e31182ce/level2_ard/X0108_Y0102/19890804_LEVEL2_LND05_QAI.tif.lock,3644148,2649
,,0,2024-02-14T11:33:02.53370746Z,2024-03-15T11:33:02.53370746Z,2024-03-14T17:55:25.673539557Z,CREATE,file_event,NFCORE_RANGELAND:RANGELAND:PREPROCESSING:FORCE_PREPROCESS (LT05_L1TP_181036_19890804_20200916_02_T1) (2649),NFCORE_RANGELAND:RANGELAND:PREPROCESSING:FORCE_PREPROCESS (LT05_L1TP_181036_19890804_20200916_02_T1) (2649),/home/jfechner/workflows/rangeland/nextflow-run/work/57/520fcb80241f2d88a3fc74e31182ce/level2_prov/provenance_20240314.csv.lock,3644148,2649
,,0,2024-02-14T11:33:02.53370746Z,2024-03-15T11:33:02.53370746Z,2024-03-14T17:55:25.674969734Z,DELETE,file_event,NFCORE_RANGELAND:RANGELAND:PREPROCESSING:FORCE_PREPROCESS (LT05_L1TP_181036_19890804_20200916_02_T1) (2649),NFCORE_RANGELAND:RANGELAND:PREPROCESSING:FORCE_PREPROCESS (LT05_L1TP_181036_19890804_20200916_02_T1) (2649),/home/jfechner/workflows/rangeland/nextflow-run/work/57/520fcb80241f2d88a3fc74e31182ce/level2_prov/provenance_20240314.csv.lock,3644148,2649
,,0,2024-02-14T11:33:02.53370746Z,2024-03-15T11:33:02.53370746Z,2024-03-14T17:55:25.676441712Z,CREATE,file_event,NFCORE_RANGELAND:RANGELAND:PREPROCESSING:FORCE_PREPROCESS (LT05_L1TP_181036_19890804_20200916_02_T1) (2649),NFCORE_RANGELAND:RANGELAND:PREPROCESSING:FORCE_PREPROCESS (LT05_L1TP_181036_19890804_20200916_02_T1) (2649),/home/jfechner/workflows/rangeland/nextflow-run/work/57/520fcb80241f2d88a3fc74e31182ce/level2_ard/X0108_Y0102.lock,3644148,2649
,,0,2024-02-14T11:33:02.53370746Z,2024-03-15T11:33:02.53370746Z,2024-03-14T17:55:25.677963992Z,DELETE,file_event,NFCORE_RANGELAND:RANGELAND:PREPROCESSING:FORCE_PREPROCESS (LT05_L1TP_181036_19890804_20200916_02_T1) (2649),NFCORE_RANGELAND:RANGELAND:PREPROCESSING:FORCE_PREPROCESS (LT05_L1TP_181036_19890804_20200916_02_T1) (2649),/home/jfechner/workflows/rangeland/nextflow-run/work/57/520fcb80241f2d88a3fc74e31182ce/level2_ard/X0108_Y0102.lock,3644148,2649
,,0,2024-02-14T11:33:02.53370746Z,2024-03-15T11:33:02.53370746Z,2024-03-14T17:55:25.679372659Z,CREATE,file_event,NFCORE_RANGELAND:RANGELAND:PREPROCESSING:FORCE_PREPROCESS (LT05_L1TP_181036_19890804_20200916_02_T1) (2649),NFCORE_RANGELAND:RANGELAND:PREPROCESSING:FORCE_PREPROCESS (LT05_L1TP_181036_19890804_20200916_02_T1) (2649),/home/jfechner/workflows/rangeland/nextflow-run/work/57/520fcb80241f2d88a3fc74e31182ce/level2_ard/X0108_Y0102/19890804_LEVEL2_LND05_BOA.tif.lock,3644148,2649
,,0,2024-02-14T11:33:02.53370746Z,2024-03-15T11:33:02.53370746Z,2024-03-14T17:55:25.681469798Z,CREATE,file_event,NFCORE_RANGELAND:RANGELAND:PREPROCESSING:FORCE_PREPROCESS (LT05_L1TP_181036_19890804_20200916_02_T1) (2649),NFCORE_RANGELAND:RANGELAND:PREPROCESSING:FORCE_PREPROCESS (LT05_L1TP_181036_19890804_20200916_02_T1) (2649),/home/jfechner/workflows/rangeland/nextflow-run/work/57/520fcb80241f2d88a3fc74e31182ce/level2_ard/X0108_Y0102/19890804_LEVEL2_LND05_BOA.tif,3644148,2649
,,0,2024-02-14T11:33:02.53370746Z,2024-03-15T11:33:02.53370746Z,2024-03-14T17:55:25.711140462Z,DELETE,file_event,NFCORE_RANGELAND:RANGELAND:PREPROCESSING:FORCE_PREPROCESS (LT05_L1TP_181036_19890804_20200916_02_T1) (2649),NFCORE_RANGELAND:RANGELAND:PREPROCESSING:FORCE_PREPROCESS (LT05_L1TP_181036_19890804_20200916_02_T1) (2649),/home/jfechner/workflows/rangeland/nextflow-run/work/57/520fcb80241f2d88a3fc74e31182ce/level2_ard/X0108_Y0102/19890804_LEVEL2_LND05_BOA.tif.lock,3644148,2649
,,0,2024-02-14T11:33:02.53370746Z,2024-03-15T11:33:02.53370746Z,2024-03-14T17:55:25.713101496Z,CREATE,file_event,NFCORE_RANGELAND:RANGELAND:PREPROCESSING:FORCE_PREPROCESS (LT05_L1TP_181036_19890804_20200916_02_T1) (2649),NFCORE_RANGELAND:RANGELAND:PREPROCESSING:FORCE_PREPROCESS (LT05_L1TP_181036_19890804_20200916_02_T1) (2649),/home/jfechner/workflows/rangeland/nextflow-run/work/57/520fcb80241f2d88a3fc74e31182ce/level2_prov/provenance_20240314.csv.lock,3644148,2649
,,0,2024-02-14T11:33:02.53370746Z,2024-03-15T11:33:02.53370746Z,2024-03-14T17:55:25.71472035Z,DELETE,file_event,NFCORE_RANGELAND:RANGELAND:PREPROCESSING:FORCE_PREPROCESS (LT05_L1TP_181036_19890804_20200916_02_T1) (2649),NFCORE_RANGELAND:RANGELAND:PREPROCESSING:FORCE_PREPROCESS (LT05_L1TP_181036_19890804_20200916_02_T1) (2649),/home/jfechner/workflows/rangeland/nextflow-run/work/57/520fcb80241f2d88a3fc74e31182ce/level2_prov/provenance_20240314.csv.lock,3644148,2649
,,0,2024-02-14T11:33:02.53370746Z,2024-03-15T11:33:02.53370746Z,2024-03-14T17:55:25.716219059Z,CREATE,file_event,NFCORE_RANGELAND:RANGELAND:PREPROCESSING:FORCE_PREPROCESS (LT05_L1TP_181036_19890804_20200916_02_T1) (2649),NFCORE_RANGELAND:RANGELAND:PREPROCESSING:FORCE_PREPROCESS (LT05_L1TP_181036_19890804_20200916_02_T1) (2649),/home/jfechner/workflows/rangeland/nextflow-run/work/57/520fcb80241f2d88a3fc74e31182ce/level2_ard/X0108_Y0102.lock,3644148,2649
,,0,2024-02-14T11:33:02.53370746Z,2024-03-15T11:33:02.53370746Z,2024-03-14T17:55:25.717808691Z,DELETE,file_event,NFCORE_RANGELAND:RANGELAND:PREPROCESSING:FORCE_PREPROCESS (LT05_L1TP_181036_19890804_20200916_02_T1) (2649),NFCORE_RANGELAND:RANGELAND:PREPROCESSING:FORCE_PREPROCESS (LT05_L1TP_181036_19890804_20200916_02_T1) (2649),/home/jfechner/workflows/rangeland/nextflow-run/work/57/520fcb80241f2d88a3fc74e31182ce/level2_ard/X0108_Y0102.lock,3644148,2649
,,0,2024-02-14T11:33:02.53370746Z,2024-03-15T11:33:02.53370746Z,2024-03-14T17:55:25.719219737Z,CREATE,file_event,NFCORE_RANGELAND:RANGELAND:PREPROCESSING:FORCE_PREPROCESS (LT05_L1TP_181036_19890804_20200916_02_T1) (2649),NFCORE_RANGELAND:RANGELAND:PREPROCESSING:FORCE_PREPROCESS (LT05_L1TP_181036_19890804_20200916_02_T1) (2649),/home/jfechner/workflows/rangeland/nextflow-run/work/57/520fcb80241f2d88a3fc74e31182ce/level2_ard/X0108_Y0102/19890804_LEVEL2_LND05_OVV.jpg.lock,3644148,2649
,,0,2024-02-14T11:33:02.53370746Z,2024-03-15T11:33:02.53370746Z,2024-03-14T17:55:25.721366018Z,CREATE,file_event,NFCORE_RANGELAND:RANGELAND:PREPROCESSING:FORCE_PREPROCESS (LT05_L1TP_181036_19890804_20200916_02_T1) (2649),NFCORE_RANGELAND:RANGELAND:PREPROCESSING:FORCE_PREPROCESS (LT05_L1TP_181036_19890804_20200916_02_T1) (2649),/home/jfechner/workflows/rangeland/nextflow-run/work/57/520fcb80241f2d88a3fc74e31182ce/level2_ard/X0108_Y0102/19890804_LEVEL2_LND05_OVV.jpg,3644148,2649
,,0,2024-02-14T11:33:02.53370746Z,2024-03-15T11:33:02.53370746Z,2024-03-14T17:55:25.723446566Z,DELETE,file_event,NFCORE_RANGELAND:RANGELAND:PREPROCESSING:FORCE_PREPROCESS (LT05_L1TP_181036_19890804_20200916_02_T1) (2649),NFCORE_RANGELAND:RANGELAND:PREPROCESSING:FORCE_PREPROCESS (LT05_L1TP_181036_19890804_20200916_02_T1) (2649),/home/jfechner/workflows/rangeland/nextflow-run/work/57/520fcb80241f2d88a3fc74e31182ce/level2_ard/X0108_Y0102/19890804_LEVEL2_LND05_OVV.jpg.lock,3644148,2649
,,0,2024-02-14T11:33:02.53370746Z,2024-03-15T11:33:02.53370746Z,2024-03-14T17:55:25.724862773Z,CREATE,file_event,NFCORE_RANGELAND:RANGELAND:PREPROCESSING:FORCE_PREPROCESS (LT05_L1TP_181036_19890804_20200916_02_T1) (2649),NFCORE_RANGELAND:RANGELAND:PREPROCESSING:FORCE_PREPROCESS (LT05_L1TP_181036_19890804_20200916_02_T1) (2649),/home/jfechner/workflows/rangeland/nextflow-run/work/57/520fcb80241f2d88a3fc74e31182ce/level2_prov/provenance_20240314.csv.lock,3644148,2649
,,0,2024-02-14T11:33:02.53370746Z,2024-03-15T11:33:02.53370746Z,2024-03-14T17:55:25.726409293Z,DELETE,file_event,NFCORE_RANGELAND:RANGELAND:PREPROCESSING:FORCE_PREPROCESS (LT05_L1TP_181036_19890804_20200916_02_T1) (2649),NFCORE_RANGELAND:RANGELAND:PREPROCESSING:FORCE_PREPROCESS (LT05_L1TP_181036_19890804_20200916_02_T1) (2649),/home/jfechner/workflows/rangeland/nextflow-run/work/57/520fcb80241f2d88a3fc74e31182ce/level2_prov/provenance_20240314.csv.lock,3644148,2649
,,0,2024-02-14T11:33:02.53370746Z,2024-03-15T11:33:02.53370746Z,2024-03-14T17:55:25.752881283Z,CREATE,file_event,NFCORE_RANGELAND:RANGELAND:PREPROCESSING:FORCE_PREPROCESS (LT05_L1TP_181036_19890804_20200916_02_T1) (2649),NFCORE_RANGELAND:RANGELAND:PREPROCESSING:FORCE_PREPROCESS (LT05_L1TP_181036_19890804_20200916_02_T1) (2649),/home/jfechner/workflows/rangeland/nextflow-run/work/57/520fcb80241f2d88a3fc74e31182ce/level2_ard/X0109_Y0102.lock,3644148,2649
,,0,2024-02-14T11:33:02.53370746Z,2024-03-15T11:33:02.53370746Z,2024-03-14T17:55:25.755437487Z,CREATE,file_event,NFCORE_RANGELAND:RANGELAND:PREPROCESSING:FORCE_PREPROCESS (LT05_L1TP_181036_19890804_20200916_02_T1) (2649),NFCORE_RANGELAND:RANGELAND:PREPROCESSING:FORCE_PREPROCESS (LT05_L1TP_181036_19890804_20200916_02_T1) (2649),/home/jfechner/workflows/rangeland/nextflow-run/work/57/520fcb80241f2d88a3fc74e31182ce/level2_ard/X0109_Y0102,3644148,2649
,,0,2024-02-14T11:33:02.53370746Z,2024-03-15T11:33:02.53370746Z,2024-03-14T17:55:25.757500294Z,CREATE,file_event,NFCORE_RANGELAND:RANGELAND:PREPROCESSING:FORCE_PREPROCESS (LT05_L1TP_181036_19890804_20200916_02_T1) (2649),NFCORE_RANGELAND:RANGELAND:PREPROCESSING:FORCE_PREPROCESS (LT05_L1TP_181036_19890804_20200916_02_T1) (2649),/home/jfechner/workflows/rangeland/nextflow-run/work/57/520fcb80241f2d88a3fc74e31182ce/level2_ard/X0109_Y0102/19890804_LEVEL2_LND05_QAI.tif,3644148,2649
,,0,2024-02-14T11:33:02.53370746Z,2024-03-15T11:33:02.53370746Z,2024-03-14T17:55:25.759713207Z,CREATE,file_event,NFCORE_RANGELAND:RANGELAND:PREPROCESSING:FORCE_PREPROCESS (LT05_L1TP_181036_19890804_20200916_02_T1) (2649),NFCORE_RANGELAND:RANGELAND:PREPROCESSING:FORCE_PREPROCESS (LT05_L1TP_181036_19890804_20200916_02_T1) (2649),/home/jfechner/workflows/rangeland/nextflow-run/work/57/520fcb80241f2d88a3fc74e31182ce/level2_ard/X0109_Y0102/19890804_LEVEL2_LND05_QAI.tif.lock,3644148,2649
,,0,2024-02-14T11:33:02.53370746Z,2024-03-15T11:33:02.53370746Z,2024-03-14T17:55:25.761807136Z,DELETE,file_event,NFCORE_RANGELAND:RANGELAND:PREPROCESSING:FORCE_PREPROCESS (LT05_L1TP_181036_19890804_20200916_02_T1) (2649),NFCORE_RANGELAND:RANGELAND:PREPROCESSING:FORCE_PREPROCESS (LT05_L1TP_181036_19890804_20200916_02_T1) (2649),/home/jfechner/workflows/rangeland/nextflow-run/work/57/520fcb80241f2d88a3fc74e31182ce/level2_ard/X0109_Y0102.lock,3644148,2649
,,0,2024-02-14T11:33:02.53370746Z,2024-03-15T11:33:02.53370746Z,2024-03-14T17:55:25.763540713Z,CREATE,file_event,NFCORE_RANGELAND:RANGELAND:PREPROCESSING:FORCE_PREPROCESS (LT05_L1TP_181036_19890804_20200916_02_T1) (2649),NFCORE_RANGELAND:RANGELAND:PREPROCESSING:FORCE_PREPROCESS (LT05_L1TP_181036_19890804_20200916_02_T1) (2649),/home/jfechner/workflows/rangeland/nextflow-run/work/57/520fcb80241f2d88a3fc74e31182ce/level2_ard/X0109_Y0102/19890804_LEVEL2_LND05_QAI.tif,3644148,2649
,,0,2024-02-14T11:33:02.53370746Z,2024-03-15T11:33:02.53370746Z,2024-03-14T17:55:25.765184867Z,DELETE,file_event,NFCORE_RANGELAND:RANGELAND:PREPROCESSING:FORCE_PREPROCESS (LT05_L1TP_181036_19890804_20200916_02_T1) (2649),NFCORE_RANGELAND:RANGELAND:PREPROCESSING:FORCE_PREPROCESS (LT05_L1TP_181036_19890804_20200916_02_T1) (2649),/home/jfechner/workflows/rangeland/nextflow-run/work/57/520fcb80241f2d88a3fc74e31182ce/level2_ard/X0109_Y0102/19890804_LEVEL2_LND05_QAI.tif.lock,3644148,2649
,,0,2024-02-14T11:33:02.53370746Z,2024-03-15T11:33:02.53370746Z,2024-03-14T17:55:25.766988396Z,CREATE,file_event,NFCORE_RANGELAND:RANGELAND:PREPROCESSING:FORCE_PREPROCESS (LT05_L1TP_181036_19890804_20200916_02_T1) (2649),NFCORE_RANGELAND:RANGELAND:PREPROCESSING:FORCE_PREPROCESS (LT05_L1TP_181036_19890804_20200916_02_T1) (2649),/home/jfechner/workflows/rangeland/nextflow-run/work/57/520fcb80241f2d88a3fc74e31182ce/level2_prov/provenance_20240314.csv.lock,3644148,2649
,,0,2024-02-14T11:33:02.53370746Z,2024-03-15T11:33:02.53370746Z,2024-03-14T17:55:25.768526687Z,DELETE,file_event,NFCORE_RANGELAND:RANGELAND:PREPROCESSING:FORCE_PREPROCESS (LT05_L1TP_181036_19890804_20200916_02_T1) (2649),NFCORE_RANGELAND:RANGELAND:PREPROCESSING:FORCE_PREPROCESS (LT05_L1TP_181036_19890804_20200916_02_T1) (2649),/home/jfechner/workflows/rangeland/nextflow-run/work/57/520fcb80241f2d88a3fc74e31182ce/level2_prov/provenance_20240314.csv.lock,3644148,2649
,,0,2024-02-14T11:33:02.53370746Z,2024-03-15T11:33:02.53370746Z,2024-03-14T17:55:25.770340146Z,CREATE,file_event,NFCORE_RANGELAND:RANGELAND:PREPROCESSING:FORCE_PREPROCESS (LT05_L1TP_181036_19890804_20200916_02_T1) (2649),NFCORE_RANGELAND:RANGELAND:PREPROCESSING:FORCE_PREPROCESS (LT05_L1TP_181036_19890804_20200916_02_T1) (2649),/home/jfechner/workflows/rangeland/nextflow-run/work/57/520fcb80241f2d88a3fc74e31182ce/level2_ard/X0109_Y0102.lock,3644148,2649
,,0,2024-02-14T11:33:02.53370746Z,2024-03-15T11:33:02.53370746Z,2024-03-14T17:55:25.771790464Z,DELETE,file_event,NFCORE_RANGELAND:RANGELAND:PREPROCESSING:FORCE_PREPROCESS (LT05_L1TP_181036_19890804_20200916_02_T1) (2649),NFCORE_RANGELAND:RANGELAND:PREPROCESSING:FORCE_PREPROCESS (LT05_L1TP_181036_19890804_20200916_02_T1) (2649),/home/jfechner/workflows/rangeland/nextflow-run/work/57/520fcb80241f2d88a3fc74e31182ce/level2_ard/X0109_Y0102.lock,3644148,2649
,,0,2024-02-14T11:33:02.53370746Z,2024-03-15T11:33:02.53370746Z,2024-03-14T17:55:25.7735277Z,CREATE,file_event,NFCORE_RANGELAND:RANGELAND:PREPROCESSING:FORCE_PREPROCESS (LT05_L1TP_181036_19890804_20200916_02_T1) (2649),NFCORE_RANGELAND:RANGELAND:PREPROCESSING:FORCE_PREPROCESS (LT05_L1TP_181036_19890804_20200916_02_T1) (2649),/home/jfechner/workflows/rangeland/nextflow-run/work/57/520fcb80241f2d88a3fc74e31182ce/level2_ard/X0109_Y0102/19890804_LEVEL2_LND05_BOA.tif.lock,3644148,2649
,,0,2024-02-14T11:33:02.53370746Z,2024-03-15T11:33:02.53370746Z,2024-03-14T17:55:25.775841947Z,CREATE,file_event,NFCORE_RANGELAND:RANGELAND:PREPROCESSING:FORCE_PREPROCESS (LT05_L1TP_181036_19890804_20200916_02_T1) (2649),NFCORE_RANGELAND:RANGELAND:PREPROCESSING:FORCE_PREPROCESS (LT05_L1TP_181036_19890804_20200916_02_T1) (2649),/home/jfechner/workflows/rangeland/nextflow-run/work/57/520fcb80241f2d88a3fc74e31182ce/level2_ard/X0109_Y0102/19890804_LEVEL2_LND05_BOA.tif,3644148,2649
,,0,2024-02-14T11:33:02.53370746Z,2024-03-15T11:33:02.53370746Z,2024-03-14T17:55:25.803914278Z,DELETE,file_event,NFCORE_RANGELAND:RANGELAND:PREPROCESSING:FORCE_PREPROCESS (LT05_L1TP_181036_19890804_20200916_02_T1) (2649),NFCORE_RANGELAND:RANGELAND:PREPROCESSING:FORCE_PREPROCESS (LT05_L1TP_181036_19890804_20200916_02_T1) (2649),/home/jfechner/workflows/rangeland/nextflow-run/work/57/520fcb80241f2d88a3fc74e31182ce/level2_ard/X0109_Y0102/19890804_LEVEL2_LND05_BOA.tif.lock,3644148,2649
,,0,2024-02-14T11:33:02.53370746Z,2024-03-15T11:33:02.53370746Z,2024-03-14T17:55:25.806779242Z,CREATE,file_event,NFCORE_RANGELAND:RANGELAND:PREPROCESSING:FORCE_PREPROCESS (LT05_L1TP_181036_19890804_20200916_02_T1) (2649),NFCORE_RANGELAND:RANGELAND:PREPROCESSING:FORCE_PREPROCESS (LT05_L1TP_181036_19890804_20200916_02_T1) (2649),/home/jfechner/workflows/rangeland/nextflow-run/work/57/520fcb80241f2d88a3fc74e31182ce/level2_prov/provenance_20240314.csv.lock,3644148,2649
,,0,2024-02-14T11:33:02.53370746Z,2024-03-15T11:33:02.53370746Z,2024-03-14T17:55:25.808595012Z,DELETE,file_event,NFCORE_RANGELAND:RANGELAND:PREPROCESSING:FORCE_PREPROCESS (LT05_L1TP_181036_19890804_20200916_02_T1) (2649),NFCORE_RANGELAND:RANGELAND:PREPROCESSING:FORCE_PREPROCESS (LT05_L1TP_181036_19890804_20200916_02_T1) (2649),/home/jfechner/workflows/rangeland/nextflow-run/work/57/520fcb80241f2d88a3fc74e31182ce/level2_prov/provenance_20240314.csv.lock,3644148,2649
,,0,2024-02-14T11:33:02.53370746Z,2024-03-15T11:33:02.53370746Z,2024-03-14T17:55:25.810271957Z,CREATE,file_event,NFCORE_RANGELAND:RANGELAND:PREPROCESSING:FORCE_PREPROCESS (LT05_L1TP_181036_19890804_20200916_02_T1) (2649),NFCORE_RANGELAND:RANGELAND:PREPROCESSING:FORCE_PREPROCESS (LT05_L1TP_181036_19890804_20200916_02_T1) (2649),/home/jfechner/workflows/rangeland/nextflow-run/work/57/520fcb80241f2d88a3fc74e31182ce/level2_ard/X0109_Y0102.lock,3644148,2649
,,0,2024-02-14T11:33:02.53370746Z,2024-03-15T11:33:02.53370746Z,2024-03-14T17:55:25.811903501Z,DELETE,file_event,NFCORE_RANGELAND:RANGELAND:PREPROCESSING:FORCE_PREPROCESS (LT05_L1TP_181036_19890804_20200916_02_T1) (2649),NFCORE_RANGELAND:RANGELAND:PREPROCESSING:FORCE_PREPROCESS (LT05_L1TP_181036_19890804_20200916_02_T1) (2649),/home/jfechner/workflows/rangeland/nextflow-run/work/57/520fcb80241f2d88a3fc74e31182ce/level2_ard/X0109_Y0102.lock,3644148,2649
,,0,2024-02-14T11:33:02.53370746Z,2024-03-15T11:33:02.53370746Z,2024-03-14T17:55:25.813324258Z,CREATE,file_event,NFCORE_RANGELAND:RANGELAND:PREPROCESSING:FORCE_PREPROCESS (LT05_L1TP_181036_19890804_20200916_02_T1) (2649),NFCORE_RANGELAND:RANGELAND:PREPROCESSING:FORCE_PREPROCESS (LT05_L1TP_181036_19890804_20200916_02_T1) (2649),/home/jfechner/workflows/rangeland/nextflow-run/work/57/520fcb80241f2d88a3fc74e31182ce/level2_ard/X0109_Y0102/19890804_LEVEL2_LND05_OVV.jpg.lock,3644148,2649
,,0,2024-02-14T11:33:02.53370746Z,2024-03-15T11:33:02.53370746Z,2024-03-14T17:55:25.815444617Z,CREATE,file_event,NFCORE_RANGELAND:RANGELAND:PREPROCESSING:FORCE_PREPROCESS (LT05_L1TP_181036_19890804_20200916_02_T1) (2649),NFCORE_RANGELAND:RANGELAND:PREPROCESSING:FORCE_PREPROCESS (LT05_L1TP_181036_19890804_20200916_02_T1) (2649),/home/jfechner/workflows/rangeland/nextflow-run/work/57/520fcb80241f2d88a3fc74e31182ce/level2_ard/X0109_Y0102/19890804_LEVEL2_LND05_OVV.jpg,3644148,2649
,,0,2024-02-14T11:33:02.53370746Z,2024-03-15T11:33:02.53370746Z,2024-03-14T17:55:25.817515365Z,DELETE,file_event,NFCORE_RANGELAND:RANGELAND:PREPROCESSING:FORCE_PREPROCESS (LT05_L1TP_181036_19890804_20200916_02_T1) (2649),NFCORE_RANGELAND:RANGELAND:PREPROCESSING:FORCE_PREPROCESS (LT05_L1TP_181036_19890804_20200916_02_T1) (2649),/home/jfechner/workflows/rangeland/nextflow-run/work/57/520fcb80241f2d88a3fc74e31182ce/level2_ard/X0109_Y0102/19890804_LEVEL2_LND05_OVV.jpg.lock,3644148,2649
,,0,2024-02-14T11:33:02.53370746Z,2024-03-15T11:33:02.53370746Z,2024-03-14T17:55:25.81887857Z,CREATE,file_event,NFCORE_RANGELAND:RANGELAND:PREPROCESSING:FORCE_PREPROCESS (LT05_L1TP_181036_19890804_20200916_02_T1) (2649),NFCORE_RANGELAND:RANGELAND:PREPROCESSING:FORCE_PREPROCESS (LT05_L1TP_181036_19890804_20200916_02_T1) (2649),/home/jfechner/workflows/rangeland/nextflow-run/work/57/520fcb80241f2d88a3fc74e31182ce/level2_prov/provenance_20240314.csv.lock,3644148,2649
,,0,2024-02-14T11:33:02.53370746Z,2024-03-15T11:33:02.53370746Z,2024-03-14T17:55:25.820349118Z,DELETE,file_event,NFCORE_RANGELAND:RANGELAND:PREPROCESSING:FORCE_PREPROCESS (LT05_L1TP_181036_19890804_20200916_02_T1) (2649),NFCORE_RANGELAND:RANGELAND:PREPROCESSING:FORCE_PREPROCESS (LT05_L1TP_181036_19890804_20200916_02_T1) (2649),/home/jfechner/workflows/rangeland/nextflow-run/work/57/520fcb80241f2d88a3fc74e31182ce/level2_prov/provenance_20240314.csv.lock,3644148,2649
,,0,2024-02-14T11:33:02.53370746Z,2024-03-15T11:33:02.53370746Z,2024-03-14T17:55:25.846424095Z,CREATE,file_event,NFCORE_RANGELAND:RANGELAND:PREPROCESSING:FORCE_PREPROCESS (LT05_L1TP_181036_19890804_20200916_02_T1) (2649),NFCORE_RANGELAND:RANGELAND:PREPROCESSING:FORCE_PREPROCESS (LT05_L1TP_181036_19890804_20200916_02_T1) (2649),/home/jfechner/workflows/rangeland/nextflow-run/work/57/520fcb80241f2d88a3fc74e31182ce/level2_ard/X0110_Y0102.lock,3644148,2649
,,0,2024-02-14T11:33:02.53370746Z,2024-03-15T11:33:02.53370746Z,2024-03-14T17:55:25.849100162Z,CREATE,file_event,NFCORE_RANGELAND:RANGELAND:PREPROCESSING:FORCE_PREPROCESS (LT05_L1TP_181036_19890804_20200916_02_T1) (2649),NFCORE_RANGELAND:RANGELAND:PREPROCESSING:FORCE_PREPROCESS (LT05_L1TP_181036_19890804_20200916_02_T1) (2649),/home/jfechner/workflows/rangeland/nextflow-run/work/57/520fcb80241f2d88a3fc74e31182ce/level2_ard/X0110_Y0102,3644148,2649
,,0,2024-02-14T11:33:02.53370746Z,2024-03-15T11:33:02.53370746Z,2024-03-14T17:55:25.851313955Z,CREATE,file_event,NFCORE_RANGELAND:RANGELAND:PREPROCESSING:FORCE_PREPROCESS (LT05_L1TP_181036_19890804_20200916_02_T1) (2649),NFCORE_RANGELAND:RANGELAND:PREPROCESSING:FORCE_PREPROCESS (LT05_L1TP_181036_19890804_20200916_02_T1) (2649),/home/jfechner/workflows/rangeland/nextflow-run/work/57/520fcb80241f2d88a3fc74e31182ce/level2_ard/X0110_Y0102/19890804_LEVEL2_LND05_QAI.tif,3644148,2649
,,0,2024-02-14T11:33:02.53370746Z,2024-03-15T11:33:02.53370746Z,2024-03-14T17:55:25.853772116Z,CREATE,file_event,NFCORE_RANGELAND:RANGELAND:PREPROCESSING:FORCE_PREPROCESS (LT05_L1TP_181036_19890804_20200916_02_T1) (2649),NFCORE_RANGELAND:RANGELAND:PREPROCESSING:FORCE_PREPROCESS (LT05_L1TP_181036_19890804_20200916_02_T1) (2649),/home/jfechner/workflows/rangeland/nextflow-run/work/57/520fcb80241f2d88a3fc74e31182ce/level2_ard/X0110_Y0102/19890804_LEVEL2_LND05_QAI.tif.lock,3644148,2649
,,0,2024-02-14T11:33:02.53370746Z,2024-03-15T11:33:02.53370746Z,2024-03-14T17:55:25.85663546Z,DELETE,file_event,NFCORE_RANGELAND:RANGELAND:PREPROCESSING:FORCE_PREPROCESS (LT05_L1TP_181036_19890804_20200916_02_T1) (2649),NFCORE_RANGELAND:RANGELAND:PREPROCESSING:FORCE_PREPROCESS (LT05_L1TP_181036_19890804_20200916_02_T1) (2649),/home/jfechner/workflows/rangeland/nextflow-run/work/57/520fcb80241f2d88a3fc74e31182ce/level2_ard/X0110_Y0102.lock,3644148,2649
,,0,2024-02-14T11:33:02.53370746Z,2024-03-15T11:33:02.53370746Z,2024-03-14T17:55:25.85968403Z,CREATE,file_event,NFCORE_RANGELAND:RANGELAND:PREPROCESSING:FORCE_PREPROCESS (LT05_L1TP_181036_19890804_20200916_02_T1) (2649),NFCORE_RANGELAND:RANGELAND:PREPROCESSING:FORCE_PREPROCESS (LT05_L1TP_181036_19890804_20200916_02_T1) (2649),/home/jfechner/workflows/rangeland/nextflow-run/work/57/520fcb80241f2d88a3fc74e31182ce/level2_ard/X0110_Y0102/19890804_LEVEL2_LND05_QAI.tif,3644148,2649
,,0,2024-02-14T11:33:02.53370746Z,2024-03-15T11:33:02.53370746Z,2024-03-14T17:55:25.862146801Z,DELETE,file_event,NFCORE_RANGELAND:RANGELAND:PREPROCESSING:FORCE_PREPROCESS (LT05_L1TP_181036_19890804_20200916_02_T1) (2649),NFCORE_RANGELAND:RANGELAND:PREPROCESSING:FORCE_PREPROCESS (LT05_L1TP_181036_19890804_20200916_02_T1) (2649),/home/jfechner/workflows/rangeland/nextflow-run/work/57/520fcb80241f2d88a3fc74e31182ce/level2_ard/X0110_Y0102/19890804_LEVEL2_LND05_QAI.tif.lock,3644148,2649
,,0,2024-02-14T11:33:02.53370746Z,2024-03-15T11:33:02.53370746Z,2024-03-14T17:55:25.863684701Z,CREATE,file_event,NFCORE_RANGELAND:RANGELAND:PREPROCESSING:FORCE_PREPROCESS (LT05_L1TP_181036_19890804_20200916_02_T1) (2649),NFCORE_RANGELAND:RANGELAND:PREPROCESSING:FORCE_PREPROCESS (LT05_L1TP_181036_19890804_20200916_02_T1) (2649),/home/jfechner/workflows/rangeland/nextflow-run/work/57/520fcb80241f2d88a3fc74e31182ce/level2_prov/provenance_20240314.csv.lock,3644148,2649
,,0,2024-02-14T11:33:02.53370746Z,2024-03-15T11:33:02.53370746Z,2024-03-14T17:55:25.865406128Z,DELETE,file_event,NFCORE_RANGELAND:RANGELAND:PREPROCESSING:FORCE_PREPROCESS (LT05_L1TP_181036_19890804_20200916_02_T1) (2649),NFCORE_RANGELAND:RANGELAND:PREPROCESSING:FORCE_PREPROCESS (LT05_L1TP_181036_19890804_20200916_02_T1) (2649),/home/jfechner/workflows/rangeland/nextflow-run/work/57/520fcb80241f2d88a3fc74e31182ce/level2_prov/provenance_20240314.csv.lock,3644148,2649
,,0,2024-02-14T11:33:02.53370746Z,2024-03-15T11:33:02.53370746Z,2024-03-14T17:55:25.867996823Z,CREATE,file_event,NFCORE_RANGELAND:RANGELAND:PREPROCESSING:FORCE_PREPROCESS (LT05_L1TP_181036_19890804_20200916_02_T1) (2649),NFCORE_RANGELAND:RANGELAND:PREPROCESSING:FORCE_PREPROCESS (LT05_L1TP_181036_19890804_20200916_02_T1) (2649),/home/jfechner/workflows/rangeland/nextflow-run/work/57/520fcb80241f2d88a3fc74e31182ce/level2_ard/X0110_Y0102.lock,3644148,2649
,,0,2024-02-14T11:33:02.53370746Z,2024-03-15T11:33:02.53370746Z,2024-03-14T17:55:25.875569292Z,DELETE,file_event,NFCORE_RANGELAND:RANGELAND:PREPROCESSING:FORCE_PREPROCESS (LT05_L1TP_181036_19890804_20200916_02_T1) (2649),NFCORE_RANGELAND:RANGELAND:PREPROCESSING:FORCE_PREPROCESS (LT05_L1TP_181036_19890804_20200916_02_T1) (2649),/home/jfechner/workflows/rangeland/nextflow-run/work/57/520fcb80241f2d88a3fc74e31182ce/level2_ard/X0110_Y0102.lock,3644148,2649
,,0,2024-02-14T11:33:02.53370746Z,2024-03-15T11:33:02.53370746Z,2024-03-14T17:55:25.877746833Z,CREATE,file_event,NFCORE_RANGELAND:RANGELAND:PREPROCESSING:FORCE_PREPROCESS (LT05_L1TP_181036_19890804_20200916_02_T1) (2649),NFCORE_RANGELAND:RANGELAND:PREPROCESSING:FORCE_PREPROCESS (LT05_L1TP_181036_19890804_20200916_02_T1) (2649),/home/jfechner/workflows/rangeland/nextflow-run/work/57/520fcb80241f2d88a3fc74e31182ce/level2_ard/X0110_Y0102/19890804_LEVEL2_LND05_BOA.tif.lock,3644148,2649
,,0,2024-02-14T11:33:02.53370746Z,2024-03-15T11:33:02.53370746Z,2024-03-14T17:55:25.880165742Z,CREATE,file_event,NFCORE_RANGELAND:RANGELAND:PREPROCESSING:FORCE_PREPROCESS (LT05_L1TP_181036_19890804_20200916_02_T1) (2649),NFCORE_RANGELAND:RANGELAND:PREPROCESSING:FORCE_PREPROCESS (LT05_L1TP_181036_19890804_20200916_02_T1) (2649),/home/jfechner/workflows/rangeland/nextflow-run/work/57/520fcb80241f2d88a3fc74e31182ce/level2_ard/X0110_Y0102/19890804_LEVEL2_LND05_BOA.tif,3644148,2649
,,0,2024-02-14T11:33:02.53370746Z,2024-03-15T11:33:02.53370746Z,2024-03-14T17:55:25.894889106Z,DELETE,file_event,NFCORE_RANGELAND:RANGELAND:PREPROCESSING:FORCE_PREPROCESS (LT05_L1TP_181036_19890804_20200916_02_T1) (2649),NFCORE_RANGELAND:RANGELAND:PREPROCESSING:FORCE_PREPROCESS (LT05_L1TP_181036_19890804_20200916_02_T1) (2649),/home/jfechner/workflows/rangeland/nextflow-run/work/57/520fcb80241f2d88a3fc74e31182ce/level2_ard/X0110_Y0102/19890804_LEVEL2_LND05_BOA.tif.lock,3644148,2649
,,0,2024-02-14T11:33:02.53370746Z,2024-03-15T11:33:02.53370746Z,2024-03-14T17:55:25.899020132Z,CREATE,file_event,NFCORE_RANGELAND:RANGELAND:PREPROCESSING:FORCE_PREPROCESS (LT05_L1TP_181036_19890804_20200916_02_T1) (2649),NFCORE_RANGELAND:RANGELAND:PREPROCESSING:FORCE_PREPROCESS (LT05_L1TP_181036_19890804_20200916_02_T1) (2649),/home/jfechner/workflows/rangeland/nextflow-run/work/57/520fcb80241f2d88a3fc74e31182ce/level2_prov/provenance_20240314.csv.lock,3644148,2649
,,0,2024-02-14T11:33:02.53370746Z,2024-03-15T11:33:02.53370746Z,2024-03-14T17:55:25.901715921Z,DELETE,file_event,NFCORE_RANGELAND:RANGELAND:PREPROCESSING:FORCE_PREPROCESS (LT05_L1TP_181036_19890804_20200916_02_T1) (2649),NFCORE_RANGELAND:RANGELAND:PREPROCESSING:FORCE_PREPROCESS (LT05_L1TP_181036_19890804_20200916_02_T1) (2649),/home/jfechner/workflows/rangeland/nextflow-run/work/57/520fcb80241f2d88a3fc74e31182ce/level2_prov/provenance_20240314.csv.lock,3644148,2649
,,0,2024-02-14T11:33:02.53370746Z,2024-03-15T11:33:02.53370746Z,2024-03-14T17:55:25.903621183Z,CREATE,file_event,NFCORE_RANGELAND:RANGELAND:PREPROCESSING:FORCE_PREPROCESS (LT05_L1TP_181036_19890804_20200916_02_T1) (2649),NFCORE_RANGELAND:RANGELAND:PREPROCESSING:FORCE_PREPROCESS (LT05_L1TP_181036_19890804_20200916_02_T1) (2649),/home/jfechner/workflows/rangeland/nextflow-run/work/57/520fcb80241f2d88a3fc74e31182ce/level2_ard/X0110_Y0102.lock,3644148,2649
,,0,2024-02-14T11:33:02.53370746Z,2024-03-15T11:33:02.53370746Z,2024-03-14T17:55:25.905864906Z,DELETE,file_event,NFCORE_RANGELAND:RANGELAND:PREPROCESSING:FORCE_PREPROCESS (LT05_L1TP_181036_19890804_20200916_02_T1) (2649),NFCORE_RANGELAND:RANGELAND:PREPROCESSING:FORCE_PREPROCESS (LT05_L1TP_181036_19890804_20200916_02_T1) (2649),/home/jfechner/workflows/rangeland/nextflow-run/work/57/520fcb80241f2d88a3fc74e31182ce/level2_ard/X0110_Y0102.lock,3644148,2649
,,0,2024-02-14T11:33:02.53370746Z,2024-03-15T11:33:02.53370746Z,2024-03-14T17:55:25.90809414Z,CREATE,file_event,NFCORE_RANGELAND:RANGELAND:PREPROCESSING:FORCE_PREPROCESS (LT05_L1TP_181036_19890804_20200916_02_T1) (2649),NFCORE_RANGELAND:RANGELAND:PREPROCESSING:FORCE_PREPROCESS (LT05_L1TP_181036_19890804_20200916_02_T1) (2649),/home/jfechner/workflows/rangeland/nextflow-run/work/57/520fcb80241f2d88a3fc74e31182ce/level2_ard/X0110_Y0102/19890804_LEVEL2_LND05_OVV.jpg.lock,3644148,2649
,,0,2024-02-14T11:33:02.53370746Z,2024-03-15T11:33:02.53370746Z,2024-03-14T17:55:25.911419139Z,CREATE,file_event,NFCORE_RANGELAND:RANGELAND:PREPROCESSING:FORCE_PREPROCESS (LT05_L1TP_181036_19890804_20200916_02_T1) (2649),NFCORE_RANGELAND:RANGELAND:PREPROCESSING:FORCE_PREPROCESS (LT05_L1TP_181036_19890804_20200916_02_T1) (2649),/home/jfechner/workflows/rangeland/nextflow-run/work/57/520fcb80241f2d88a3fc74e31182ce/level2_ard/X0110_Y0102/19890804_LEVEL2_LND05_OVV.jpg,3644148,2649
,,0,2024-02-14T11:33:02.53370746Z,2024-03-15T11:33:02.53370746Z,2024-03-14T17:55:25.913860059Z,DELETE,file_event,NFCORE_RANGELAND:RANGELAND:PREPROCESSING:FORCE_PREPROCESS (LT05_L1TP_181036_19890804_20200916_02_T1) (2649),NFCORE_RANGELAND:RANGELAND:PREPROCESSING:FORCE_PREPROCESS (LT05_L1TP_181036_19890804_20200916_02_T1) (2649),/home/jfechner/workflows/rangeland/nextflow-run/work/57/520fcb80241f2d88a3fc74e31182ce/level2_ard/X0110_Y0102/19890804_LEVEL2_LND05_OVV.jpg.lock,3644148,2649
,,0,2024-02-14T11:33:02.53370746Z,2024-03-15T11:33:02.53370746Z,2024-03-14T17:55:25.916443624Z,CREATE,file_event,NFCORE_RANGELAND:RANGELAND:PREPROCESSING:FORCE_PREPROCESS (LT05_L1TP_181036_19890804_20200916_02_T1) (2649),NFCORE_RANGELAND:RANGELAND:PREPROCESSING:FORCE_PREPROCESS (LT05_L1TP_181036_19890804_20200916_02_T1) (2649),/home/jfechner/workflows/rangeland/nextflow-run/work/57/520fcb80241f2d88a3fc74e31182ce/level2_prov/provenance_20240314.csv.lock,3644148,2649
,,0,2024-02-14T11:33:02.53370746Z,2024-03-15T11:33:02.53370746Z,2024-03-14T17:55:25.918972387Z,DELETE,file_event,NFCORE_RANGELAND:RANGELAND:PREPROCESSING:FORCE_PREPROCESS (LT05_L1TP_181036_19890804_20200916_02_T1) (2649),NFCORE_RANGELAND:RANGELAND:PREPROCESSING:FORCE_PREPROCESS (LT05_L1TP_181036_19890804_20200916_02_T1) (2649),/home/jfechner/workflows/rangeland/nextflow-run/work/57/520fcb80241f2d88a3fc74e31182ce/level2_prov/provenance_20240314.csv.lock,3644148,2649
,,0,2024-02-14T11:33:02.53370746Z,2024-03-15T11:33:02.53370746Z,2024-03-14T17:55:25.935912903Z,CREATE,file_event,NFCORE_RANGELAND:RANGELAND:PREPROCESSING:FORCE_PREPROCESS (LT05_L1TP_181036_19890804_20200916_02_T1) (2649),NFCORE_RANGELAND:RANGELAND:PREPROCESSING:FORCE_PREPROCESS (LT05_L1TP_181036_19890804_20200916_02_T1) (2649),/home/jfechner/workflows/rangeland/nextflow-run/work/57/520fcb80241f2d88a3fc74e31182ce/level2_ard/X0111_Y0102.lock,3644148,2649
,,0,2024-02-14T11:33:02.53370746Z,2024-03-15T11:33:02.53370746Z,2024-03-14T17:55:25.939239312Z,CREATE,file_event,NFCORE_RANGELAND:RANGELAND:PREPROCESSING:FORCE_PREPROCESS (LT05_L1TP_181036_19890804_20200916_02_T1) (2649),NFCORE_RANGELAND:RANGELAND:PREPROCESSING:FORCE_PREPROCESS (LT05_L1TP_181036_19890804_20200916_02_T1) (2649),/home/jfechner/workflows/rangeland/nextflow-run/work/57/520fcb80241f2d88a3fc74e31182ce/level2_ard/X0111_Y0102,3644148,2649
,,0,2024-02-14T11:33:02.53370746Z,2024-03-15T11:33:02.53370746Z,2024-03-14T17:55:25.942405796Z,CREATE,file_event,NFCORE_RANGELAND:RANGELAND:PREPROCESSING:FORCE_PREPROCESS (LT05_L1TP_181036_19890804_20200916_02_T1) (2649),NFCORE_RANGELAND:RANGELAND:PREPROCESSING:FORCE_PREPROCESS (LT05_L1TP_181036_19890804_20200916_02_T1) (2649),/home/jfechner/workflows/rangeland/nextflow-run/work/57/520fcb80241f2d88a3fc74e31182ce/level2_ard/X0111_Y0102/19890804_LEVEL2_LND05_QAI.tif,3644148,2649
,,0,2024-02-14T11:33:02.53370746Z,2024-03-15T11:33:02.53370746Z,2024-03-14T17:55:25.945215448Z,CREATE,file_event,NFCORE_RANGELAND:RANGELAND:PREPROCESSING:FORCE_PREPROCESS (LT05_L1TP_181036_19890804_20200916_02_T1) (2649),NFCORE_RANGELAND:RANGELAND:PREPROCESSING:FORCE_PREPROCESS (LT05_L1TP_181036_19890804_20200916_02_T1) (2649),/home/jfechner/workflows/rangeland/nextflow-run/work/57/520fcb80241f2d88a3fc74e31182ce/level2_ard/X0111_Y0102/19890804_LEVEL2_LND05_QAI.tif.lock,3644148,2649
,,0,2024-02-14T11:33:02.53370746Z,2024-03-15T11:33:02.53370746Z,2024-03-14T17:55:25.949124017Z,DELETE,file_event,NFCORE_RANGELAND:RANGELAND:PREPROCESSING:FORCE_PREPROCESS (LT05_L1TP_181036_19890804_20200916_02_T1) (2649),NFCORE_RANGELAND:RANGELAND:PREPROCESSING:FORCE_PREPROCESS (LT05_L1TP_181036_19890804_20200916_02_T1) (2649),/home/jfechner/workflows/rangeland/nextflow-run/work/57/520fcb80241f2d88a3fc74e31182ce/level2_ard/X0111_Y0102.lock,3644148,2649
,,0,2024-02-14T11:33:02.53370746Z,2024-03-15T11:33:02.53370746Z,2024-03-14T17:55:25.951686111Z,CREATE,file_event,NFCORE_RANGELAND:RANGELAND:PREPROCESSING:FORCE_PREPROCESS (LT05_L1TP_181036_19890804_20200916_02_T1) (2649),NFCORE_RANGELAND:RANGELAND:PREPROCESSING:FORCE_PREPROCESS (LT05_L1TP_181036_19890804_20200916_02_T1) (2649),/home/jfechner/workflows/rangeland/nextflow-run/work/57/520fcb80241f2d88a3fc74e31182ce/level2_ard/X0111_Y0102/19890804_LEVEL2_LND05_QAI.tif,3644148,2649
,,0,2024-02-14T11:33:02.53370746Z,2024-03-15T11:33:02.53370746Z,2024-03-14T17:55:25.954329018Z,DELETE,file_event,NFCORE_RANGELAND:RANGELAND:PREPROCESSING:FORCE_PREPROCESS (LT05_L1TP_181036_19890804_20200916_02_T1) (2649),NFCORE_RANGELAND:RANGELAND:PREPROCESSING:FORCE_PREPROCESS (LT05_L1TP_181036_19890804_20200916_02_T1) (2649),/home/jfechner/workflows/rangeland/nextflow-run/work/57/520fcb80241f2d88a3fc74e31182ce/level2_ard/X0111_Y0102/19890804_LEVEL2_LND05_QAI.tif.lock,3644148,2649
,,0,2024-02-14T11:33:02.53370746Z,2024-03-15T11:33:02.53370746Z,2024-03-14T17:55:25.956560081Z,CREATE,file_event,NFCORE_RANGELAND:RANGELAND:PREPROCESSING:FORCE_PREPROCESS (LT05_L1TP_181036_19890804_20200916_02_T1) (2649),NFCORE_RANGELAND:RANGELAND:PREPROCESSING:FORCE_PREPROCESS (LT05_L1TP_181036_19890804_20200916_02_T1) (2649),/home/jfechner/workflows/rangeland/nextflow-run/work/57/520fcb80241f2d88a3fc74e31182ce/level2_prov/provenance_20240314.csv.lock,3644148,2649
,,0,2024-02-14T11:33:02.53370746Z,2024-03-15T11:33:02.53370746Z,2024-03-14T17:55:25.958456103Z,DELETE,file_event,NFCORE_RANGELAND:RANGELAND:PREPROCESSING:FORCE_PREPROCESS (LT05_L1TP_181036_19890804_20200916_02_T1) (2649),NFCORE_RANGELAND:RANGELAND:PREPROCESSING:FORCE_PREPROCESS (LT05_L1TP_181036_19890804_20200916_02_T1) (2649),/home/jfechner/workflows/rangeland/nextflow-run/work/57/520fcb80241f2d88a3fc74e31182ce/level2_prov/provenance_20240314.csv.lock,3644148,2649
,,0,2024-02-14T11:33:02.53370746Z,2024-03-15T11:33:02.53370746Z,2024-03-14T17:55:25.960824361Z,CREATE,file_event,NFCORE_RANGELAND:RANGELAND:PREPROCESSING:FORCE_PREPROCESS (LT05_L1TP_181036_19890804_20200916_02_T1) (2649),NFCORE_RANGELAND:RANGELAND:PREPROCESSING:FORCE_PREPROCESS (LT05_L1TP_181036_19890804_20200916_02_T1) (2649),/home/jfechner/workflows/rangeland/nextflow-run/work/57/520fcb80241f2d88a3fc74e31182ce/level2_ard/X0111_Y0102.lock,3644148,2649
,,0,2024-02-14T11:33:02.53370746Z,2024-03-15T11:33:02.53370746Z,2024-03-14T17:55:25.96290367Z,DELETE,file_event,NFCORE_RANGELAND:RANGELAND:PREPROCESSING:FORCE_PREPROCESS (LT05_L1TP_181036_19890804_20200916_02_T1) (2649),NFCORE_RANGELAND:RANGELAND:PREPROCESSING:FORCE_PREPROCESS (LT05_L1TP_181036_19890804_20200916_02_T1) (2649),/home/jfechner/workflows/rangeland/nextflow-run/work/57/520fcb80241f2d88a3fc74e31182ce/level2_ard/X0111_Y0102.lock,3644148,2649
,,0,2024-02-14T11:33:02.53370746Z,2024-03-15T11:33:02.53370746Z,2024-03-14T17:55:25.964768001Z,CREATE,file_event,NFCORE_RANGELAND:RANGELAND:PREPROCESSING:FORCE_PREPROCESS (LT05_L1TP_181036_19890804_20200916_02_T1) (2649),NFCORE_RANGELAND:RANGELAND:PREPROCESSING:FORCE_PREPROCESS (LT05_L1TP_181036_19890804_20200916_02_T1) (2649),/home/jfechner/workflows/rangeland/nextflow-run/work/57/520fcb80241f2d88a3fc74e31182ce/level2_ard/X0111_Y0102/19890804_LEVEL2_LND05_BOA.tif.lock,3644148,2649
,,0,2024-02-14T11:33:02.53370746Z,2024-03-15T11:33:02.53370746Z,2024-03-14T17:55:25.968004877Z,CREATE,file_event,NFCORE_RANGELAND:RANGELAND:PREPROCESSING:FORCE_PREPROCESS (LT05_L1TP_181036_19890804_20200916_02_T1) (2649),NFCORE_RANGELAND:RANGELAND:PREPROCESSING:FORCE_PREPROCESS (LT05_L1TP_181036_19890804_20200916_02_T1) (2649),/home/jfechner/workflows/rangeland/nextflow-run/work/57/520fcb80241f2d88a3fc74e31182ce/level2_ard/X0111_Y0102/19890804_LEVEL2_LND05_BOA.tif,3644148,2649
,,0,2024-02-14T11:33:02.53370746Z,2024-03-15T11:33:02.53370746Z,2024-03-14T17:55:25.983176695Z,DELETE,file_event,NFCORE_RANGELAND:RANGELAND:PREPROCESSING:FORCE_PREPROCESS (LT05_L1TP_181036_19890804_20200916_02_T1) (2649),NFCORE_RANGELAND:RANGELAND:PREPROCESSING:FORCE_PREPROCESS (LT05_L1TP_181036_19890804_20200916_02_T1) (2649),/home/jfechner/workflows/rangeland/nextflow-run/work/57/520fcb80241f2d88a3fc74e31182ce/level2_ard/X0111_Y0102/19890804_LEVEL2_LND05_BOA.tif.lock,3644148,2649
,,0,2024-02-14T11:33:02.53370746Z,2024-03-15T11:33:02.53370746Z,2024-03-14T17:55:25.985388208Z,CREATE,file_event,NFCORE_RANGELAND:RANGELAND:PREPROCESSING:FORCE_PREPROCESS (LT05_L1TP_181036_19890804_20200916_02_T1) (2649),NFCORE_RANGELAND:RANGELAND:PREPROCESSING:FORCE_PREPROCESS (LT05_L1TP_181036_19890804_20200916_02_T1) (2649),/home/jfechner/workflows/rangeland/nextflow-run/work/57/520fcb80241f2d88a3fc74e31182ce/level2_prov/provenance_20240314.csv.lock,3644148,2649
,,0,2024-02-14T11:33:02.53370746Z,2024-03-15T11:33:02.53370746Z,2024-03-14T17:55:25.987301991Z,DELETE,file_event,NFCORE_RANGELAND:RANGELAND:PREPROCESSING:FORCE_PREPROCESS (LT05_L1TP_181036_19890804_20200916_02_T1) (2649),NFCORE_RANGELAND:RANGELAND:PREPROCESSING:FORCE_PREPROCESS (LT05_L1TP_181036_19890804_20200916_02_T1) (2649),/home/jfechner/workflows/rangeland/nextflow-run/work/57/520fcb80241f2d88a3fc74e31182ce/level2_prov/provenance_20240314.csv.lock,3644148,2649
,,0,2024-02-14T11:33:02.53370746Z,2024-03-15T11:33:02.53370746Z,2024-03-14T17:55:25.988935914Z,CREATE,file_event,NFCORE_RANGELAND:RANGELAND:PREPROCESSING:FORCE_PREPROCESS (LT05_L1TP_181036_19890804_20200916_02_T1) (2649),NFCORE_RANGELAND:RANGELAND:PREPROCESSING:FORCE_PREPROCESS (LT05_L1TP_181036_19890804_20200916_02_T1) (2649),/home/jfechner/workflows/rangeland/nextflow-run/work/57/520fcb80241f2d88a3fc74e31182ce/level2_ard/X0111_Y0102.lock,3644148,2649
,,0,2024-02-14T11:33:02.53370746Z,2024-03-15T11:33:02.53370746Z,2024-03-14T17:55:25.990718013Z,DELETE,file_event,NFCORE_RANGELAND:RANGELAND:PREPROCESSING:FORCE_PREPROCESS (LT05_L1TP_181036_19890804_20200916_02_T1) (2649),NFCORE_RANGELAND:RANGELAND:PREPROCESSING:FORCE_PREPROCESS (LT05_L1TP_181036_19890804_20200916_02_T1) (2649),/home/jfechner/workflows/rangeland/nextflow-run/work/57/520fcb80241f2d88a3fc74e31182ce/level2_ard/X0111_Y0102.lock,3644148,2649
,,0,2024-02-14T11:33:02.53370746Z,2024-03-15T11:33:02.53370746Z,2024-03-14T17:55:25.992255263Z,CREATE,file_event,NFCORE_RANGELAND:RANGELAND:PREPROCESSING:FORCE_PREPROCESS (LT05_L1TP_181036_19890804_20200916_02_T1) (2649),NFCORE_RANGELAND:RANGELAND:PREPROCESSING:FORCE_PREPROCESS (LT05_L1TP_181036_19890804_20200916_02_T1) (2649),/home/jfechner/workflows/rangeland/nextflow-run/work/57/520fcb80241f2d88a3fc74e31182ce/level2_ard/X0111_Y0102/19890804_LEVEL2_LND05_OVV.jpg.lock,3644148,2649
,,0,2024-02-14T11:33:02.53370746Z,2024-03-15T11:33:02.53370746Z,2024-03-14T17:55:25.994771076Z,CREATE,file_event,NFCORE_RANGELAND:RANGELAND:PREPROCESSING:FORCE_PREPROCESS (LT05_L1TP_181036_19890804_20200916_02_T1) (2649),NFCORE_RANGELAND:RANGELAND:PREPROCESSING:FORCE_PREPROCESS (LT05_L1TP_181036_19890804_20200916_02_T1) (2649),/home/jfechner/workflows/rangeland/nextflow-run/work/57/520fcb80241f2d88a3fc74e31182ce/level2_ard/X0111_Y0102/19890804_LEVEL2_LND05_OVV.jpg,3644148,2649
,,0,2024-02-14T11:33:02.53370746Z,2024-03-15T11:33:02.53370746Z,2024-03-14T17:55:25.997246738Z,DELETE,file_event,NFCORE_RANGELAND:RANGELAND:PREPROCESSING:FORCE_PREPROCESS (LT05_L1TP_181036_19890804_20200916_02_T1) (2649),NFCORE_RANGELAND:RANGELAND:PREPROCESSING:FORCE_PREPROCESS (LT05_L1TP_181036_19890804_20200916_02_T1) (2649),/home/jfechner/workflows/rangeland/nextflow-run/work/57/520fcb80241f2d88a3fc74e31182ce/level2_ard/X0111_Y0102/19890804_LEVEL2_LND05_OVV.jpg.lock,3644148,2649
,,0,2024-02-14T11:33:02.53370746Z,2024-03-15T11:33:02.53370746Z,2024-03-14T17:55:25.998891091Z,CREATE,file_event,NFCORE_RANGELAND:RANGELAND:PREPROCESSING:FORCE_PREPROCESS (LT05_L1TP_181036_19890804_20200916_02_T1) (2649),NFCORE_RANGELAND:RANGELAND:PREPROCESSING:FORCE_PREPROCESS (LT05_L1TP_181036_19890804_20200916_02_T1) (2649),/home/jfechner/workflows/rangeland/nextflow-run/work/57/520fcb80241f2d88a3fc74e31182ce/level2_prov/provenance_20240314.csv.lock,3644148,2649
,,0,2024-02-14T11:33:02.53370746Z,2024-03-15T11:33:02.53370746Z,2024-03-14T17:55:26.000731432Z,DELETE,file_event,NFCORE_RANGELAND:RANGELAND:PREPROCESSING:FORCE_PREPROCESS (LT05_L1TP_181036_19890804_20200916_02_T1) (2649),NFCORE_RANGELAND:RANGELAND:PREPROCESSING:FORCE_PREPROCESS (LT05_L1TP_181036_19890804_20200916_02_T1) (2649),/home/jfechner/workflows/rangeland/nextflow-run/work/57/520fcb80241f2d88a3fc74e31182ce/level2_prov/provenance_20240314.csv.lock,3644148,2649
,,0,2024-02-14T11:33:02.53370746Z,2024-03-15T11:33:02.53370746Z,2024-03-14T17:55:26.033674603Z,CREATE,file_event,NFCORE_RANGELAND:RANGELAND:PREPROCESSING:FORCE_PREPROCESS (LT05_L1TP_181036_19890804_20200916_02_T1) (2649),NFCORE_RANGELAND:RANGELAND:PREPROCESSING:FORCE_PREPROCESS (LT05_L1TP_181036_19890804_20200916_02_T1) (2649),/home/jfechner/workflows/rangeland/nextflow-run/work/57/520fcb80241f2d88a3fc74e31182ce/level2_ard/X0107_Y0103.lock,3644148,2649
,,0,2024-02-14T11:33:02.53370746Z,2024-03-15T11:33:02.53370746Z,2024-03-14T17:55:26.036896339Z,CREATE,file_event,NFCORE_RANGELAND:RANGELAND:PREPROCESSING:FORCE_PREPROCESS (LT05_L1TP_181036_19890804_20200916_02_T1) (2649),NFCORE_RANGELAND:RANGELAND:PREPROCESSING:FORCE_PREPROCESS (LT05_L1TP_181036_19890804_20200916_02_T1) (2649),/home/jfechner/workflows/rangeland/nextflow-run/work/57/520fcb80241f2d88a3fc74e31182ce/level2_ard/X0107_Y0103,3644148,2649
,,0,2024-02-14T11:33:02.53370746Z,2024-03-15T11:33:02.53370746Z,2024-03-14T17:55:26.040063004Z,CREATE,file_event,NFCORE_RANGELAND:RANGELAND:PREPROCESSING:FORCE_PREPROCESS (LT05_L1TP_181036_19890804_20200916_02_T1) (2649),NFCORE_RANGELAND:RANGELAND:PREPROCESSING:FORCE_PREPROCESS (LT05_L1TP_181036_19890804_20200916_02_T1) (2649),/home/jfechner/workflows/rangeland/nextflow-run/work/57/520fcb80241f2d88a3fc74e31182ce/level2_ard/X0107_Y0103/19890804_LEVEL2_LND05_QAI.tif,3644148,2649
,,0,2024-02-14T11:33:02.53370746Z,2024-03-15T11:33:02.53370746Z,2024-03-14T17:55:26.043075032Z,CREATE,file_event,NFCORE_RANGELAND:RANGELAND:PREPROCESSING:FORCE_PREPROCESS (LT05_L1TP_181036_19890804_20200916_02_T1) (2649),NFCORE_RANGELAND:RANGELAND:PREPROCESSING:FORCE_PREPROCESS (LT05_L1TP_181036_19890804_20200916_02_T1) (2649),/home/jfechner/workflows/rangeland/nextflow-run/work/57/520fcb80241f2d88a3fc74e31182ce/level2_ard/X0107_Y0103/19890804_LEVEL2_LND05_QAI.tif.lock,3644148,2649
,,0,2024-02-14T11:33:02.53370746Z,2024-03-15T11:33:02.53370746Z,2024-03-14T17:55:26.045866524Z,DELETE,file_event,NFCORE_RANGELAND:RANGELAND:PREPROCESSING:FORCE_PREPROCESS (LT05_L1TP_181036_19890804_20200916_02_T1) (2649),NFCORE_RANGELAND:RANGELAND:PREPROCESSING:FORCE_PREPROCESS (LT05_L1TP_181036_19890804_20200916_02_T1) (2649),/home/jfechner/workflows/rangeland/nextflow-run/work/57/520fcb80241f2d88a3fc74e31182ce/level2_ard/X0107_Y0103.lock,3644148,2649
,,0,2024-02-14T11:33:02.53370746Z,2024-03-15T11:33:02.53370746Z,2024-03-14T17:55:26.047689644Z,CREATE,file_event,NFCORE_RANGELAND:RANGELAND:PREPROCESSING:FORCE_PREPROCESS (LT05_L1TP_181036_19890804_20200916_02_T1) (2649),NFCORE_RANGELAND:RANGELAND:PREPROCESSING:FORCE_PREPROCESS (LT05_L1TP_181036_19890804_20200916_02_T1) (2649),/home/jfechner/workflows/rangeland/nextflow-run/work/57/520fcb80241f2d88a3fc74e31182ce/level2_ard/X0107_Y0103/19890804_LEVEL2_LND05_QAI.tif,3644148,2649
,,0,2024-02-14T11:33:02.53370746Z,2024-03-15T11:33:02.53370746Z,2024-03-14T17:55:26.050069632Z,DELETE,file_event,NFCORE_RANGELAND:RANGELAND:PREPROCESSING:FORCE_PREPROCESS (LT05_L1TP_181036_19890804_20200916_02_T1) (2649),NFCORE_RANGELAND:RANGELAND:PREPROCESSING:FORCE_PREPROCESS (LT05_L1TP_181036_19890804_20200916_02_T1) (2649),/home/jfechner/workflows/rangeland/nextflow-run/work/57/520fcb80241f2d88a3fc74e31182ce/level2_ard/X0107_Y0103/19890804_LEVEL2_LND05_QAI.tif.lock,3644148,2649
,,0,2024-02-14T11:33:02.53370746Z,2024-03-15T11:33:02.53370746Z,2024-03-14T17:55:26.051706976Z,CREATE,file_event,NFCORE_RANGELAND:RANGELAND:PREPROCESSING:FORCE_PREPROCESS (LT05_L1TP_181036_19890804_20200916_02_T1) (2649),NFCORE_RANGELAND:RANGELAND:PREPROCESSING:FORCE_PREPROCESS (LT05_L1TP_181036_19890804_20200916_02_T1) (2649),/home/jfechner/workflows/rangeland/nextflow-run/work/57/520fcb80241f2d88a3fc74e31182ce/level2_prov/provenance_20240314.csv.lock,3644148,2649
,,0,2024-02-14T11:33:02.53370746Z,2024-03-15T11:33:02.53370746Z,2024-03-14T17:55:26.054220998Z,DELETE,file_event,NFCORE_RANGELAND:RANGELAND:PREPROCESSING:FORCE_PREPROCESS (LT05_L1TP_181036_19890804_20200916_02_T1) (2649),NFCORE_RANGELAND:RANGELAND:PREPROCESSING:FORCE_PREPROCESS (LT05_L1TP_181036_19890804_20200916_02_T1) (2649),/home/jfechner/workflows/rangeland/nextflow-run/work/57/520fcb80241f2d88a3fc74e31182ce/level2_prov/provenance_20240314.csv.lock,3644148,2649
,,0,2024-02-14T11:33:02.53370746Z,2024-03-15T11:33:02.53370746Z,2024-03-14T17:55:26.056061059Z,CREATE,file_event,NFCORE_RANGELAND:RANGELAND:PREPROCESSING:FORCE_PREPROCESS (LT05_L1TP_181036_19890804_20200916_02_T1) (2649),NFCORE_RANGELAND:RANGELAND:PREPROCESSING:FORCE_PREPROCESS (LT05_L1TP_181036_19890804_20200916_02_T1) (2649),/home/jfechner/workflows/rangeland/nextflow-run/work/57/520fcb80241f2d88a3fc74e31182ce/level2_ard/X0107_Y0103.lock,3644148,2649
,,0,2024-02-14T11:33:02.53370746Z,2024-03-15T11:33:02.53370746Z,2024-03-14T17:55:26.057807426Z,DELETE,file_event,NFCORE_RANGELAND:RANGELAND:PREPROCESSING:FORCE_PREPROCESS (LT05_L1TP_181036_19890804_20200916_02_T1) (2649),NFCORE_RANGELAND:RANGELAND:PREPROCESSING:FORCE_PREPROCESS (LT05_L1TP_181036_19890804_20200916_02_T1) (2649),/home/jfechner/workflows/rangeland/nextflow-run/work/57/520fcb80241f2d88a3fc74e31182ce/level2_ard/X0107_Y0103.lock,3644148,2649
,,0,2024-02-14T11:33:02.53370746Z,2024-03-15T11:33:02.53370746Z,2024-03-14T17:55:26.05975618Z,CREATE,file_event,NFCORE_RANGELAND:RANGELAND:PREPROCESSING:FORCE_PREPROCESS (LT05_L1TP_181036_19890804_20200916_02_T1) (2649),NFCORE_RANGELAND:RANGELAND:PREPROCESSING:FORCE_PREPROCESS (LT05_L1TP_181036_19890804_20200916_02_T1) (2649),/home/jfechner/workflows/rangeland/nextflow-run/work/57/520fcb80241f2d88a3fc74e31182ce/level2_ard/X0107_Y0103/19890804_LEVEL2_LND05_BOA.tif.lock,3644148,2649
,,0,2024-02-14T11:33:02.53370746Z,2024-03-15T11:33:02.53370746Z,2024-03-14T17:55:26.062585683Z,CREATE,file_event,NFCORE_RANGELAND:RANGELAND:PREPROCESSING:FORCE_PREPROCESS (LT05_L1TP_181036_19890804_20200916_02_T1) (2649),NFCORE_RANGELAND:RANGELAND:PREPROCESSING:FORCE_PREPROCESS (LT05_L1TP_181036_19890804_20200916_02_T1) (2649),/home/jfechner/workflows/rangeland/nextflow-run/work/57/520fcb80241f2d88a3fc74e31182ce/level2_ard/X0107_Y0103/19890804_LEVEL2_LND05_BOA.tif,3644148,2649
,,0,2024-02-14T11:33:02.53370746Z,2024-03-15T11:33:02.53370746Z,2024-03-14T17:55:26.06646841Z,DELETE,file_event,NFCORE_RANGELAND:RANGELAND:PREPROCESSING:FORCE_PREPROCESS (LT05_L1TP_181036_19890804_20200916_02_T1) (2649),NFCORE_RANGELAND:RANGELAND:PREPROCESSING:FORCE_PREPROCESS (LT05_L1TP_181036_19890804_20200916_02_T1) (2649),/home/jfechner/workflows/rangeland/nextflow-run/work/57/520fcb80241f2d88a3fc74e31182ce/level2_ard/X0107_Y0103/19890804_LEVEL2_LND05_BOA.tif.lock,3644148,2649
,,0,2024-02-14T11:33:02.53370746Z,2024-03-15T11:33:02.53370746Z,2024-03-14T17:55:26.068615691Z,CREATE,file_event,NFCORE_RANGELAND:RANGELAND:PREPROCESSING:FORCE_PREPROCESS (LT05_L1TP_181036_19890804_20200916_02_T1) (2649),NFCORE_RANGELAND:RANGELAND:PREPROCESSING:FORCE_PREPROCESS (LT05_L1TP_181036_19890804_20200916_02_T1) (2649),/home/jfechner/workflows/rangeland/nextflow-run/work/57/520fcb80241f2d88a3fc74e31182ce/level2_prov/provenance_20240314.csv.lock,3644148,2649
,,0,2024-02-14T11:33:02.53370746Z,2024-03-15T11:33:02.53370746Z,2024-03-14T17:55:26.070332727Z,DELETE,file_event,NFCORE_RANGELAND:RANGELAND:PREPROCESSING:FORCE_PREPROCESS (LT05_L1TP_181036_19890804_20200916_02_T1) (2649),NFCORE_RANGELAND:RANGELAND:PREPROCESSING:FORCE_PREPROCESS (LT05_L1TP_181036_19890804_20200916_02_T1) (2649),/home/jfechner/workflows/rangeland/nextflow-run/work/57/520fcb80241f2d88a3fc74e31182ce/level2_prov/provenance_20240314.csv.lock,3644148,2649
,,0,2024-02-14T11:33:02.53370746Z,2024-03-15T11:33:02.53370746Z,2024-03-14T17:55:26.072353224Z,CREATE,file_event,NFCORE_RANGELAND:RANGELAND:PREPROCESSING:FORCE_PREPROCESS (LT05_L1TP_181036_19890804_20200916_02_T1) (2649),NFCORE_RANGELAND:RANGELAND:PREPROCESSING:FORCE_PREPROCESS (LT05_L1TP_181036_19890804_20200916_02_T1) (2649),/home/jfechner/workflows/rangeland/nextflow-run/work/57/520fcb80241f2d88a3fc74e31182ce/level2_ard/X0107_Y0103.lock,3644148,2649
,,0,2024-02-14T11:33:02.53370746Z,2024-03-15T11:33:02.53370746Z,2024-03-14T17:55:26.074563797Z,DELETE,file_event,NFCORE_RANGELAND:RANGELAND:PREPROCESSING:FORCE_PREPROCESS (LT05_L1TP_181036_19890804_20200916_02_T1) (2649),NFCORE_RANGELAND:RANGELAND:PREPROCESSING:FORCE_PREPROCESS (LT05_L1TP_181036_19890804_20200916_02_T1) (2649),/home/jfechner/workflows/rangeland/nextflow-run/work/57/520fcb80241f2d88a3fc74e31182ce/level2_ard/X0107_Y0103.lock,3644148,2649
,,0,2024-02-14T11:33:02.53370746Z,2024-03-15T11:33:02.53370746Z,2024-03-14T17:55:26.076136668Z,CREATE,file_event,NFCORE_RANGELAND:RANGELAND:PREPROCESSING:FORCE_PREPROCESS (LT05_L1TP_181036_19890804_20200916_02_T1) (2649),NFCORE_RANGELAND:RANGELAND:PREPROCESSING:FORCE_PREPROCESS (LT05_L1TP_181036_19890804_20200916_02_T1) (2649),/home/jfechner/workflows/rangeland/nextflow-run/work/57/520fcb80241f2d88a3fc74e31182ce/level2_ard/X0107_Y0103/19890804_LEVEL2_LND05_OVV.jpg.lock,3644148,2649
,,0,2024-02-14T11:33:02.53370746Z,2024-03-15T11:33:02.53370746Z,2024-03-14T17:55:26.078546687Z,CREATE,file_event,NFCORE_RANGELAND:RANGELAND:PREPROCESSING:FORCE_PREPROCESS (LT05_L1TP_181036_19890804_20200916_02_T1) (2649),NFCORE_RANGELAND:RANGELAND:PREPROCESSING:FORCE_PREPROCESS (LT05_L1TP_181036_19890804_20200916_02_T1) (2649),/home/jfechner/workflows/rangeland/nextflow-run/work/57/520fcb80241f2d88a3fc74e31182ce/level2_ard/X0107_Y0103/19890804_LEVEL2_LND05_OVV.jpg,3644148,2649
,,0,2024-02-14T11:33:02.53370746Z,2024-03-15T11:33:02.53370746Z,2024-03-14T17:55:26.080741979Z,DELETE,file_event,NFCORE_RANGELAND:RANGELAND:PREPROCESSING:FORCE_PREPROCESS (LT05_L1TP_181036_19890804_20200916_02_T1) (2649),NFCORE_RANGELAND:RANGELAND:PREPROCESSING:FORCE_PREPROCESS (LT05_L1TP_181036_19890804_20200916_02_T1) (2649),/home/jfechner/workflows/rangeland/nextflow-run/work/57/520fcb80241f2d88a3fc74e31182ce/level2_ard/X0107_Y0103/19890804_LEVEL2_LND05_OVV.jpg.lock,3644148,2649
,,0,2024-02-14T11:33:02.53370746Z,2024-03-15T11:33:02.53370746Z,2024-03-14T17:55:26.08287983Z,CREATE,file_event,NFCORE_RANGELAND:RANGELAND:PREPROCESSING:FORCE_PREPROCESS (LT05_L1TP_181036_19890804_20200916_02_T1) (2649),NFCORE_RANGELAND:RANGELAND:PREPROCESSING:FORCE_PREPROCESS (LT05_L1TP_181036_19890804_20200916_02_T1) (2649),/home/jfechner/workflows/rangeland/nextflow-run/work/57/520fcb80241f2d88a3fc74e31182ce/level2_prov/provenance_20240314.csv.lock,3644148,2649
,,0,2024-02-14T11:33:02.53370746Z,2024-03-15T11:33:02.53370746Z,2024-03-14T17:55:26.084953668Z,DELETE,file_event,NFCORE_RANGELAND:RANGELAND:PREPROCESSING:FORCE_PREPROCESS (LT05_L1TP_181036_19890804_20200916_02_T1) (2649),NFCORE_RANGELAND:RANGELAND:PREPROCESSING:FORCE_PREPROCESS (LT05_L1TP_181036_19890804_20200916_02_T1) (2649),/home/jfechner/workflows/rangeland/nextflow-run/work/57/520fcb80241f2d88a3fc74e31182ce/level2_prov/provenance_20240314.csv.lock,3644148,2649
,,0,2024-02-14T11:33:02.53370746Z,2024-03-15T11:33:02.53370746Z,2024-03-14T17:55:26.106909449Z,CREATE,file_event,NFCORE_RANGELAND:RANGELAND:PREPROCESSING:FORCE_PREPROCESS (LT05_L1TP_181036_19890804_20200916_02_T1) (2649),NFCORE_RANGELAND:RANGELAND:PREPROCESSING:FORCE_PREPROCESS (LT05_L1TP_181036_19890804_20200916_02_T1) (2649),/home/jfechner/workflows/rangeland/nextflow-run/work/57/520fcb80241f2d88a3fc74e31182ce/level2_ard/X0108_Y0103.lock,3644148,2649
,,0,2024-02-14T11:33:02.53370746Z,2024-03-15T11:33:02.53370746Z,2024-03-14T17:55:26.11030394Z,CREATE,file_event,NFCORE_RANGELAND:RANGELAND:PREPROCESSING:FORCE_PREPROCESS (LT05_L1TP_181036_19890804_20200916_02_T1) (2649),NFCORE_RANGELAND:RANGELAND:PREPROCESSING:FORCE_PREPROCESS (LT05_L1TP_181036_19890804_20200916_02_T1) (2649),/home/jfechner/workflows/rangeland/nextflow-run/work/57/520fcb80241f2d88a3fc74e31182ce/level2_ard/X0108_Y0103,3644148,2649
,,0,2024-02-14T11:33:02.53370746Z,2024-03-15T11:33:02.53370746Z,2024-03-14T17:55:26.114088504Z,CREATE,file_event,NFCORE_RANGELAND:RANGELAND:PREPROCESSING:FORCE_PREPROCESS (LT05_L1TP_181036_19890804_20200916_02_T1) (2649),NFCORE_RANGELAND:RANGELAND:PREPROCESSING:FORCE_PREPROCESS (LT05_L1TP_181036_19890804_20200916_02_T1) (2649),/home/jfechner/workflows/rangeland/nextflow-run/work/57/520fcb80241f2d88a3fc74e31182ce/level2_ard/X0108_Y0103/19890804_LEVEL2_LND05_QAI.tif,3644148,2649
,,0,2024-02-14T11:33:02.53370746Z,2024-03-15T11:33:02.53370746Z,2024-03-14T17:55:26.117433364Z,CREATE,file_event,NFCORE_RANGELAND:RANGELAND:PREPROCESSING:FORCE_PREPROCESS (LT05_L1TP_181036_19890804_20200916_02_T1) (2649),NFCORE_RANGELAND:RANGELAND:PREPROCESSING:FORCE_PREPROCESS (LT05_L1TP_181036_19890804_20200916_02_T1) (2649),/home/jfechner/workflows/rangeland/nextflow-run/work/57/520fcb80241f2d88a3fc74e31182ce/level2_ard/X0108_Y0103/19890804_LEVEL2_LND05_QAI.tif.lock,3644148,2649
,,0,2024-02-14T11:33:02.53370746Z,2024-03-15T11:33:02.53370746Z,2024-03-14T17:55:26.120876867Z,DELETE,file_event,NFCORE_RANGELAND:RANGELAND:PREPROCESSING:FORCE_PREPROCESS (LT05_L1TP_181036_19890804_20200916_02_T1) (2649),NFCORE_RANGELAND:RANGELAND:PREPROCESSING:FORCE_PREPROCESS (LT05_L1TP_181036_19890804_20200916_02_T1) (2649),/home/jfechner/workflows/rangeland/nextflow-run/work/57/520fcb80241f2d88a3fc74e31182ce/level2_ard/X0108_Y0103.lock,3644148,2649
,,0,2024-02-14T11:33:02.53370746Z,2024-03-15T11:33:02.53370746Z,2024-03-14T17:55:26.122913734Z,CREATE,file_event,NFCORE_RANGELAND:RANGELAND:PREPROCESSING:FORCE_PREPROCESS (LT05_L1TP_181036_19890804_20200916_02_T1) (2649),NFCORE_RANGELAND:RANGELAND:PREPROCESSING:FORCE_PREPROCESS (LT05_L1TP_181036_19890804_20200916_02_T1) (2649),/home/jfechner/workflows/rangeland/nextflow-run/work/57/520fcb80241f2d88a3fc74e31182ce/level2_ard/X0108_Y0103/19890804_LEVEL2_LND05_QAI.tif,3644148,2649
,,0,2024-02-14T11:33:02.53370746Z,2024-03-15T11:33:02.53370746Z,2024-03-14T17:55:26.125068155Z,DELETE,file_event,NFCORE_RANGELAND:RANGELAND:PREPROCESSING:FORCE_PREPROCESS (LT05_L1TP_181036_19890804_20200916_02_T1) (2649),NFCORE_RANGELAND:RANGELAND:PREPROCESSING:FORCE_PREPROCESS (LT05_L1TP_181036_19890804_20200916_02_T1) (2649),/home/jfechner/workflows/rangeland/nextflow-run/work/57/520fcb80241f2d88a3fc74e31182ce/level2_ard/X0108_Y0103/19890804_LEVEL2_LND05_QAI.tif.lock,3644148,2649
,,0,2024-02-14T11:33:02.53370746Z,2024-03-15T11:33:02.53370746Z,2024-03-14T17:55:26.126693228Z,CREATE,file_event,NFCORE_RANGELAND:RANGELAND:PREPROCESSING:FORCE_PREPROCESS (LT05_L1TP_181036_19890804_20200916_02_T1) (2649),NFCORE_RANGELAND:RANGELAND:PREPROCESSING:FORCE_PREPROCESS (LT05_L1TP_181036_19890804_20200916_02_T1) (2649),/home/jfechner/workflows/rangeland/nextflow-run/work/57/520fcb80241f2d88a3fc74e31182ce/level2_prov/provenance_20240314.csv.lock,3644148,2649
,,0,2024-02-14T11:33:02.53370746Z,2024-03-15T11:33:02.53370746Z,2024-03-14T17:55:26.134120492Z,DELETE,file_event,NFCORE_RANGELAND:RANGELAND:PREPROCESSING:FORCE_PREPROCESS (LT05_L1TP_181036_19890804_20200916_02_T1) (2649),NFCORE_RANGELAND:RANGELAND:PREPROCESSING:FORCE_PREPROCESS (LT05_L1TP_181036_19890804_20200916_02_T1) (2649),/home/jfechner/workflows/rangeland/nextflow-run/work/57/520fcb80241f2d88a3fc74e31182ce/level2_prov/provenance_20240314.csv.lock,3644148,2649
,,0,2024-02-14T11:33:02.53370746Z,2024-03-15T11:33:02.53370746Z,2024-03-14T17:55:26.136878773Z,CREATE,file_event,NFCORE_RANGELAND:RANGELAND:PREPROCESSING:FORCE_PREPROCESS (LT05_L1TP_181036_19890804_20200916_02_T1) (2649),NFCORE_RANGELAND:RANGELAND:PREPROCESSING:FORCE_PREPROCESS (LT05_L1TP_181036_19890804_20200916_02_T1) (2649),/home/jfechner/workflows/rangeland/nextflow-run/work/57/520fcb80241f2d88a3fc74e31182ce/level2_ard/X0108_Y0103.lock,3644148,2649
,,0,2024-02-14T11:33:02.53370746Z,2024-03-15T11:33:02.53370746Z,2024-03-14T17:55:26.139096606Z,DELETE,file_event,NFCORE_RANGELAND:RANGELAND:PREPROCESSING:FORCE_PREPROCESS (LT05_L1TP_181036_19890804_20200916_02_T1) (2649),NFCORE_RANGELAND:RANGELAND:PREPROCESSING:FORCE_PREPROCESS (LT05_L1TP_181036_19890804_20200916_02_T1) (2649),/home/jfechner/workflows/rangeland/nextflow-run/work/57/520fcb80241f2d88a3fc74e31182ce/level2_ard/X0108_Y0103.lock,3644148,2649
,,0,2024-02-14T11:33:02.53370746Z,2024-03-15T11:33:02.53370746Z,2024-03-14T17:55:26.140949616Z,CREATE,file_event,NFCORE_RANGELAND:RANGELAND:PREPROCESSING:FORCE_PREPROCESS (LT05_L1TP_181036_19890804_20200916_02_T1) (2649),NFCORE_RANGELAND:RANGELAND:PREPROCESSING:FORCE_PREPROCESS (LT05_L1TP_181036_19890804_20200916_02_T1) (2649),/home/jfechner/workflows/rangeland/nextflow-run/work/57/520fcb80241f2d88a3fc74e31182ce/level2_ard/X0108_Y0103/19890804_LEVEL2_LND05_BOA.tif.lock,3644148,2649
,,0,2024-02-14T11:33:02.53370746Z,2024-03-15T11:33:02.53370746Z,2024-03-14T17:55:26.143445068Z,CREATE,file_event,NFCORE_RANGELAND:RANGELAND:PREPROCESSING:FORCE_PREPROCESS (LT05_L1TP_181036_19890804_20200916_02_T1) (2649),NFCORE_RANGELAND:RANGELAND:PREPROCESSING:FORCE_PREPROCESS (LT05_L1TP_181036_19890804_20200916_02_T1) (2649),/home/jfechner/workflows/rangeland/nextflow-run/work/57/520fcb80241f2d88a3fc74e31182ce/level2_ard/X0108_Y0103/19890804_LEVEL2_LND05_BOA.tif,3644148,2649
,,0,2024-02-14T11:33:02.53370746Z,2024-03-15T11:33:02.53370746Z,2024-03-14T17:55:26.158009547Z,DELETE,file_event,NFCORE_RANGELAND:RANGELAND:PREPROCESSING:FORCE_PREPROCESS (LT05_L1TP_181036_19890804_20200916_02_T1) (2649),NFCORE_RANGELAND:RANGELAND:PREPROCESSING:FORCE_PREPROCESS (LT05_L1TP_181036_19890804_20200916_02_T1) (2649),/home/jfechner/workflows/rangeland/nextflow-run/work/57/520fcb80241f2d88a3fc74e31182ce/level2_ard/X0108_Y0103/19890804_LEVEL2_LND05_BOA.tif.lock,3644148,2649
,,0,2024-02-14T11:33:02.53370746Z,2024-03-15T11:33:02.53370746Z,2024-03-14T17:55:26.160572201Z,CREATE,file_event,NFCORE_RANGELAND:RANGELAND:PREPROCESSING:FORCE_PREPROCESS (LT05_L1TP_181036_19890804_20200916_02_T1) (2649),NFCORE_RANGELAND:RANGELAND:PREPROCESSING:FORCE_PREPROCESS (LT05_L1TP_181036_19890804_20200916_02_T1) (2649),/home/jfechner/workflows/rangeland/nextflow-run/work/57/520fcb80241f2d88a3fc74e31182ce/level2_prov/provenance_20240314.csv.lock,3644148,2649
,,0,2024-02-14T11:33:02.53370746Z,2024-03-15T11:33:02.53370746Z,2024-03-14T17:55:26.163203557Z,DELETE,file_event,NFCORE_RANGELAND:RANGELAND:PREPROCESSING:FORCE_PREPROCESS (LT05_L1TP_181036_19890804_20200916_02_T1) (2649),NFCORE_RANGELAND:RANGELAND:PREPROCESSING:FORCE_PREPROCESS (LT05_L1TP_181036_19890804_20200916_02_T1) (2649),/home/jfechner/workflows/rangeland/nextflow-run/work/57/520fcb80241f2d88a3fc74e31182ce/level2_prov/provenance_20240314.csv.lock,3644148,2649
,,0,2024-02-14T11:33:02.53370746Z,2024-03-15T11:33:02.53370746Z,2024-03-14T17:55:26.165366288Z,CREATE,file_event,NFCORE_RANGELAND:RANGELAND:PREPROCESSING:FORCE_PREPROCESS (LT05_L1TP_181036_19890804_20200916_02_T1) (2649),NFCORE_RANGELAND:RANGELAND:PREPROCESSING:FORCE_PREPROCESS (LT05_L1TP_181036_19890804_20200916_02_T1) (2649),/home/jfechner/workflows/rangeland/nextflow-run/work/57/520fcb80241f2d88a3fc74e31182ce/level2_ard/X0108_Y0103.lock,3644148,2649
,,0,2024-02-14T11:33:02.53370746Z,2024-03-15T11:33:02.53370746Z,2024-03-14T17:55:26.167368114Z,DELETE,file_event,NFCORE_RANGELAND:RANGELAND:PREPROCESSING:FORCE_PREPROCESS (LT05_L1TP_181036_19890804_20200916_02_T1) (2649),NFCORE_RANGELAND:RANGELAND:PREPROCESSING:FORCE_PREPROCESS (LT05_L1TP_181036_19890804_20200916_02_T1) (2649),/home/jfechner/workflows/rangeland/nextflow-run/work/57/520fcb80241f2d88a3fc74e31182ce/level2_ard/X0108_Y0103.lock,3644148,2649
,,0,2024-02-14T11:33:02.53370746Z,2024-03-15T11:33:02.53370746Z,2024-03-14T17:55:26.168843933Z,CREATE,file_event,NFCORE_RANGELAND:RANGELAND:PREPROCESSING:FORCE_PREPROCESS (LT05_L1TP_181036_19890804_20200916_02_T1) (2649),NFCORE_RANGELAND:RANGELAND:PREPROCESSING:FORCE_PREPROCESS (LT05_L1TP_181036_19890804_20200916_02_T1) (2649),/home/jfechner/workflows/rangeland/nextflow-run/work/57/520fcb80241f2d88a3fc74e31182ce/level2_ard/X0108_Y0103/19890804_LEVEL2_LND05_OVV.jpg.lock,3644148,2649
,,0,2024-02-14T11:33:02.53370746Z,2024-03-15T11:33:02.53370746Z,2024-03-14T17:55:26.171112897Z,CREATE,file_event,NFCORE_RANGELAND:RANGELAND:PREPROCESSING:FORCE_PREPROCESS (LT05_L1TP_181036_19890804_20200916_02_T1) (2649),NFCORE_RANGELAND:RANGELAND:PREPROCESSING:FORCE_PREPROCESS (LT05_L1TP_181036_19890804_20200916_02_T1) (2649),/home/jfechner/workflows/rangeland/nextflow-run/work/57/520fcb80241f2d88a3fc74e31182ce/level2_ard/X0108_Y0103/19890804_LEVEL2_LND05_OVV.jpg,3644148,2649
,,0,2024-02-14T11:33:02.53370746Z,2024-03-15T11:33:02.53370746Z,2024-03-14T17:55:26.173459494Z,DELETE,file_event,NFCORE_RANGELAND:RANGELAND:PREPROCESSING:FORCE_PREPROCESS (LT05_L1TP_181036_19890804_20200916_02_T1) (2649),NFCORE_RANGELAND:RANGELAND:PREPROCESSING:FORCE_PREPROCESS (LT05_L1TP_181036_19890804_20200916_02_T1) (2649),/home/jfechner/workflows/rangeland/nextflow-run/work/57/520fcb80241f2d88a3fc74e31182ce/level2_ard/X0108_Y0103/19890804_LEVEL2_LND05_OVV.jpg.lock,3644148,2649
,,0,2024-02-14T11:33:02.53370746Z,2024-03-15T11:33:02.53370746Z,2024-03-14T17:55:26.175021235Z,CREATE,file_event,NFCORE_RANGELAND:RANGELAND:PREPROCESSING:FORCE_PREPROCESS (LT05_L1TP_181036_19890804_20200916_02_T1) (2649),NFCORE_RANGELAND:RANGELAND:PREPROCESSING:FORCE_PREPROCESS (LT05_L1TP_181036_19890804_20200916_02_T1) (2649),/home/jfechner/workflows/rangeland/nextflow-run/work/57/520fcb80241f2d88a3fc74e31182ce/level2_prov/provenance_20240314.csv.lock,3644148,2649
,,0,2024-02-14T11:33:02.53370746Z,2024-03-15T11:33:02.53370746Z,2024-03-14T17:55:26.176761632Z,DELETE,file_event,NFCORE_RANGELAND:RANGELAND:PREPROCESSING:FORCE_PREPROCESS (LT05_L1TP_181036_19890804_20200916_02_T1) (2649),NFCORE_RANGELAND:RANGELAND:PREPROCESSING:FORCE_PREPROCESS (LT05_L1TP_181036_19890804_20200916_02_T1) (2649),/home/jfechner/workflows/rangeland/nextflow-run/work/57/520fcb80241f2d88a3fc74e31182ce/level2_prov/provenance_20240314.csv.lock,3644148,2649
,,0,2024-02-14T11:33:02.53370746Z,2024-03-15T11:33:02.53370746Z,2024-03-14T17:55:26.192377795Z,CREATE,file_event,NFCORE_RANGELAND:RANGELAND:PREPROCESSING:FORCE_PREPROCESS (LT05_L1TP_181036_19890804_20200916_02_T1) (2649),NFCORE_RANGELAND:RANGELAND:PREPROCESSING:FORCE_PREPROCESS (LT05_L1TP_181036_19890804_20200916_02_T1) (2649),/home/jfechner/workflows/rangeland/nextflow-run/work/57/520fcb80241f2d88a3fc74e31182ce/level2_ard/X0109_Y0103.lock,3644148,2649
,,0,2024-02-14T11:33:02.53370746Z,2024-03-15T11:33:02.53370746Z,2024-03-14T17:55:26.195783337Z,CREATE,file_event,NFCORE_RANGELAND:RANGELAND:PREPROCESSING:FORCE_PREPROCESS (LT05_L1TP_181036_19890804_20200916_02_T1) (2649),NFCORE_RANGELAND:RANGELAND:PREPROCESSING:FORCE_PREPROCESS (LT05_L1TP_181036_19890804_20200916_02_T1) (2649),/home/jfechner/workflows/rangeland/nextflow-run/work/57/520fcb80241f2d88a3fc74e31182ce/level2_ard/X0109_Y0103,3644148,2649
,,0,2024-02-14T11:33:02.53370746Z,2024-03-15T11:33:02.53370746Z,2024-03-14T17:55:26.1985998Z,CREATE,file_event,NFCORE_RANGELAND:RANGELAND:PREPROCESSING:FORCE_PREPROCESS (LT05_L1TP_181036_19890804_20200916_02_T1) (2649),NFCORE_RANGELAND:RANGELAND:PREPROCESSING:FORCE_PREPROCESS (LT05_L1TP_181036_19890804_20200916_02_T1) (2649),/home/jfechner/workflows/rangeland/nextflow-run/work/57/520fcb80241f2d88a3fc74e31182ce/level2_ard/X0109_Y0103/19890804_LEVEL2_LND05_QAI.tif,3644148,2649
,,0,2024-02-14T11:33:02.53370746Z,2024-03-15T11:33:02.53370746Z,2024-03-14T17:55:26.201141633Z,CREATE,file_event,NFCORE_RANGELAND:RANGELAND:PREPROCESSING:FORCE_PREPROCESS (LT05_L1TP_181036_19890804_20200916_02_T1) (2649),NFCORE_RANGELAND:RANGELAND:PREPROCESSING:FORCE_PREPROCESS (LT05_L1TP_181036_19890804_20200916_02_T1) (2649),/home/jfechner/workflows/rangeland/nextflow-run/work/57/520fcb80241f2d88a3fc74e31182ce/level2_ard/X0109_Y0103/19890804_LEVEL2_LND05_QAI.tif.lock,3644148,2649
,,0,2024-02-14T11:33:02.53370746Z,2024-03-15T11:33:02.53370746Z,2024-03-14T17:55:26.203774039Z,DELETE,file_event,NFCORE_RANGELAND:RANGELAND:PREPROCESSING:FORCE_PREPROCESS (LT05_L1TP_181036_19890804_20200916_02_T1) (2649),NFCORE_RANGELAND:RANGELAND:PREPROCESSING:FORCE_PREPROCESS (LT05_L1TP_181036_19890804_20200916_02_T1) (2649),/home/jfechner/workflows/rangeland/nextflow-run/work/57/520fcb80241f2d88a3fc74e31182ce/level2_ard/X0109_Y0103.lock,3644148,2649
,,0,2024-02-14T11:33:02.53370746Z,2024-03-15T11:33:02.53370746Z,2024-03-14T17:55:26.206260401Z,CREATE,file_event,NFCORE_RANGELAND:RANGELAND:PREPROCESSING:FORCE_PREPROCESS (LT05_L1TP_181036_19890804_20200916_02_T1) (2649),NFCORE_RANGELAND:RANGELAND:PREPROCESSING:FORCE_PREPROCESS (LT05_L1TP_181036_19890804_20200916_02_T1) (2649),/home/jfechner/workflows/rangeland/nextflow-run/work/57/520fcb80241f2d88a3fc74e31182ce/level2_ard/X0109_Y0103/19890804_LEVEL2_LND05_QAI.tif,3644148,2649
,,0,2024-02-14T11:33:02.53370746Z,2024-03-15T11:33:02.53370746Z,2024-03-14T17:55:26.208098731Z,DELETE,file_event,NFCORE_RANGELAND:RANGELAND:PREPROCESSING:FORCE_PREPROCESS (LT05_L1TP_181036_19890804_20200916_02_T1) (2649),NFCORE_RANGELAND:RANGELAND:PREPROCESSING:FORCE_PREPROCESS (LT05_L1TP_181036_19890804_20200916_02_T1) (2649),/home/jfechner/workflows/rangeland/nextflow-run/work/57/520fcb80241f2d88a3fc74e31182ce/level2_ard/X0109_Y0103/19890804_LEVEL2_LND05_QAI.tif.lock,3644148,2649
,,0,2024-02-14T11:33:02.53370746Z,2024-03-15T11:33:02.53370746Z,2024-03-14T17:55:26.210006464Z,CREATE,file_event,NFCORE_RANGELAND:RANGELAND:PREPROCESSING:FORCE_PREPROCESS (LT05_L1TP_181036_19890804_20200916_02_T1) (2649),NFCORE_RANGELAND:RANGELAND:PREPROCESSING:FORCE_PREPROCESS (LT05_L1TP_181036_19890804_20200916_02_T1) (2649),/home/jfechner/workflows/rangeland/nextflow-run/work/57/520fcb80241f2d88a3fc74e31182ce/level2_prov/provenance_20240314.csv.lock,3644148,2649
,,0,2024-02-14T11:33:02.53370746Z,2024-03-15T11:33:02.53370746Z,2024-03-14T17:55:26.211890216Z,DELETE,file_event,NFCORE_RANGELAND:RANGELAND:PREPROCESSING:FORCE_PREPROCESS (LT05_L1TP_181036_19890804_20200916_02_T1) (2649),NFCORE_RANGELAND:RANGELAND:PREPROCESSING:FORCE_PREPROCESS (LT05_L1TP_181036_19890804_20200916_02_T1) (2649),/home/jfechner/workflows/rangeland/nextflow-run/work/57/520fcb80241f2d88a3fc74e31182ce/level2_prov/provenance_20240314.csv.lock,3644148,2649
,,0,2024-02-14T11:33:02.53370746Z,2024-03-15T11:33:02.53370746Z,2024-03-14T17:55:26.213708926Z,CREATE,file_event,NFCORE_RANGELAND:RANGELAND:PREPROCESSING:FORCE_PREPROCESS (LT05_L1TP_181036_19890804_20200916_02_T1) (2649),NFCORE_RANGELAND:RANGELAND:PREPROCESSING:FORCE_PREPROCESS (LT05_L1TP_181036_19890804_20200916_02_T1) (2649),/home/jfechner/workflows/rangeland/nextflow-run/work/57/520fcb80241f2d88a3fc74e31182ce/level2_ard/X0109_Y0103.lock,3644148,2649
,,0,2024-02-14T11:33:02.53370746Z,2024-03-15T11:33:02.53370746Z,2024-03-14T17:55:26.216117005Z,DELETE,file_event,NFCORE_RANGELAND:RANGELAND:PREPROCESSING:FORCE_PREPROCESS (LT05_L1TP_181036_19890804_20200916_02_T1) (2649),NFCORE_RANGELAND:RANGELAND:PREPROCESSING:FORCE_PREPROCESS (LT05_L1TP_181036_19890804_20200916_02_T1) (2649),/home/jfechner/workflows/rangeland/nextflow-run/work/57/520fcb80241f2d88a3fc74e31182ce/level2_ard/X0109_Y0103.lock,3644148,2649
,,0,2024-02-14T11:33:02.53370746Z,2024-03-15T11:33:02.53370746Z,2024-03-14T17:55:26.218627427Z,CREATE,file_event,NFCORE_RANGELAND:RANGELAND:PREPROCESSING:FORCE_PREPROCESS (LT05_L1TP_181036_19890804_20200916_02_T1) (2649),NFCORE_RANGELAND:RANGELAND:PREPROCESSING:FORCE_PREPROCESS (LT05_L1TP_181036_19890804_20200916_02_T1) (2649),/home/jfechner/workflows/rangeland/nextflow-run/work/57/520fcb80241f2d88a3fc74e31182ce/level2_ard/X0109_Y0103/19890804_LEVEL2_LND05_BOA.tif.lock,3644148,2649
,,0,2024-02-14T11:33:02.53370746Z,2024-03-15T11:33:02.53370746Z,2024-03-14T17:55:26.221663617Z,CREATE,file_event,NFCORE_RANGELAND:RANGELAND:PREPROCESSING:FORCE_PREPROCESS (LT05_L1TP_181036_19890804_20200916_02_T1) (2649),NFCORE_RANGELAND:RANGELAND:PREPROCESSING:FORCE_PREPROCESS (LT05_L1TP_181036_19890804_20200916_02_T1) (2649),/home/jfechner/workflows/rangeland/nextflow-run/work/57/520fcb80241f2d88a3fc74e31182ce/level2_ard/X0109_Y0103/19890804_LEVEL2_LND05_BOA.tif,3644148,2649
,,0,2024-02-14T11:33:02.53370746Z,2024-03-15T11:33:02.53370746Z,2024-03-14T17:55:26.232937777Z,DELETE,file_event,NFCORE_RANGELAND:RANGELAND:PREPROCESSING:FORCE_PREPROCESS (LT05_L1TP_181036_19890804_20200916_02_T1) (2649),NFCORE_RANGELAND:RANGELAND:PREPROCESSING:FORCE_PREPROCESS (LT05_L1TP_181036_19890804_20200916_02_T1) (2649),/home/jfechner/workflows/rangeland/nextflow-run/work/57/520fcb80241f2d88a3fc74e31182ce/level2_ard/X0109_Y0103/19890804_LEVEL2_LND05_BOA.tif.lock,3644148,2649
,,0,2024-02-14T11:33:02.53370746Z,2024-03-15T11:33:02.53370746Z,2024-03-14T17:55:26.235360597Z,CREATE,file_event,NFCORE_RANGELAND:RANGELAND:PREPROCESSING:FORCE_PREPROCESS (LT05_L1TP_181036_19890804_20200916_02_T1) (2649),NFCORE_RANGELAND:RANGELAND:PREPROCESSING:FORCE_PREPROCESS (LT05_L1TP_181036_19890804_20200916_02_T1) (2649),/home/jfechner/workflows/rangeland/nextflow-run/work/57/520fcb80241f2d88a3fc74e31182ce/level2_prov/provenance_20240314.csv.lock,3644148,2649
,,0,2024-02-14T11:33:02.53370746Z,2024-03-15T11:33:02.53370746Z,2024-03-14T17:55:26.237849528Z,DELETE,file_event,NFCORE_RANGELAND:RANGELAND:PREPROCESSING:FORCE_PREPROCESS (LT05_L1TP_181036_19890804_20200916_02_T1) (2649),NFCORE_RANGELAND:RANGELAND:PREPROCESSING:FORCE_PREPROCESS (LT05_L1TP_181036_19890804_20200916_02_T1) (2649),/home/jfechner/workflows/rangeland/nextflow-run/work/57/520fcb80241f2d88a3fc74e31182ce/level2_prov/provenance_20240314.csv.lock,3644148,2649
,,0,2024-02-14T11:33:02.53370746Z,2024-03-15T11:33:02.53370746Z,2024-03-14T17:55:26.24002Z,CREATE,file_event,NFCORE_RANGELAND:RANGELAND:PREPROCESSING:FORCE_PREPROCESS (LT05_L1TP_181036_19890804_20200916_02_T1) (2649),NFCORE_RANGELAND:RANGELAND:PREPROCESSING:FORCE_PREPROCESS (LT05_L1TP_181036_19890804_20200916_02_T1) (2649),/home/jfechner/workflows/rangeland/nextflow-run/work/57/520fcb80241f2d88a3fc74e31182ce/level2_ard/X0109_Y0103.lock,3644148,2649
,,0,2024-02-14T11:33:02.53370746Z,2024-03-15T11:33:02.53370746Z,2024-03-14T17:55:26.242214032Z,DELETE,file_event,NFCORE_RANGELAND:RANGELAND:PREPROCESSING:FORCE_PREPROCESS (LT05_L1TP_181036_19890804_20200916_02_T1) (2649),NFCORE_RANGELAND:RANGELAND:PREPROCESSING:FORCE_PREPROCESS (LT05_L1TP_181036_19890804_20200916_02_T1) (2649),/home/jfechner/workflows/rangeland/nextflow-run/work/57/520fcb80241f2d88a3fc74e31182ce/level2_ard/X0109_Y0103.lock,3644148,2649
,,0,2024-02-14T11:33:02.53370746Z,2024-03-15T11:33:02.53370746Z,2024-03-14T17:55:26.24399357Z,CREATE,file_event,NFCORE_RANGELAND:RANGELAND:PREPROCESSING:FORCE_PREPROCESS (LT05_L1TP_181036_19890804_20200916_02_T1) (2649),NFCORE_RANGELAND:RANGELAND:PREPROCESSING:FORCE_PREPROCESS (LT05_L1TP_181036_19890804_20200916_02_T1) (2649),/home/jfechner/workflows/rangeland/nextflow-run/work/57/520fcb80241f2d88a3fc74e31182ce/level2_ard/X0109_Y0103/19890804_LEVEL2_LND05_OVV.jpg.lock,3644148,2649
,,0,2024-02-14T11:33:02.53370746Z,2024-03-15T11:33:02.53370746Z,2024-03-14T17:55:26.246899346Z,CREATE,file_event,NFCORE_RANGELAND:RANGELAND:PREPROCESSING:FORCE_PREPROCESS (LT05_L1TP_181036_19890804_20200916_02_T1) (2649),NFCORE_RANGELAND:RANGELAND:PREPROCESSING:FORCE_PREPROCESS (LT05_L1TP_181036_19890804_20200916_02_T1) (2649),/home/jfechner/workflows/rangeland/nextflow-run/work/57/520fcb80241f2d88a3fc74e31182ce/level2_ard/X0109_Y0103/19890804_LEVEL2_LND05_OVV.jpg,3644148,2649
,,0,2024-02-14T11:33:02.53370746Z,2024-03-15T11:33:02.53370746Z,2024-03-14T17:55:26.249585734Z,DELETE,file_event,NFCORE_RANGELAND:RANGELAND:PREPROCESSING:FORCE_PREPROCESS (LT05_L1TP_181036_19890804_20200916_02_T1) (2649),NFCORE_RANGELAND:RANGELAND:PREPROCESSING:FORCE_PREPROCESS (LT05_L1TP_181036_19890804_20200916_02_T1) (2649),/home/jfechner/workflows/rangeland/nextflow-run/work/57/520fcb80241f2d88a3fc74e31182ce/level2_ard/X0109_Y0103/19890804_LEVEL2_LND05_OVV.jpg.lock,3644148,2649
,,0,2024-02-14T11:33:02.53370746Z,2024-03-15T11:33:02.53370746Z,2024-03-14T17:55:26.25161335Z,CREATE,file_event,NFCORE_RANGELAND:RANGELAND:PREPROCESSING:FORCE_PREPROCESS (LT05_L1TP_181036_19890804_20200916_02_T1) (2649),NFCORE_RANGELAND:RANGELAND:PREPROCESSING:FORCE_PREPROCESS (LT05_L1TP_181036_19890804_20200916_02_T1) (2649),/home/jfechner/workflows/rangeland/nextflow-run/work/57/520fcb80241f2d88a3fc74e31182ce/level2_prov/provenance_20240314.csv.lock,3644148,2649
,,0,2024-02-14T11:33:02.53370746Z,2024-03-15T11:33:02.53370746Z,2024-03-14T17:55:26.253860264Z,DELETE,file_event,NFCORE_RANGELAND:RANGELAND:PREPROCESSING:FORCE_PREPROCESS (LT05_L1TP_181036_19890804_20200916_02_T1) (2649),NFCORE_RANGELAND:RANGELAND:PREPROCESSING:FORCE_PREPROCESS (LT05_L1TP_181036_19890804_20200916_02_T1) (2649),/home/jfechner/workflows/rangeland/nextflow-run/work/57/520fcb80241f2d88a3fc74e31182ce/level2_prov/provenance_20240314.csv.lock,3644148,2649
,,0,2024-02-14T11:33:02.53370746Z,2024-03-15T11:33:02.53370746Z,2024-03-14T17:55:26.27138494Z,CREATE,file_event,NFCORE_RANGELAND:RANGELAND:PREPROCESSING:FORCE_PREPROCESS (LT05_L1TP_181036_19890804_20200916_02_T1) (2649),NFCORE_RANGELAND:RANGELAND:PREPROCESSING:FORCE_PREPROCESS (LT05_L1TP_181036_19890804_20200916_02_T1) (2649),/home/jfechner/workflows/rangeland/nextflow-run/work/57/520fcb80241f2d88a3fc74e31182ce/level2_ard/X0110_Y0103.lock,3644148,2649
,,0,2024-02-14T11:33:02.53370746Z,2024-03-15T11:33:02.53370746Z,2024-03-14T17:55:26.27503487Z,CREATE,file_event,NFCORE_RANGELAND:RANGELAND:PREPROCESSING:FORCE_PREPROCESS (LT05_L1TP_181036_19890804_20200916_02_T1) (2649),NFCORE_RANGELAND:RANGELAND:PREPROCESSING:FORCE_PREPROCESS (LT05_L1TP_181036_19890804_20200916_02_T1) (2649),/home/jfechner/workflows/rangeland/nextflow-run/work/57/520fcb80241f2d88a3fc74e31182ce/level2_ard/X0110_Y0103,3644148,2649
,,0,2024-02-14T11:33:02.53370746Z,2024-03-15T11:33:02.53370746Z,2024-03-14T17:55:26.27808872Z,CREATE,file_event,NFCORE_RANGELAND:RANGELAND:PREPROCESSING:FORCE_PREPROCESS (LT05_L1TP_181036_19890804_20200916_02_T1) (2649),NFCORE_RANGELAND:RANGELAND:PREPROCESSING:FORCE_PREPROCESS (LT05_L1TP_181036_19890804_20200916_02_T1) (2649),/home/jfechner/workflows/rangeland/nextflow-run/work/57/520fcb80241f2d88a3fc74e31182ce/level2_ard/X0110_Y0103/19890804_LEVEL2_LND05_QAI.tif,3644148,2649
,,0,2024-02-14T11:33:02.53370746Z,2024-03-15T11:33:02.53370746Z,2024-03-14T17:55:26.281005005Z,CREATE,file_event,NFCORE_RANGELAND:RANGELAND:PREPROCESSING:FORCE_PREPROCESS (LT05_L1TP_181036_19890804_20200916_02_T1) (2649),NFCORE_RANGELAND:RANGELAND:PREPROCESSING:FORCE_PREPROCESS (LT05_L1TP_181036_19890804_20200916_02_T1) (2649),/home/jfechner/workflows/rangeland/nextflow-run/work/57/520fcb80241f2d88a3fc74e31182ce/level2_ard/X0110_Y0103/19890804_LEVEL2_LND05_QAI.tif.lock,3644148,2649
,,0,2024-02-14T11:33:02.53370746Z,2024-03-15T11:33:02.53370746Z,2024-03-14T17:55:26.28388308Z,DELETE,file_event,NFCORE_RANGELAND:RANGELAND:PREPROCESSING:FORCE_PREPROCESS (LT05_L1TP_181036_19890804_20200916_02_T1) (2649),NFCORE_RANGELAND:RANGELAND:PREPROCESSING:FORCE_PREPROCESS (LT05_L1TP_181036_19890804_20200916_02_T1) (2649),/home/jfechner/workflows/rangeland/nextflow-run/work/57/520fcb80241f2d88a3fc74e31182ce/level2_ard/X0110_Y0103.lock,3644148,2649
,,0,2024-02-14T11:33:02.53370746Z,2024-03-15T11:33:02.53370746Z,2024-03-14T17:55:26.285434331Z,CREATE,file_event,NFCORE_RANGELAND:RANGELAND:PREPROCESSING:FORCE_PREPROCESS (LT05_L1TP_181036_19890804_20200916_02_T1) (2649),NFCORE_RANGELAND:RANGELAND:PREPROCESSING:FORCE_PREPROCESS (LT05_L1TP_181036_19890804_20200916_02_T1) (2649),/home/jfechner/workflows/rangeland/nextflow-run/work/57/520fcb80241f2d88a3fc74e31182ce/level2_ard/X0110_Y0103/19890804_LEVEL2_LND05_QAI.tif,3644148,2649
,,0,2024-02-14T11:33:02.53370746Z,2024-03-15T11:33:02.53370746Z,2024-03-14T17:55:26.287970525Z,DELETE,file_event,NFCORE_RANGELAND:RANGELAND:PREPROCESSING:FORCE_PREPROCESS (LT05_L1TP_181036_19890804_20200916_02_T1) (2649),NFCORE_RANGELAND:RANGELAND:PREPROCESSING:FORCE_PREPROCESS (LT05_L1TP_181036_19890804_20200916_02_T1) (2649),/home/jfechner/workflows/rangeland/nextflow-run/work/57/520fcb80241f2d88a3fc74e31182ce/level2_ard/X0110_Y0103/19890804_LEVEL2_LND05_QAI.tif.lock,3644148,2649
,,0,2024-02-14T11:33:02.53370746Z,2024-03-15T11:33:02.53370746Z,2024-03-14T17:55:26.290037903Z,CREATE,file_event,NFCORE_RANGELAND:RANGELAND:PREPROCESSING:FORCE_PREPROCESS (LT05_L1TP_181036_19890804_20200916_02_T1) (2649),NFCORE_RANGELAND:RANGELAND:PREPROCESSING:FORCE_PREPROCESS (LT05_L1TP_181036_19890804_20200916_02_T1) (2649),/home/jfechner/workflows/rangeland/nextflow-run/work/57/520fcb80241f2d88a3fc74e31182ce/level2_prov/provenance_20240314.csv.lock,3644148,2649
,,0,2024-02-14T11:33:02.53370746Z,2024-03-15T11:33:02.53370746Z,2024-03-14T17:55:26.292775532Z,DELETE,file_event,NFCORE_RANGELAND:RANGELAND:PREPROCESSING:FORCE_PREPROCESS (LT05_L1TP_181036_19890804_20200916_02_T1) (2649),NFCORE_RANGELAND:RANGELAND:PREPROCESSING:FORCE_PREPROCESS (LT05_L1TP_181036_19890804_20200916_02_T1) (2649),/home/jfechner/workflows/rangeland/nextflow-run/work/57/520fcb80241f2d88a3fc74e31182ce/level2_prov/provenance_20240314.csv.lock,3644148,2649
,,0,2024-02-14T11:33:02.53370746Z,2024-03-15T11:33:02.53370746Z,2024-03-14T17:55:26.295001105Z,CREATE,file_event,NFCORE_RANGELAND:RANGELAND:PREPROCESSING:FORCE_PREPROCESS (LT05_L1TP_181036_19890804_20200916_02_T1) (2649),NFCORE_RANGELAND:RANGELAND:PREPROCESSING:FORCE_PREPROCESS (LT05_L1TP_181036_19890804_20200916_02_T1) (2649),/home/jfechner/workflows/rangeland/nextflow-run/work/57/520fcb80241f2d88a3fc74e31182ce/level2_ard/X0110_Y0103.lock,3644148,2649
,,0,2024-02-14T11:33:02.53370746Z,2024-03-15T11:33:02.53370746Z,2024-03-14T17:55:26.296869287Z,DELETE,file_event,NFCORE_RANGELAND:RANGELAND:PREPROCESSING:FORCE_PREPROCESS (LT05_L1TP_181036_19890804_20200916_02_T1) (2649),NFCORE_RANGELAND:RANGELAND:PREPROCESSING:FORCE_PREPROCESS (LT05_L1TP_181036_19890804_20200916_02_T1) (2649),/home/jfechner/workflows/rangeland/nextflow-run/work/57/520fcb80241f2d88a3fc74e31182ce/level2_ard/X0110_Y0103.lock,3644148,2649
,,0,2024-02-14T11:33:02.53370746Z,2024-03-15T11:33:02.53370746Z,2024-03-14T17:55:26.298413087Z,CREATE,file_event,NFCORE_RANGELAND:RANGELAND:PREPROCESSING:FORCE_PREPROCESS (LT05_L1TP_181036_19890804_20200916_02_T1) (2649),NFCORE_RANGELAND:RANGELAND:PREPROCESSING:FORCE_PREPROCESS (LT05_L1TP_181036_19890804_20200916_02_T1) (2649),/home/jfechner/workflows/rangeland/nextflow-run/work/57/520fcb80241f2d88a3fc74e31182ce/level2_ard/X0110_Y0103/19890804_LEVEL2_LND05_BOA.tif.lock,3644148,2649
,,0,2024-02-14T11:33:02.53370746Z,2024-03-15T11:33:02.53370746Z,2024-03-14T17:55:26.300668572Z,CREATE,file_event,NFCORE_RANGELAND:RANGELAND:PREPROCESSING:FORCE_PREPROCESS (LT05_L1TP_181036_19890804_20200916_02_T1) (2649),NFCORE_RANGELAND:RANGELAND:PREPROCESSING:FORCE_PREPROCESS (LT05_L1TP_181036_19890804_20200916_02_T1) (2649),/home/jfechner/workflows/rangeland/nextflow-run/work/57/520fcb80241f2d88a3fc74e31182ce/level2_ard/X0110_Y0103/19890804_LEVEL2_LND05_BOA.tif,3644148,2649
,,0,2024-02-14T11:33:02.53370746Z,2024-03-15T11:33:02.53370746Z,2024-03-14T17:55:26.313941637Z,DELETE,file_event,NFCORE_RANGELAND:RANGELAND:PREPROCESSING:FORCE_PREPROCESS (LT05_L1TP_181036_19890804_20200916_02_T1) (2649),NFCORE_RANGELAND:RANGELAND:PREPROCESSING:FORCE_PREPROCESS (LT05_L1TP_181036_19890804_20200916_02_T1) (2649),/home/jfechner/workflows/rangeland/nextflow-run/work/57/520fcb80241f2d88a3fc74e31182ce/level2_ard/X0110_Y0103/19890804_LEVEL2_LND05_BOA.tif.lock,3644148,2649
,,0,2024-02-14T11:33:02.53370746Z,2024-03-15T11:33:02.53370746Z,2024-03-14T17:55:26.316811921Z,CREATE,file_event,NFCORE_RANGELAND:RANGELAND:PREPROCESSING:FORCE_PREPROCESS (LT05_L1TP_181036_19890804_20200916_02_T1) (2649),NFCORE_RANGELAND:RANGELAND:PREPROCESSING:FORCE_PREPROCESS (LT05_L1TP_181036_19890804_20200916_02_T1) (2649),/home/jfechner/workflows/rangeland/nextflow-run/work/57/520fcb80241f2d88a3fc74e31182ce/level2_prov/provenance_20240314.csv.lock,3644148,2649
,,0,2024-02-14T11:33:02.53370746Z,2024-03-15T11:33:02.53370746Z,2024-03-14T17:55:26.319182639Z,DELETE,file_event,NFCORE_RANGELAND:RANGELAND:PREPROCESSING:FORCE_PREPROCESS (LT05_L1TP_181036_19890804_20200916_02_T1) (2649),NFCORE_RANGELAND:RANGELAND:PREPROCESSING:FORCE_PREPROCESS (LT05_L1TP_181036_19890804_20200916_02_T1) (2649),/home/jfechner/workflows/rangeland/nextflow-run/work/57/520fcb80241f2d88a3fc74e31182ce/level2_prov/provenance_20240314.csv.lock,3644148,2649
,,0,2024-02-14T11:33:02.53370746Z,2024-03-15T11:33:02.53370746Z,2024-03-14T17:55:26.321755664Z,CREATE,file_event,NFCORE_RANGELAND:RANGELAND:PREPROCESSING:FORCE_PREPROCESS (LT05_L1TP_181036_19890804_20200916_02_T1) (2649),NFCORE_RANGELAND:RANGELAND:PREPROCESSING:FORCE_PREPROCESS (LT05_L1TP_181036_19890804_20200916_02_T1) (2649),/home/jfechner/workflows/rangeland/nextflow-run/work/57/520fcb80241f2d88a3fc74e31182ce/level2_ard/X0110_Y0103.lock,3644148,2649
,,0,2024-02-14T11:33:02.53370746Z,2024-03-15T11:33:02.53370746Z,2024-03-14T17:55:26.323981077Z,DELETE,file_event,NFCORE_RANGELAND:RANGELAND:PREPROCESSING:FORCE_PREPROCESS (LT05_L1TP_181036_19890804_20200916_02_T1) (2649),NFCORE_RANGELAND:RANGELAND:PREPROCESSING:FORCE_PREPROCESS (LT05_L1TP_181036_19890804_20200916_02_T1) (2649),/home/jfechner/workflows/rangeland/nextflow-run/work/57/520fcb80241f2d88a3fc74e31182ce/level2_ard/X0110_Y0103.lock,3644148,2649
,,0,2024-02-14T11:33:02.53370746Z,2024-03-15T11:33:02.53370746Z,2024-03-14T17:55:26.325867879Z,CREATE,file_event,NFCORE_RANGELAND:RANGELAND:PREPROCESSING:FORCE_PREPROCESS (LT05_L1TP_181036_19890804_20200916_02_T1) (2649),NFCORE_RANGELAND:RANGELAND:PREPROCESSING:FORCE_PREPROCESS (LT05_L1TP_181036_19890804_20200916_02_T1) (2649),/home/jfechner/workflows/rangeland/nextflow-run/work/57/520fcb80241f2d88a3fc74e31182ce/level2_ard/X0110_Y0103/19890804_LEVEL2_LND05_OVV.jpg.lock,3644148,2649
,,0,2024-02-14T11:33:02.53370746Z,2024-03-15T11:33:02.53370746Z,2024-03-14T17:55:26.328368411Z,CREATE,file_event,NFCORE_RANGELAND:RANGELAND:PREPROCESSING:FORCE_PREPROCESS (LT05_L1TP_181036_19890804_20200916_02_T1) (2649),NFCORE_RANGELAND:RANGELAND:PREPROCESSING:FORCE_PREPROCESS (LT05_L1TP_181036_19890804_20200916_02_T1) (2649),/home/jfechner/workflows/rangeland/nextflow-run/work/57/520fcb80241f2d88a3fc74e31182ce/level2_ard/X0110_Y0103/19890804_LEVEL2_LND05_OVV.jpg,3644148,2649
,,0,2024-02-14T11:33:02.53370746Z,2024-03-15T11:33:02.53370746Z,2024-03-14T17:55:26.330806081Z,DELETE,file_event,NFCORE_RANGELAND:RANGELAND:PREPROCESSING:FORCE_PREPROCESS (LT05_L1TP_181036_19890804_20200916_02_T1) (2649),NFCORE_RANGELAND:RANGELAND:PREPROCESSING:FORCE_PREPROCESS (LT05_L1TP_181036_19890804_20200916_02_T1) (2649),/home/jfechner/workflows/rangeland/nextflow-run/work/57/520fcb80241f2d88a3fc74e31182ce/level2_ard/X0110_Y0103/19890804_LEVEL2_LND05_OVV.jpg.lock,3644148,2649
,,0,2024-02-14T11:33:02.53370746Z,2024-03-15T11:33:02.53370746Z,2024-03-14T17:55:26.333343135Z,CREATE,file_event,NFCORE_RANGELAND:RANGELAND:PREPROCESSING:FORCE_PREPROCESS (LT05_L1TP_181036_19890804_20200916_02_T1) (2649),NFCORE_RANGELAND:RANGELAND:PREPROCESSING:FORCE_PREPROCESS (LT05_L1TP_181036_19890804_20200916_02_T1) (2649),/home/jfechner/workflows/rangeland/nextflow-run/work/57/520fcb80241f2d88a3fc74e31182ce/level2_prov/provenance_20240314.csv.lock,3644148,2649
,,0,2024-02-14T11:33:02.53370746Z,2024-03-15T11:33:02.53370746Z,2024-03-14T17:55:26.335542577Z,DELETE,file_event,NFCORE_RANGELAND:RANGELAND:PREPROCESSING:FORCE_PREPROCESS (LT05_L1TP_181036_19890804_20200916_02_T1) (2649),NFCORE_RANGELAND:RANGELAND:PREPROCESSING:FORCE_PREPROCESS (LT05_L1TP_181036_19890804_20200916_02_T1) (2649),/home/jfechner/workflows/rangeland/nextflow-run/work/57/520fcb80241f2d88a3fc74e31182ce/level2_prov/provenance_20240314.csv.lock,3644148,2649
,,0,2024-02-14T11:33:02.53370746Z,2024-03-15T11:33:02.53370746Z,2024-03-14T17:55:26.353748495Z,CREATE,file_event,NFCORE_RANGELAND:RANGELAND:PREPROCESSING:FORCE_PREPROCESS (LT05_L1TP_181036_19890804_20200916_02_T1) (2649),NFCORE_RANGELAND:RANGELAND:PREPROCESSING:FORCE_PREPROCESS (LT05_L1TP_181036_19890804_20200916_02_T1) (2649),/home/jfechner/workflows/rangeland/nextflow-run/work/57/520fcb80241f2d88a3fc74e31182ce/level2_ard/X0111_Y0103.lock,3644148,2649
,,0,2024-02-14T11:33:02.53370746Z,2024-03-15T11:33:02.53370746Z,2024-03-14T17:55:26.356825965Z,CREATE,file_event,NFCORE_RANGELAND:RANGELAND:PREPROCESSING:FORCE_PREPROCESS (LT05_L1TP_181036_19890804_20200916_02_T1) (2649),NFCORE_RANGELAND:RANGELAND:PREPROCESSING:FORCE_PREPROCESS (LT05_L1TP_181036_19890804_20200916_02_T1) (2649),/home/jfechner/workflows/rangeland/nextflow-run/work/57/520fcb80241f2d88a3fc74e31182ce/level2_ard/X0111_Y0103,3644148,2649
,,0,2024-02-14T11:33:02.53370746Z,2024-03-15T11:33:02.53370746Z,2024-03-14T17:55:26.359859545Z,CREATE,file_event,NFCORE_RANGELAND:RANGELAND:PREPROCESSING:FORCE_PREPROCESS (LT05_L1TP_181036_19890804_20200916_02_T1) (2649),NFCORE_RANGELAND:RANGELAND:PREPROCESSING:FORCE_PREPROCESS (LT05_L1TP_181036_19890804_20200916_02_T1) (2649),/home/jfechner/workflows/rangeland/nextflow-run/work/57/520fcb80241f2d88a3fc74e31182ce/level2_ard/X0111_Y0103/19890804_LEVEL2_LND05_QAI.tif,3644148,2649
,,0,2024-02-14T11:33:02.53370746Z,2024-03-15T11:33:02.53370746Z,2024-03-14T17:55:26.363163174Z,CREATE,file_event,NFCORE_RANGELAND:RANGELAND:PREPROCESSING:FORCE_PREPROCESS (LT05_L1TP_181036_19890804_20200916_02_T1) (2649),NFCORE_RANGELAND:RANGELAND:PREPROCESSING:FORCE_PREPROCESS (LT05_L1TP_181036_19890804_20200916_02_T1) (2649),/home/jfechner/workflows/rangeland/nextflow-run/work/57/520fcb80241f2d88a3fc74e31182ce/level2_ard/X0111_Y0103/19890804_LEVEL2_LND05_QAI.tif.lock,3644148,2649
,,0,2024-02-14T11:33:02.53370746Z,2024-03-15T11:33:02.53370746Z,2024-03-14T17:55:26.36607814Z,DELETE,file_event,NFCORE_RANGELAND:RANGELAND:PREPROCESSING:FORCE_PREPROCESS (LT05_L1TP_181036_19890804_20200916_02_T1) (2649),NFCORE_RANGELAND:RANGELAND:PREPROCESSING:FORCE_PREPROCESS (LT05_L1TP_181036_19890804_20200916_02_T1) (2649),/home/jfechner/workflows/rangeland/nextflow-run/work/57/520fcb80241f2d88a3fc74e31182ce/level2_ard/X0111_Y0103.lock,3644148,2649
,,0,2024-02-14T11:33:02.53370746Z,2024-03-15T11:33:02.53370746Z,2024-03-14T17:55:26.367957601Z,CREATE,file_event,NFCORE_RANGELAND:RANGELAND:PREPROCESSING:FORCE_PREPROCESS (LT05_L1TP_181036_19890804_20200916_02_T1) (2649),NFCORE_RANGELAND:RANGELAND:PREPROCESSING:FORCE_PREPROCESS (LT05_L1TP_181036_19890804_20200916_02_T1) (2649),/home/jfechner/workflows/rangeland/nextflow-run/work/57/520fcb80241f2d88a3fc74e31182ce/level2_ard/X0111_Y0103/19890804_LEVEL2_LND05_QAI.tif,3644148,2649
,,0,2024-02-14T11:33:02.53370746Z,2024-03-15T11:33:02.53370746Z,2024-03-14T17:55:26.369844533Z,DELETE,file_event,NFCORE_RANGELAND:RANGELAND:PREPROCESSING:FORCE_PREPROCESS (LT05_L1TP_181036_19890804_20200916_02_T1) (2649),NFCORE_RANGELAND:RANGELAND:PREPROCESSING:FORCE_PREPROCESS (LT05_L1TP_181036_19890804_20200916_02_T1) (2649),/home/jfechner/workflows/rangeland/nextflow-run/work/57/520fcb80241f2d88a3fc74e31182ce/level2_ard/X0111_Y0103/19890804_LEVEL2_LND05_QAI.tif.lock,3644148,2649
,,0,2024-02-14T11:33:02.53370746Z,2024-03-15T11:33:02.53370746Z,2024-03-14T17:55:26.371732525Z,CREATE,file_event,NFCORE_RANGELAND:RANGELAND:PREPROCESSING:FORCE_PREPROCESS (LT05_L1TP_181036_19890804_20200916_02_T1) (2649),NFCORE_RANGELAND:RANGELAND:PREPROCESSING:FORCE_PREPROCESS (LT05_L1TP_181036_19890804_20200916_02_T1) (2649),/home/jfechner/workflows/rangeland/nextflow-run/work/57/520fcb80241f2d88a3fc74e31182ce/level2_prov/provenance_20240314.csv.lock,3644148,2649
,,0,2024-02-14T11:33:02.53370746Z,2024-03-15T11:33:02.53370746Z,2024-03-14T17:55:26.37369932Z,DELETE,file_event,NFCORE_RANGELAND:RANGELAND:PREPROCESSING:FORCE_PREPROCESS (LT05_L1TP_181036_19890804_20200916_02_T1) (2649),NFCORE_RANGELAND:RANGELAND:PREPROCESSING:FORCE_PREPROCESS (LT05_L1TP_181036_19890804_20200916_02_T1) (2649),/home/jfechner/workflows/rangeland/nextflow-run/work/57/520fcb80241f2d88a3fc74e31182ce/level2_prov/provenance_20240314.csv.lock,3644148,2649
,,0,2024-02-14T11:33:02.53370746Z,2024-03-15T11:33:02.53370746Z,2024-03-14T17:55:26.375879281Z,CREATE,file_event,NFCORE_RANGELAND:RANGELAND:PREPROCESSING:FORCE_PREPROCESS (LT05_L1TP_181036_19890804_20200916_02_T1) (2649),NFCORE_RANGELAND:RANGELAND:PREPROCESSING:FORCE_PREPROCESS (LT05_L1TP_181036_19890804_20200916_02_T1) (2649),/home/jfechner/workflows/rangeland/nextflow-run/work/57/520fcb80241f2d88a3fc74e31182ce/level2_ard/X0111_Y0103.lock,3644148,2649
,,0,2024-02-14T11:33:02.53370746Z,2024-03-15T11:33:02.53370746Z,2024-03-14T17:55:26.378219368Z,DELETE,file_event,NFCORE_RANGELAND:RANGELAND:PREPROCESSING:FORCE_PREPROCESS (LT05_L1TP_181036_19890804_20200916_02_T1) (2649),NFCORE_RANGELAND:RANGELAND:PREPROCESSING:FORCE_PREPROCESS (LT05_L1TP_181036_19890804_20200916_02_T1) (2649),/home/jfechner/workflows/rangeland/nextflow-run/work/57/520fcb80241f2d88a3fc74e31182ce/level2_ard/X0111_Y0103.lock,3644148,2649
,,0,2024-02-14T11:33:02.53370746Z,2024-03-15T11:33:02.53370746Z,2024-03-14T17:55:26.380517673Z,CREATE,file_event,NFCORE_RANGELAND:RANGELAND:PREPROCESSING:FORCE_PREPROCESS (LT05_L1TP_181036_19890804_20200916_02_T1) (2649),NFCORE_RANGELAND:RANGELAND:PREPROCESSING:FORCE_PREPROCESS (LT05_L1TP_181036_19890804_20200916_02_T1) (2649),/home/jfechner/workflows/rangeland/nextflow-run/work/57/520fcb80241f2d88a3fc74e31182ce/level2_ard/X0111_Y0103/19890804_LEVEL2_LND05_BOA.tif.lock,3644148,2649
,,0,2024-02-14T11:33:02.53370746Z,2024-03-15T11:33:02.53370746Z,2024-03-14T17:55:26.383738489Z,CREATE,file_event,NFCORE_RANGELAND:RANGELAND:PREPROCESSING:FORCE_PREPROCESS (LT05_L1TP_181036_19890804_20200916_02_T1) (2649),NFCORE_RANGELAND:RANGELAND:PREPROCESSING:FORCE_PREPROCESS (LT05_L1TP_181036_19890804_20200916_02_T1) (2649),/home/jfechner/workflows/rangeland/nextflow-run/work/57/520fcb80241f2d88a3fc74e31182ce/level2_ard/X0111_Y0103/19890804_LEVEL2_LND05_BOA.tif,3644148,2649
,,0,2024-02-14T11:33:02.53370746Z,2024-03-15T11:33:02.53370746Z,2024-03-14T17:55:26.396016263Z,DELETE,file_event,NFCORE_RANGELAND:RANGELAND:PREPROCESSING:FORCE_PREPROCESS (LT05_L1TP_181036_19890804_20200916_02_T1) (2649),NFCORE_RANGELAND:RANGELAND:PREPROCESSING:FORCE_PREPROCESS (LT05_L1TP_181036_19890804_20200916_02_T1) (2649),/home/jfechner/workflows/rangeland/nextflow-run/work/57/520fcb80241f2d88a3fc74e31182ce/level2_ard/X0111_Y0103/19890804_LEVEL2_LND05_BOA.tif.lock,3644148,2649
,,0,2024-02-14T11:33:02.53370746Z,2024-03-15T11:33:02.53370746Z,2024-03-14T17:55:26.39744877Z,CREATE,file_event,NFCORE_RANGELAND:RANGELAND:PREPROCESSING:FORCE_PREPROCESS (LT05_L1TP_181036_19890804_20200916_02_T1) (2649),NFCORE_RANGELAND:RANGELAND:PREPROCESSING:FORCE_PREPROCESS (LT05_L1TP_181036_19890804_20200916_02_T1) (2649),/home/jfechner/workflows/rangeland/nextflow-run/work/57/520fcb80241f2d88a3fc74e31182ce/level2_prov/provenance_20240314.csv.lock,3644148,2649
,,0,2024-02-14T11:33:02.53370746Z,2024-03-15T11:33:02.53370746Z,2024-03-14T17:55:26.398784884Z,DELETE,file_event,NFCORE_RANGELAND:RANGELAND:PREPROCESSING:FORCE_PREPROCESS (LT05_L1TP_181036_19890804_20200916_02_T1) (2649),NFCORE_RANGELAND:RANGELAND:PREPROCESSING:FORCE_PREPROCESS (LT05_L1TP_181036_19890804_20200916_02_T1) (2649),/home/jfechner/workflows/rangeland/nextflow-run/work/57/520fcb80241f2d88a3fc74e31182ce/level2_prov/provenance_20240314.csv.lock,3644148,2649
,,0,2024-02-14T11:33:02.53370746Z,2024-03-15T11:33:02.53370746Z,2024-03-14T17:55:26.400533181Z,CREATE,file_event,NFCORE_RANGELAND:RANGELAND:PREPROCESSING:FORCE_PREPROCESS (LT05_L1TP_181036_19890804_20200916_02_T1) (2649),NFCORE_RANGELAND:RANGELAND:PREPROCESSING:FORCE_PREPROCESS (LT05_L1TP_181036_19890804_20200916_02_T1) (2649),/home/jfechner/workflows/rangeland/nextflow-run/work/57/520fcb80241f2d88a3fc74e31182ce/level2_ard/X0111_Y0103.lock,3644148,2649
,,0,2024-02-14T11:33:02.53370746Z,2024-03-15T11:33:02.53370746Z,2024-03-14T17:55:26.402390352Z,DELETE,file_event,NFCORE_RANGELAND:RANGELAND:PREPROCESSING:FORCE_PREPROCESS (LT05_L1TP_181036_19890804_20200916_02_T1) (2649),NFCORE_RANGELAND:RANGELAND:PREPROCESSING:FORCE_PREPROCESS (LT05_L1TP_181036_19890804_20200916_02_T1) (2649),/home/jfechner/workflows/rangeland/nextflow-run/work/57/520fcb80241f2d88a3fc74e31182ce/level2_ard/X0111_Y0103.lock,3644148,2649
,,0,2024-02-14T11:33:02.53370746Z,2024-03-15T11:33:02.53370746Z,2024-03-14T17:55:26.404191251Z,CREATE,file_event,NFCORE_RANGELAND:RANGELAND:PREPROCESSING:FORCE_PREPROCESS (LT05_L1TP_181036_19890804_20200916_02_T1) (2649),NFCORE_RANGELAND:RANGELAND:PREPROCESSING:FORCE_PREPROCESS (LT05_L1TP_181036_19890804_20200916_02_T1) (2649),/home/jfechner/workflows/rangeland/nextflow-run/work/57/520fcb80241f2d88a3fc74e31182ce/level2_ard/X0111_Y0103/19890804_LEVEL2_LND05_OVV.jpg.lock,3644148,2649
,,0,2024-02-14T11:33:02.53370746Z,2024-03-15T11:33:02.53370746Z,2024-03-14T17:55:26.406651012Z,CREATE,file_event,NFCORE_RANGELAND:RANGELAND:PREPROCESSING:FORCE_PREPROCESS (LT05_L1TP_181036_19890804_20200916_02_T1) (2649),NFCORE_RANGELAND:RANGELAND:PREPROCESSING:FORCE_PREPROCESS (LT05_L1TP_181036_19890804_20200916_02_T1) (2649),/home/jfechner/workflows/rangeland/nextflow-run/work/57/520fcb80241f2d88a3fc74e31182ce/level2_ard/X0111_Y0103/19890804_LEVEL2_LND05_OVV.jpg,3644148,2649
,,0,2024-02-14T11:33:02.53370746Z,2024-03-15T11:33:02.53370746Z,2024-03-14T17:55:26.409871128Z,DELETE,file_event,NFCORE_RANGELAND:RANGELAND:PREPROCESSING:FORCE_PREPROCESS (LT05_L1TP_181036_19890804_20200916_02_T1) (2649),NFCORE_RANGELAND:RANGELAND:PREPROCESSING:FORCE_PREPROCESS (LT05_L1TP_181036_19890804_20200916_02_T1) (2649),/home/jfechner/workflows/rangeland/nextflow-run/work/57/520fcb80241f2d88a3fc74e31182ce/level2_ard/X0111_Y0103/19890804_LEVEL2_LND05_OVV.jpg.lock,3644148,2649
,,0,2024-02-14T11:33:02.53370746Z,2024-03-15T11:33:02.53370746Z,2024-03-14T17:55:26.411852213Z,CREATE,file_event,NFCORE_RANGELAND:RANGELAND:PREPROCESSING:FORCE_PREPROCESS (LT05_L1TP_181036_19890804_20200916_02_T1) (2649),NFCORE_RANGELAND:RANGELAND:PREPROCESSING:FORCE_PREPROCESS (LT05_L1TP_181036_19890804_20200916_02_T1) (2649),/home/jfechner/workflows/rangeland/nextflow-run/work/57/520fcb80241f2d88a3fc74e31182ce/level2_prov/provenance_20240314.csv.lock,3644148,2649
,,0,2024-02-14T11:33:02.53370746Z,2024-03-15T11:33:02.53370746Z,2024-03-14T17:55:26.413762985Z,DELETE,file_event,NFCORE_RANGELAND:RANGELAND:PREPROCESSING:FORCE_PREPROCESS (LT05_L1TP_181036_19890804_20200916_02_T1) (2649),NFCORE_RANGELAND:RANGELAND:PREPROCESSING:FORCE_PREPROCESS (LT05_L1TP_181036_19890804_20200916_02_T1) (2649),/home/jfechner/workflows/rangeland/nextflow-run/work/57/520fcb80241f2d88a3fc74e31182ce/level2_prov/provenance_20240314.csv.lock,3644148,2649
,,0,2024-02-14T11:33:02.53370746Z,2024-03-15T11:33:02.53370746Z,2024-03-14T17:55:26.430699022Z,CREATE,file_event,NFCORE_RANGELAND:RANGELAND:PREPROCESSING:FORCE_PREPROCESS (LT05_L1TP_181036_19890804_20200916_02_T1) (2649),NFCORE_RANGELAND:RANGELAND:PREPROCESSING:FORCE_PREPROCESS (LT05_L1TP_181036_19890804_20200916_02_T1) (2649),/home/jfechner/workflows/rangeland/nextflow-run/work/57/520fcb80241f2d88a3fc74e31182ce/level2_ard/X0105_Y0104.lock,3644148,2649
,,0,2024-02-14T11:33:02.53370746Z,2024-03-15T11:33:02.53370746Z,2024-03-14T17:55:26.433782613Z,CREATE,file_event,NFCORE_RANGELAND:RANGELAND:PREPROCESSING:FORCE_PREPROCESS (LT05_L1TP_181036_19890804_20200916_02_T1) (2649),NFCORE_RANGELAND:RANGELAND:PREPROCESSING:FORCE_PREPROCESS (LT05_L1TP_181036_19890804_20200916_02_T1) (2649),/home/jfechner/workflows/rangeland/nextflow-run/work/57/520fcb80241f2d88a3fc74e31182ce/level2_ard/X0105_Y0104,3644148,2649
,,0,2024-02-14T11:33:02.53370746Z,2024-03-15T11:33:02.53370746Z,2024-03-14T17:55:26.437247707Z,CREATE,file_event,NFCORE_RANGELAND:RANGELAND:PREPROCESSING:FORCE_PREPROCESS (LT05_L1TP_181036_19890804_20200916_02_T1) (2649),NFCORE_RANGELAND:RANGELAND:PREPROCESSING:FORCE_PREPROCESS (LT05_L1TP_181036_19890804_20200916_02_T1) (2649),/home/jfechner/workflows/rangeland/nextflow-run/work/57/520fcb80241f2d88a3fc74e31182ce/level2_ard/X0105_Y0104/19890804_LEVEL2_LND05_QAI.tif,3644148,2649
,,0,2024-02-14T11:33:02.53370746Z,2024-03-15T11:33:02.53370746Z,2024-03-14T17:55:26.440662839Z,CREATE,file_event,NFCORE_RANGELAND:RANGELAND:PREPROCESSING:FORCE_PREPROCESS (LT05_L1TP_181036_19890804_20200916_02_T1) (2649),NFCORE_RANGELAND:RANGELAND:PREPROCESSING:FORCE_PREPROCESS (LT05_L1TP_181036_19890804_20200916_02_T1) (2649),/home/jfechner/workflows/rangeland/nextflow-run/work/57/520fcb80241f2d88a3fc74e31182ce/level2_ard/X0105_Y0104/19890804_LEVEL2_LND05_QAI.tif.lock,3644148,2649
,,0,2024-02-14T11:33:02.53370746Z,2024-03-15T11:33:02.53370746Z,2024-03-14T17:55:26.442967935Z,DELETE,file_event,NFCORE_RANGELAND:RANGELAND:PREPROCESSING:FORCE_PREPROCESS (LT05_L1TP_181036_19890804_20200916_02_T1) (2649),NFCORE_RANGELAND:RANGELAND:PREPROCESSING:FORCE_PREPROCESS (LT05_L1TP_181036_19890804_20200916_02_T1) (2649),/home/jfechner/workflows/rangeland/nextflow-run/work/57/520fcb80241f2d88a3fc74e31182ce/level2_ard/X0105_Y0104.lock,3644148,2649
,,0,2024-02-14T11:33:02.53370746Z,2024-03-15T11:33:02.53370746Z,2024-03-14T17:55:26.444496155Z,CREATE,file_event,NFCORE_RANGELAND:RANGELAND:PREPROCESSING:FORCE_PREPROCESS (LT05_L1TP_181036_19890804_20200916_02_T1) (2649),NFCORE_RANGELAND:RANGELAND:PREPROCESSING:FORCE_PREPROCESS (LT05_L1TP_181036_19890804_20200916_02_T1) (2649),/home/jfechner/workflows/rangeland/nextflow-run/work/57/520fcb80241f2d88a3fc74e31182ce/level2_ard/X0105_Y0104/19890804_LEVEL2_LND05_QAI.tif,3644148,2649
,,0,2024-02-14T11:33:02.53370746Z,2024-03-15T11:33:02.53370746Z,2024-03-14T17:55:26.446722678Z,DELETE,file_event,NFCORE_RANGELAND:RANGELAND:PREPROCESSING:FORCE_PREPROCESS (LT05_L1TP_181036_19890804_20200916_02_T1) (2649),NFCORE_RANGELAND:RANGELAND:PREPROCESSING:FORCE_PREPROCESS (LT05_L1TP_181036_19890804_20200916_02_T1) (2649),/home/jfechner/workflows/rangeland/nextflow-run/work/57/520fcb80241f2d88a3fc74e31182ce/level2_ard/X0105_Y0104/19890804_LEVEL2_LND05_QAI.tif.lock,3644148,2649
,,0,2024-02-14T11:33:02.53370746Z,2024-03-15T11:33:02.53370746Z,2024-03-14T17:55:26.450205302Z,CREATE,file_event,NFCORE_RANGELAND:RANGELAND:PREPROCESSING:FORCE_PREPROCESS (LT05_L1TP_181036_19890804_20200916_02_T1) (2649),NFCORE_RANGELAND:RANGELAND:PREPROCESSING:FORCE_PREPROCESS (LT05_L1TP_181036_19890804_20200916_02_T1) (2649),/home/jfechner/workflows/rangeland/nextflow-run/work/57/520fcb80241f2d88a3fc74e31182ce/level2_prov/provenance_20240314.csv.lock,3644148,2649
,,0,2024-02-14T11:33:02.53370746Z,2024-03-15T11:33:02.53370746Z,2024-03-14T17:55:26.452188957Z,DELETE,file_event,NFCORE_RANGELAND:RANGELAND:PREPROCESSING:FORCE_PREPROCESS (LT05_L1TP_181036_19890804_20200916_02_T1) (2649),NFCORE_RANGELAND:RANGELAND:PREPROCESSING:FORCE_PREPROCESS (LT05_L1TP_181036_19890804_20200916_02_T1) (2649),/home/jfechner/workflows/rangeland/nextflow-run/work/57/520fcb80241f2d88a3fc74e31182ce/level2_prov/provenance_20240314.csv.lock,3644148,2649
,,0,2024-02-14T11:33:02.53370746Z,2024-03-15T11:33:02.53370746Z,2024-03-14T17:55:26.4544084Z,CREATE,file_event,NFCORE_RANGELAND:RANGELAND:PREPROCESSING:FORCE_PREPROCESS (LT05_L1TP_181036_19890804_20200916_02_T1) (2649),NFCORE_RANGELAND:RANGELAND:PREPROCESSING:FORCE_PREPROCESS (LT05_L1TP_181036_19890804_20200916_02_T1) (2649),/home/jfechner/workflows/rangeland/nextflow-run/work/57/520fcb80241f2d88a3fc74e31182ce/level2_ard/X0105_Y0104.lock,3644148,2649
,,0,2024-02-14T11:33:02.53370746Z,2024-03-15T11:33:02.53370746Z,2024-03-14T17:55:26.456440747Z,DELETE,file_event,NFCORE_RANGELAND:RANGELAND:PREPROCESSING:FORCE_PREPROCESS (LT05_L1TP_181036_19890804_20200916_02_T1) (2649),NFCORE_RANGELAND:RANGELAND:PREPROCESSING:FORCE_PREPROCESS (LT05_L1TP_181036_19890804_20200916_02_T1) (2649),/home/jfechner/workflows/rangeland/nextflow-run/work/57/520fcb80241f2d88a3fc74e31182ce/level2_ard/X0105_Y0104.lock,3644148,2649
,,0,2024-02-14T11:33:02.53370746Z,2024-03-15T11:33:02.53370746Z,2024-03-14T17:55:26.458515395Z,CREATE,file_event,NFCORE_RANGELAND:RANGELAND:PREPROCESSING:FORCE_PREPROCESS (LT05_L1TP_181036_19890804_20200916_02_T1) (2649),NFCORE_RANGELAND:RANGELAND:PREPROCESSING:FORCE_PREPROCESS (LT05_L1TP_181036_19890804_20200916_02_T1) (2649),/home/jfechner/workflows/rangeland/nextflow-run/work/57/520fcb80241f2d88a3fc74e31182ce/level2_ard/X0105_Y0104/19890804_LEVEL2_LND05_BOA.tif.lock,3644148,2649
,,0,2024-02-14T11:33:02.53370746Z,2024-03-15T11:33:02.53370746Z,2024-03-14T17:55:26.461007607Z,CREATE,file_event,NFCORE_RANGELAND:RANGELAND:PREPROCESSING:FORCE_PREPROCESS (LT05_L1TP_181036_19890804_20200916_02_T1) (2649),NFCORE_RANGELAND:RANGELAND:PREPROCESSING:FORCE_PREPROCESS (LT05_L1TP_181036_19890804_20200916_02_T1) (2649),/home/jfechner/workflows/rangeland/nextflow-run/work/57/520fcb80241f2d88a3fc74e31182ce/level2_ard/X0105_Y0104/19890804_LEVEL2_LND05_BOA.tif,3644148,2649
,,0,2024-02-14T11:33:02.53370746Z,2024-03-15T11:33:02.53370746Z,2024-03-14T17:55:26.463583701Z,DELETE,file_event,NFCORE_RANGELAND:RANGELAND:PREPROCESSING:FORCE_PREPROCESS (LT05_L1TP_181036_19890804_20200916_02_T1) (2649),NFCORE_RANGELAND:RANGELAND:PREPROCESSING:FORCE_PREPROCESS (LT05_L1TP_181036_19890804_20200916_02_T1) (2649),/home/jfechner/workflows/rangeland/nextflow-run/work/57/520fcb80241f2d88a3fc74e31182ce/level2_ard/X0105_Y0104/19890804_LEVEL2_LND05_BOA.tif.lock,3644148,2649
,,0,2024-02-14T11:33:02.53370746Z,2024-03-15T11:33:02.53370746Z,2024-03-14T17:55:26.465262986Z,CREATE,file_event,NFCORE_RANGELAND:RANGELAND:PREPROCESSING:FORCE_PREPROCESS (LT05_L1TP_181036_19890804_20200916_02_T1) (2649),NFCORE_RANGELAND:RANGELAND:PREPROCESSING:FORCE_PREPROCESS (LT05_L1TP_181036_19890804_20200916_02_T1) (2649),/home/jfechner/workflows/rangeland/nextflow-run/work/57/520fcb80241f2d88a3fc74e31182ce/level2_prov/provenance_20240314.csv.lock,3644148,2649
,,0,2024-02-14T11:33:02.53370746Z,2024-03-15T11:33:02.53370746Z,2024-03-14T17:55:26.466949722Z,DELETE,file_event,NFCORE_RANGELAND:RANGELAND:PREPROCESSING:FORCE_PREPROCESS (LT05_L1TP_181036_19890804_20200916_02_T1) (2649),NFCORE_RANGELAND:RANGELAND:PREPROCESSING:FORCE_PREPROCESS (LT05_L1TP_181036_19890804_20200916_02_T1) (2649),/home/jfechner/workflows/rangeland/nextflow-run/work/57/520fcb80241f2d88a3fc74e31182ce/level2_prov/provenance_20240314.csv.lock,3644148,2649
,,0,2024-02-14T11:33:02.53370746Z,2024-03-15T11:33:02.53370746Z,2024-03-14T17:55:26.469271938Z,CREATE,file_event,NFCORE_RANGELAND:RANGELAND:PREPROCESSING:FORCE_PREPROCESS (LT05_L1TP_181036_19890804_20200916_02_T1) (2649),NFCORE_RANGELAND:RANGELAND:PREPROCESSING:FORCE_PREPROCESS (LT05_L1TP_181036_19890804_20200916_02_T1) (2649),/home/jfechner/workflows/rangeland/nextflow-run/work/57/520fcb80241f2d88a3fc74e31182ce/level2_ard/X0105_Y0104.lock,3644148,2649
,,0,2024-02-14T11:33:02.53370746Z,2024-03-15T11:33:02.53370746Z,2024-03-14T17:55:26.471427869Z,DELETE,file_event,NFCORE_RANGELAND:RANGELAND:PREPROCESSING:FORCE_PREPROCESS (LT05_L1TP_181036_19890804_20200916_02_T1) (2649),NFCORE_RANGELAND:RANGELAND:PREPROCESSING:FORCE_PREPROCESS (LT05_L1TP_181036_19890804_20200916_02_T1) (2649),/home/jfechner/workflows/rangeland/nextflow-run/work/57/520fcb80241f2d88a3fc74e31182ce/level2_ard/X0105_Y0104.lock,3644148,2649
,,0,2024-02-14T11:33:02.53370746Z,2024-03-15T11:33:02.53370746Z,2024-03-14T17:55:26.473190747Z,CREATE,file_event,NFCORE_RANGELAND:RANGELAND:PREPROCESSING:FORCE_PREPROCESS (LT05_L1TP_181036_19890804_20200916_02_T1) (2649),NFCORE_RANGELAND:RANGELAND:PREPROCESSING:FORCE_PREPROCESS (LT05_L1TP_181036_19890804_20200916_02_T1) (2649),/home/jfechner/workflows/rangeland/nextflow-run/work/57/520fcb80241f2d88a3fc74e31182ce/level2_ard/X0105_Y0104/19890804_LEVEL2_LND05_OVV.jpg.lock,3644148,2649
,,0,2024-02-14T11:33:02.53370746Z,2024-03-15T11:33:02.53370746Z,2024-03-14T17:55:26.475475442Z,CREATE,file_event,NFCORE_RANGELAND:RANGELAND:PREPROCESSING:FORCE_PREPROCESS (LT05_L1TP_181036_19890804_20200916_02_T1) (2649),NFCORE_RANGELAND:RANGELAND:PREPROCESSING:FORCE_PREPROCESS (LT05_L1TP_181036_19890804_20200916_02_T1) (2649),/home/jfechner/workflows/rangeland/nextflow-run/work/57/520fcb80241f2d88a3fc74e31182ce/level2_ard/X0105_Y0104/19890804_LEVEL2_LND05_OVV.jpg,3644148,2649
,,0,2024-02-14T11:33:02.53370746Z,2024-03-15T11:33:02.53370746Z,2024-03-14T17:55:26.477738226Z,DELETE,file_event,NFCORE_RANGELAND:RANGELAND:PREPROCESSING:FORCE_PREPROCESS (LT05_L1TP_181036_19890804_20200916_02_T1) (2649),NFCORE_RANGELAND:RANGELAND:PREPROCESSING:FORCE_PREPROCESS (LT05_L1TP_181036_19890804_20200916_02_T1) (2649),/home/jfechner/workflows/rangeland/nextflow-run/work/57/520fcb80241f2d88a3fc74e31182ce/level2_ard/X0105_Y0104/19890804_LEVEL2_LND05_OVV.jpg.lock,3644148,2649
,,0,2024-02-14T11:33:02.53370746Z,2024-03-15T11:33:02.53370746Z,2024-03-14T17:55:26.479438572Z,CREATE,file_event,NFCORE_RANGELAND:RANGELAND:PREPROCESSING:FORCE_PREPROCESS (LT05_L1TP_181036_19890804_20200916_02_T1) (2649),NFCORE_RANGELAND:RANGELAND:PREPROCESSING:FORCE_PREPROCESS (LT05_L1TP_181036_19890804_20200916_02_T1) (2649),/home/jfechner/workflows/rangeland/nextflow-run/work/57/520fcb80241f2d88a3fc74e31182ce/level2_prov/provenance_20240314.csv.lock,3644148,2649
,,0,2024-02-14T11:33:02.53370746Z,2024-03-15T11:33:02.53370746Z,2024-03-14T17:55:26.481266642Z,DELETE,file_event,NFCORE_RANGELAND:RANGELAND:PREPROCESSING:FORCE_PREPROCESS (LT05_L1TP_181036_19890804_20200916_02_T1) (2649),NFCORE_RANGELAND:RANGELAND:PREPROCESSING:FORCE_PREPROCESS (LT05_L1TP_181036_19890804_20200916_02_T1) (2649),/home/jfechner/workflows/rangeland/nextflow-run/work/57/520fcb80241f2d88a3fc74e31182ce/level2_prov/provenance_20240314.csv.lock,3644148,2649
,,0,2024-02-14T11:33:02.53370746Z,2024-03-15T11:33:02.53370746Z,2024-03-14T17:55:26.491836719Z,CREATE,file_event,NFCORE_RANGELAND:RANGELAND:PREPROCESSING:FORCE_PREPROCESS (LT05_L1TP_181036_19890804_20200916_02_T1) (2649),NFCORE_RANGELAND:RANGELAND:PREPROCESSING:FORCE_PREPROCESS (LT05_L1TP_181036_19890804_20200916_02_T1) (2649),/home/jfechner/workflows/rangeland/nextflow-run/work/57/520fcb80241f2d88a3fc74e31182ce/level2_ard/X0106_Y0104.lock,3644148,2649
,,0,2024-02-14T11:33:02.53370746Z,2024-03-15T11:33:02.53370746Z,2024-03-14T17:55:26.494799306Z,CREATE,file_event,NFCORE_RANGELAND:RANGELAND:PREPROCESSING:FORCE_PREPROCESS (LT05_L1TP_181036_19890804_20200916_02_T1) (2649),NFCORE_RANGELAND:RANGELAND:PREPROCESSING:FORCE_PREPROCESS (LT05_L1TP_181036_19890804_20200916_02_T1) (2649),/home/jfechner/workflows/rangeland/nextflow-run/work/57/520fcb80241f2d88a3fc74e31182ce/level2_ard/X0106_Y0104,3644148,2649
,,0,2024-02-14T11:33:02.53370746Z,2024-03-15T11:33:02.53370746Z,2024-03-14T17:55:26.497856857Z,CREATE,file_event,NFCORE_RANGELAND:RANGELAND:PREPROCESSING:FORCE_PREPROCESS (LT05_L1TP_181036_19890804_20200916_02_T1) (2649),NFCORE_RANGELAND:RANGELAND:PREPROCESSING:FORCE_PREPROCESS (LT05_L1TP_181036_19890804_20200916_02_T1) (2649),/home/jfechner/workflows/rangeland/nextflow-run/work/57/520fcb80241f2d88a3fc74e31182ce/level2_ard/X0106_Y0104/19890804_LEVEL2_LND05_QAI.tif,3644148,2649
,,0,2024-02-14T11:33:02.53370746Z,2024-03-15T11:33:02.53370746Z,2024-03-14T17:55:26.500718301Z,CREATE,file_event,NFCORE_RANGELAND:RANGELAND:PREPROCESSING:FORCE_PREPROCESS (LT05_L1TP_181036_19890804_20200916_02_T1) (2649),NFCORE_RANGELAND:RANGELAND:PREPROCESSING:FORCE_PREPROCESS (LT05_L1TP_181036_19890804_20200916_02_T1) (2649),/home/jfechner/workflows/rangeland/nextflow-run/work/57/520fcb80241f2d88a3fc74e31182ce/level2_ard/X0106_Y0104/19890804_LEVEL2_LND05_QAI.tif.lock,3644148,2649
,,0,2024-02-14T11:33:02.53370746Z,2024-03-15T11:33:02.53370746Z,2024-03-14T17:55:26.503279095Z,DELETE,file_event,NFCORE_RANGELAND:RANGELAND:PREPROCESSING:FORCE_PREPROCESS (LT05_L1TP_181036_19890804_20200916_02_T1) (2649),NFCORE_RANGELAND:RANGELAND:PREPROCESSING:FORCE_PREPROCESS (LT05_L1TP_181036_19890804_20200916_02_T1) (2649),/home/jfechner/workflows/rangeland/nextflow-run/work/57/520fcb80241f2d88a3fc74e31182ce/level2_ard/X0106_Y0104.lock,3644148,2649
,,0,2024-02-14T11:33:02.53370746Z,2024-03-15T11:33:02.53370746Z,2024-03-14T17:55:26.505075864Z,CREATE,file_event,NFCORE_RANGELAND:RANGELAND:PREPROCESSING:FORCE_PREPROCESS (LT05_L1TP_181036_19890804_20200916_02_T1) (2649),NFCORE_RANGELAND:RANGELAND:PREPROCESSING:FORCE_PREPROCESS (LT05_L1TP_181036_19890804_20200916_02_T1) (2649),/home/jfechner/workflows/rangeland/nextflow-run/work/57/520fcb80241f2d88a3fc74e31182ce/level2_ard/X0106_Y0104/19890804_LEVEL2_LND05_QAI.tif,3644148,2649
,,0,2024-02-14T11:33:02.53370746Z,2024-03-15T11:33:02.53370746Z,2024-03-14T17:55:26.506829882Z,DELETE,file_event,NFCORE_RANGELAND:RANGELAND:PREPROCESSING:FORCE_PREPROCESS (LT05_L1TP_181036_19890804_20200916_02_T1) (2649),NFCORE_RANGELAND:RANGELAND:PREPROCESSING:FORCE_PREPROCESS (LT05_L1TP_181036_19890804_20200916_02_T1) (2649),/home/jfechner/workflows/rangeland/nextflow-run/work/57/520fcb80241f2d88a3fc74e31182ce/level2_ard/X0106_Y0104/19890804_LEVEL2_LND05_QAI.tif.lock,3644148,2649
,,0,2024-02-14T11:33:02.53370746Z,2024-03-15T11:33:02.53370746Z,2024-03-14T17:55:26.508493786Z,CREATE,file_event,NFCORE_RANGELAND:RANGELAND:PREPROCESSING:FORCE_PREPROCESS (LT05_L1TP_181036_19890804_20200916_02_T1) (2649),NFCORE_RANGELAND:RANGELAND:PREPROCESSING:FORCE_PREPROCESS (LT05_L1TP_181036_19890804_20200916_02_T1) (2649),/home/jfechner/workflows/rangeland/nextflow-run/work/57/520fcb80241f2d88a3fc74e31182ce/level2_prov/provenance_20240314.csv.lock,3644148,2649
,,0,2024-02-14T11:33:02.53370746Z,2024-03-15T11:33:02.53370746Z,2024-03-14T17:55:26.510246194Z,DELETE,file_event,NFCORE_RANGELAND:RANGELAND:PREPROCESSING:FORCE_PREPROCESS (LT05_L1TP_181036_19890804_20200916_02_T1) (2649),NFCORE_RANGELAND:RANGELAND:PREPROCESSING:FORCE_PREPROCESS (LT05_L1TP_181036_19890804_20200916_02_T1) (2649),/home/jfechner/workflows/rangeland/nextflow-run/work/57/520fcb80241f2d88a3fc74e31182ce/level2_prov/provenance_20240314.csv.lock,3644148,2649
,,0,2024-02-14T11:33:02.53370746Z,2024-03-15T11:33:02.53370746Z,2024-03-14T17:55:26.511881857Z,CREATE,file_event,NFCORE_RANGELAND:RANGELAND:PREPROCESSING:FORCE_PREPROCESS (LT05_L1TP_181036_19890804_20200916_02_T1) (2649),NFCORE_RANGELAND:RANGELAND:PREPROCESSING:FORCE_PREPROCESS (LT05_L1TP_181036_19890804_20200916_02_T1) (2649),/home/jfechner/workflows/rangeland/nextflow-run/work/57/520fcb80241f2d88a3fc74e31182ce/level2_ard/X0106_Y0104.lock,3644148,2649
,,0,2024-02-14T11:33:02.53370746Z,2024-03-15T11:33:02.53370746Z,2024-03-14T17:55:26.513522891Z,DELETE,file_event,NFCORE_RANGELAND:RANGELAND:PREPROCESSING:FORCE_PREPROCESS (LT05_L1TP_181036_19890804_20200916_02_T1) (2649),NFCORE_RANGELAND:RANGELAND:PREPROCESSING:FORCE_PREPROCESS (LT05_L1TP_181036_19890804_20200916_02_T1) (2649),/home/jfechner/workflows/rangeland/nextflow-run/work/57/520fcb80241f2d88a3fc74e31182ce/level2_ard/X0106_Y0104.lock,3644148,2649
,,0,2024-02-14T11:33:02.53370746Z,2024-03-15T11:33:02.53370746Z,2024-03-14T17:55:26.515165975Z,CREATE,file_event,NFCORE_RANGELAND:RANGELAND:PREPROCESSING:FORCE_PREPROCESS (LT05_L1TP_181036_19890804_20200916_02_T1) (2649),NFCORE_RANGELAND:RANGELAND:PREPROCESSING:FORCE_PREPROCESS (LT05_L1TP_181036_19890804_20200916_02_T1) (2649),/home/jfechner/workflows/rangeland/nextflow-run/work/57/520fcb80241f2d88a3fc74e31182ce/level2_ard/X0106_Y0104/19890804_LEVEL2_LND05_BOA.tif.lock,3644148,2649
,,0,2024-02-14T11:33:02.53370746Z,2024-03-15T11:33:02.53370746Z,2024-03-14T17:55:26.51804082Z,CREATE,file_event,NFCORE_RANGELAND:RANGELAND:PREPROCESSING:FORCE_PREPROCESS (LT05_L1TP_181036_19890804_20200916_02_T1) (2649),NFCORE_RANGELAND:RANGELAND:PREPROCESSING:FORCE_PREPROCESS (LT05_L1TP_181036_19890804_20200916_02_T1) (2649),/home/jfechner/workflows/rangeland/nextflow-run/work/57/520fcb80241f2d88a3fc74e31182ce/level2_ard/X0106_Y0104/19890804_LEVEL2_LND05_BOA.tif,3644148,2649
,,0,2024-02-14T11:33:02.53370746Z,2024-03-15T11:33:02.53370746Z,2024-03-14T17:55:26.535273776Z,DELETE,file_event,NFCORE_RANGELAND:RANGELAND:PREPROCESSING:FORCE_PREPROCESS (LT05_L1TP_181036_19890804_20200916_02_T1) (2649),NFCORE_RANGELAND:RANGELAND:PREPROCESSING:FORCE_PREPROCESS (LT05_L1TP_181036_19890804_20200916_02_T1) (2649),/home/jfechner/workflows/rangeland/nextflow-run/work/57/520fcb80241f2d88a3fc74e31182ce/level2_ard/X0106_Y0104/19890804_LEVEL2_LND05_BOA.tif.lock,3644148,2649
,,0,2024-02-14T11:33:02.53370746Z,2024-03-15T11:33:02.53370746Z,2024-03-14T17:55:26.538103419Z,CREATE,file_event,NFCORE_RANGELAND:RANGELAND:PREPROCESSING:FORCE_PREPROCESS (LT05_L1TP_181036_19890804_20200916_02_T1) (2649),NFCORE_RANGELAND:RANGELAND:PREPROCESSING:FORCE_PREPROCESS (LT05_L1TP_181036_19890804_20200916_02_T1) (2649),/home/jfechner/workflows/rangeland/nextflow-run/work/57/520fcb80241f2d88a3fc74e31182ce/level2_prov/provenance_20240314.csv.lock,3644148,2649
,,0,2024-02-14T11:33:02.53370746Z,2024-03-15T11:33:02.53370746Z,2024-03-14T17:55:26.540086634Z,DELETE,file_event,NFCORE_RANGELAND:RANGELAND:PREPROCESSING:FORCE_PREPROCESS (LT05_L1TP_181036_19890804_20200916_02_T1) (2649),NFCORE_RANGELAND:RANGELAND:PREPROCESSING:FORCE_PREPROCESS (LT05_L1TP_181036_19890804_20200916_02_T1) (2649),/home/jfechner/workflows/rangeland/nextflow-run/work/57/520fcb80241f2d88a3fc74e31182ce/level2_prov/provenance_20240314.csv.lock,3644148,2649
,,0,2024-02-14T11:33:02.53370746Z,2024-03-15T11:33:02.53370746Z,2024-03-14T17:55:26.541637664Z,CREATE,file_event,NFCORE_RANGELAND:RANGELAND:PREPROCESSING:FORCE_PREPROCESS (LT05_L1TP_181036_19890804_20200916_02_T1) (2649),NFCORE_RANGELAND:RANGELAND:PREPROCESSING:FORCE_PREPROCESS (LT05_L1TP_181036_19890804_20200916_02_T1) (2649),/home/jfechner/workflows/rangeland/nextflow-run/work/57/520fcb80241f2d88a3fc74e31182ce/level2_ard/X0106_Y0104.lock,3644148,2649
,,0,2024-02-14T11:33:02.53370746Z,2024-03-15T11:33:02.53370746Z,2024-03-14T17:55:26.543111233Z,DELETE,file_event,NFCORE_RANGELAND:RANGELAND:PREPROCESSING:FORCE_PREPROCESS (LT05_L1TP_181036_19890804_20200916_02_T1) (2649),NFCORE_RANGELAND:RANGELAND:PREPROCESSING:FORCE_PREPROCESS (LT05_L1TP_181036_19890804_20200916_02_T1) (2649),/home/jfechner/workflows/rangeland/nextflow-run/work/57/520fcb80241f2d88a3fc74e31182ce/level2_ard/X0106_Y0104.lock,3644148,2649
,,0,2024-02-14T11:33:02.53370746Z,2024-03-15T11:33:02.53370746Z,2024-03-14T17:55:26.544491268Z,CREATE,file_event,NFCORE_RANGELAND:RANGELAND:PREPROCESSING:FORCE_PREPROCESS (LT05_L1TP_181036_19890804_20200916_02_T1) (2649),NFCORE_RANGELAND:RANGELAND:PREPROCESSING:FORCE_PREPROCESS (LT05_L1TP_181036_19890804_20200916_02_T1) (2649),/home/jfechner/workflows/rangeland/nextflow-run/work/57/520fcb80241f2d88a3fc74e31182ce/level2_ard/X0106_Y0104/19890804_LEVEL2_LND05_OVV.jpg.lock,3644148,2649
,,0,2024-02-14T11:33:02.53370746Z,2024-03-15T11:33:02.53370746Z,2024-03-14T17:55:26.546758773Z,CREATE,file_event,NFCORE_RANGELAND:RANGELAND:PREPROCESSING:FORCE_PREPROCESS (LT05_L1TP_181036_19890804_20200916_02_T1) (2649),NFCORE_RANGELAND:RANGELAND:PREPROCESSING:FORCE_PREPROCESS (LT05_L1TP_181036_19890804_20200916_02_T1) (2649),/home/jfechner/workflows/rangeland/nextflow-run/work/57/520fcb80241f2d88a3fc74e31182ce/level2_ard/X0106_Y0104/19890804_LEVEL2_LND05_OVV.jpg,3644148,2649
,,0,2024-02-14T11:33:02.53370746Z,2024-03-15T11:33:02.53370746Z,2024-03-14T17:55:26.54880047Z,DELETE,file_event,NFCORE_RANGELAND:RANGELAND:PREPROCESSING:FORCE_PREPROCESS (LT05_L1TP_181036_19890804_20200916_02_T1) (2649),NFCORE_RANGELAND:RANGELAND:PREPROCESSING:FORCE_PREPROCESS (LT05_L1TP_181036_19890804_20200916_02_T1) (2649),/home/jfechner/workflows/rangeland/nextflow-run/work/57/520fcb80241f2d88a3fc74e31182ce/level2_ard/X0106_Y0104/19890804_LEVEL2_LND05_OVV.jpg.lock,3644148,2649
,,0,2024-02-14T11:33:02.53370746Z,2024-03-15T11:33:02.53370746Z,2024-03-14T17:55:26.550290429Z,CREATE,file_event,NFCORE_RANGELAND:RANGELAND:PREPROCESSING:FORCE_PREPROCESS (LT05_L1TP_181036_19890804_20200916_02_T1) (2649),NFCORE_RANGELAND:RANGELAND:PREPROCESSING:FORCE_PREPROCESS (LT05_L1TP_181036_19890804_20200916_02_T1) (2649),/home/jfechner/workflows/rangeland/nextflow-run/work/57/520fcb80241f2d88a3fc74e31182ce/level2_prov/provenance_20240314.csv.lock,3644148,2649
,,0,2024-02-14T11:33:02.53370746Z,2024-03-15T11:33:02.53370746Z,2024-03-14T17:55:26.551911292Z,DELETE,file_event,NFCORE_RANGELAND:RANGELAND:PREPROCESSING:FORCE_PREPROCESS (LT05_L1TP_181036_19890804_20200916_02_T1) (2649),NFCORE_RANGELAND:RANGELAND:PREPROCESSING:FORCE_PREPROCESS (LT05_L1TP_181036_19890804_20200916_02_T1) (2649),/home/jfechner/workflows/rangeland/nextflow-run/work/57/520fcb80241f2d88a3fc74e31182ce/level2_prov/provenance_20240314.csv.lock,3644148,2649
,,0,2024-02-14T11:33:02.53370746Z,2024-03-15T11:33:02.53370746Z,2024-03-14T17:55:26.574970699Z,CREATE,file_event,NFCORE_RANGELAND:RANGELAND:PREPROCESSING:FORCE_PREPROCESS (LT05_L1TP_181036_19890804_20200916_02_T1) (2649),NFCORE_RANGELAND:RANGELAND:PREPROCESSING:FORCE_PREPROCESS (LT05_L1TP_181036_19890804_20200916_02_T1) (2649),/home/jfechner/workflows/rangeland/nextflow-run/work/57/520fcb80241f2d88a3fc74e31182ce/level2_ard/X0107_Y0104.lock,3644148,2649
,,0,2024-02-14T11:33:02.53370746Z,2024-03-15T11:33:02.53370746Z,2024-03-14T17:55:26.578262897Z,CREATE,file_event,NFCORE_RANGELAND:RANGELAND:PREPROCESSING:FORCE_PREPROCESS (LT05_L1TP_181036_19890804_20200916_02_T1) (2649),NFCORE_RANGELAND:RANGELAND:PREPROCESSING:FORCE_PREPROCESS (LT05_L1TP_181036_19890804_20200916_02_T1) (2649),/home/jfechner/workflows/rangeland/nextflow-run/work/57/520fcb80241f2d88a3fc74e31182ce/level2_ard/X0107_Y0104,3644148,2649
,,0,2024-02-14T11:33:02.53370746Z,2024-03-15T11:33:02.53370746Z,2024-03-14T17:55:26.582082773Z,CREATE,file_event,NFCORE_RANGELAND:RANGELAND:PREPROCESSING:FORCE_PREPROCESS (LT05_L1TP_181036_19890804_20200916_02_T1) (2649),NFCORE_RANGELAND:RANGELAND:PREPROCESSING:FORCE_PREPROCESS (LT05_L1TP_181036_19890804_20200916_02_T1) (2649),/home/jfechner/workflows/rangeland/nextflow-run/work/57/520fcb80241f2d88a3fc74e31182ce/level2_ard/X0107_Y0104/19890804_LEVEL2_LND05_QAI.tif,3644148,2649
,,0,2024-02-14T11:33:02.53370746Z,2024-03-15T11:33:02.53370746Z,2024-03-14T17:55:26.584667658Z,CREATE,file_event,NFCORE_RANGELAND:RANGELAND:PREPROCESSING:FORCE_PREPROCESS (LT05_L1TP_181036_19890804_20200916_02_T1) (2649),NFCORE_RANGELAND:RANGELAND:PREPROCESSING:FORCE_PREPROCESS (LT05_L1TP_181036_19890804_20200916_02_T1) (2649),/home/jfechner/workflows/rangeland/nextflow-run/work/57/520fcb80241f2d88a3fc74e31182ce/level2_ard/X0107_Y0104/19890804_LEVEL2_LND05_QAI.tif.lock,3644148,2649
,,0,2024-02-14T11:33:02.53370746Z,2024-03-15T11:33:02.53370746Z,2024-03-14T17:55:26.58810166Z,DELETE,file_event,NFCORE_RANGELAND:RANGELAND:PREPROCESSING:FORCE_PREPROCESS (LT05_L1TP_181036_19890804_20200916_02_T1) (2649),NFCORE_RANGELAND:RANGELAND:PREPROCESSING:FORCE_PREPROCESS (LT05_L1TP_181036_19890804_20200916_02_T1) (2649),/home/jfechner/workflows/rangeland/nextflow-run/work/57/520fcb80241f2d88a3fc74e31182ce/level2_ard/X0107_Y0104.lock,3644148,2649
,,0,2024-02-14T11:33:02.53370746Z,2024-03-15T11:33:02.53370746Z,2024-03-14T17:55:26.589966952Z,CREATE,file_event,NFCORE_RANGELAND:RANGELAND:PREPROCESSING:FORCE_PREPROCESS (LT05_L1TP_181036_19890804_20200916_02_T1) (2649),NFCORE_RANGELAND:RANGELAND:PREPROCESSING:FORCE_PREPROCESS (LT05_L1TP_181036_19890804_20200916_02_T1) (2649),/home/jfechner/workflows/rangeland/nextflow-run/work/57/520fcb80241f2d88a3fc74e31182ce/level2_ard/X0107_Y0104/19890804_LEVEL2_LND05_QAI.tif,3644148,2649
,,0,2024-02-14T11:33:02.53370746Z,2024-03-15T11:33:02.53370746Z,2024-03-14T17:55:26.591525813Z,DELETE,file_event,NFCORE_RANGELAND:RANGELAND:PREPROCESSING:FORCE_PREPROCESS (LT05_L1TP_181036_19890804_20200916_02_T1) (2649),NFCORE_RANGELAND:RANGELAND:PREPROCESSING:FORCE_PREPROCESS (LT05_L1TP_181036_19890804_20200916_02_T1) (2649),/home/jfechner/workflows/rangeland/nextflow-run/work/57/520fcb80241f2d88a3fc74e31182ce/level2_ard/X0107_Y0104/19890804_LEVEL2_LND05_QAI.tif.lock,3644148,2649
,,0,2024-02-14T11:33:02.53370746Z,2024-03-15T11:33:02.53370746Z,2024-03-14T17:55:26.593525268Z,CREATE,file_event,NFCORE_RANGELAND:RANGELAND:PREPROCESSING:FORCE_PREPROCESS (LT05_L1TP_181036_19890804_20200916_02_T1) (2649),NFCORE_RANGELAND:RANGELAND:PREPROCESSING:FORCE_PREPROCESS (LT05_L1TP_181036_19890804_20200916_02_T1) (2649),/home/jfechner/workflows/rangeland/nextflow-run/work/57/520fcb80241f2d88a3fc74e31182ce/level2_prov/provenance_20240314.csv.lock,3644148,2649
,,0,2024-02-14T11:33:02.53370746Z,2024-03-15T11:33:02.53370746Z,2024-03-14T17:55:26.595330538Z,DELETE,file_event,NFCORE_RANGELAND:RANGELAND:PREPROCESSING:FORCE_PREPROCESS (LT05_L1TP_181036_19890804_20200916_02_T1) (2649),NFCORE_RANGELAND:RANGELAND:PREPROCESSING:FORCE_PREPROCESS (LT05_L1TP_181036_19890804_20200916_02_T1) (2649),/home/jfechner/workflows/rangeland/nextflow-run/work/57/520fcb80241f2d88a3fc74e31182ce/level2_prov/provenance_20240314.csv.lock,3644148,2649
,,0,2024-02-14T11:33:02.53370746Z,2024-03-15T11:33:02.53370746Z,2024-03-14T17:55:26.597418366Z,CREATE,file_event,NFCORE_RANGELAND:RANGELAND:PREPROCESSING:FORCE_PREPROCESS (LT05_L1TP_181036_19890804_20200916_02_T1) (2649),NFCORE_RANGELAND:RANGELAND:PREPROCESSING:FORCE_PREPROCESS (LT05_L1TP_181036_19890804_20200916_02_T1) (2649),/home/jfechner/workflows/rangeland/nextflow-run/work/57/520fcb80241f2d88a3fc74e31182ce/level2_ard/X0107_Y0104.lock,3644148,2649
,,0,2024-02-14T11:33:02.53370746Z,2024-03-15T11:33:02.53370746Z,2024-03-14T17:55:26.603970971Z,DELETE,file_event,NFCORE_RANGELAND:RANGELAND:PREPROCESSING:FORCE_PREPROCESS (LT05_L1TP_181036_19890804_20200916_02_T1) (2649),NFCORE_RANGELAND:RANGELAND:PREPROCESSING:FORCE_PREPROCESS (LT05_L1TP_181036_19890804_20200916_02_T1) (2649),/home/jfechner/workflows/rangeland/nextflow-run/work/57/520fcb80241f2d88a3fc74e31182ce/level2_ard/X0107_Y0104.lock,3644148,2649
,,0,2024-02-14T11:33:02.53370746Z,2024-03-15T11:33:02.53370746Z,2024-03-14T17:55:26.606253856Z,CREATE,file_event,NFCORE_RANGELAND:RANGELAND:PREPROCESSING:FORCE_PREPROCESS (LT05_L1TP_181036_19890804_20200916_02_T1) (2649),NFCORE_RANGELAND:RANGELAND:PREPROCESSING:FORCE_PREPROCESS (LT05_L1TP_181036_19890804_20200916_02_T1) (2649),/home/jfechner/workflows/rangeland/nextflow-run/work/57/520fcb80241f2d88a3fc74e31182ce/level2_ard/X0107_Y0104/19890804_LEVEL2_LND05_BOA.tif.lock,3644148,2649
,,0,2024-02-14T11:33:02.53370746Z,2024-03-15T11:33:02.53370746Z,2024-03-14T17:55:26.611107756Z,CREATE,file_event,NFCORE_RANGELAND:RANGELAND:PREPROCESSING:FORCE_PREPROCESS (LT05_L1TP_181036_19890804_20200916_02_T1) (2649),NFCORE_RANGELAND:RANGELAND:PREPROCESSING:FORCE_PREPROCESS (LT05_L1TP_181036_19890804_20200916_02_T1) (2649),/home/jfechner/workflows/rangeland/nextflow-run/work/57/520fcb80241f2d88a3fc74e31182ce/level2_ard/X0107_Y0104/19890804_LEVEL2_LND05_BOA.tif,3644148,2649
,,0,2024-02-14T11:33:02.53370746Z,2024-03-15T11:33:02.53370746Z,2024-03-14T17:55:26.617061871Z,DELETE,file_event,NFCORE_RANGELAND:RANGELAND:PREPROCESSING:FORCE_PREPROCESS (LT05_L1TP_181036_19890804_20200916_02_T1) (2649),NFCORE_RANGELAND:RANGELAND:PREPROCESSING:FORCE_PREPROCESS (LT05_L1TP_181036_19890804_20200916_02_T1) (2649),/home/jfechner/workflows/rangeland/nextflow-run/work/57/520fcb80241f2d88a3fc74e31182ce/level2_ard/X0107_Y0104/19890804_LEVEL2_LND05_BOA.tif.lock,3644148,2649
,,0,2024-02-14T11:33:02.53370746Z,2024-03-15T11:33:02.53370746Z,2024-03-14T17:55:26.61884403Z,CREATE,file_event,NFCORE_RANGELAND:RANGELAND:PREPROCESSING:FORCE_PREPROCESS (LT05_L1TP_181036_19890804_20200916_02_T1) (2649),NFCORE_RANGELAND:RANGELAND:PREPROCESSING:FORCE_PREPROCESS (LT05_L1TP_181036_19890804_20200916_02_T1) (2649),/home/jfechner/workflows/rangeland/nextflow-run/work/57/520fcb80241f2d88a3fc74e31182ce/level2_prov/provenance_20240314.csv.lock,3644148,2649
,,0,2024-02-14T11:33:02.53370746Z,2024-03-15T11:33:02.53370746Z,2024-03-14T17:55:26.621477876Z,DELETE,file_event,NFCORE_RANGELAND:RANGELAND:PREPROCESSING:FORCE_PREPROCESS (LT05_L1TP_181036_19890804_20200916_02_T1) (2649),NFCORE_RANGELAND:RANGELAND:PREPROCESSING:FORCE_PREPROCESS (LT05_L1TP_181036_19890804_20200916_02_T1) (2649),/home/jfechner/workflows/rangeland/nextflow-run/work/57/520fcb80241f2d88a3fc74e31182ce/level2_prov/provenance_20240314.csv.lock,3644148,2649
,,0,2024-02-14T11:33:02.53370746Z,2024-03-15T11:33:02.53370746Z,2024-03-14T17:55:26.623659058Z,CREATE,file_event,NFCORE_RANGELAND:RANGELAND:PREPROCESSING:FORCE_PREPROCESS (LT05_L1TP_181036_19890804_20200916_02_T1) (2649),NFCORE_RANGELAND:RANGELAND:PREPROCESSING:FORCE_PREPROCESS (LT05_L1TP_181036_19890804_20200916_02_T1) (2649),/home/jfechner/workflows/rangeland/nextflow-run/work/57/520fcb80241f2d88a3fc74e31182ce/level2_ard/X0107_Y0104.lock,3644148,2649
,,0,2024-02-14T11:33:02.53370746Z,2024-03-15T11:33:02.53370746Z,2024-03-14T17:55:26.626066707Z,DELETE,file_event,NFCORE_RANGELAND:RANGELAND:PREPROCESSING:FORCE_PREPROCESS (LT05_L1TP_181036_19890804_20200916_02_T1) (2649),NFCORE_RANGELAND:RANGELAND:PREPROCESSING:FORCE_PREPROCESS (LT05_L1TP_181036_19890804_20200916_02_T1) (2649),/home/jfechner/workflows/rangeland/nextflow-run/work/57/520fcb80241f2d88a3fc74e31182ce/level2_ard/X0107_Y0104.lock,3644148,2649
,,0,2024-02-14T11:33:02.53370746Z,2024-03-15T11:33:02.53370746Z,2024-03-14T17:55:26.628037862Z,CREATE,file_event,NFCORE_RANGELAND:RANGELAND:PREPROCESSING:FORCE_PREPROCESS (LT05_L1TP_181036_19890804_20200916_02_T1) (2649),NFCORE_RANGELAND:RANGELAND:PREPROCESSING:FORCE_PREPROCESS (LT05_L1TP_181036_19890804_20200916_02_T1) (2649),/home/jfechner/workflows/rangeland/nextflow-run/work/57/520fcb80241f2d88a3fc74e31182ce/level2_ard/X0107_Y0104/19890804_LEVEL2_LND05_OVV.jpg.lock,3644148,2649
,,0,2024-02-14T11:33:02.53370746Z,2024-03-15T11:33:02.53370746Z,2024-03-14T17:55:26.630769592Z,CREATE,file_event,NFCORE_RANGELAND:RANGELAND:PREPROCESSING:FORCE_PREPROCESS (LT05_L1TP_181036_19890804_20200916_02_T1) (2649),NFCORE_RANGELAND:RANGELAND:PREPROCESSING:FORCE_PREPROCESS (LT05_L1TP_181036_19890804_20200916_02_T1) (2649),/home/jfechner/workflows/rangeland/nextflow-run/work/57/520fcb80241f2d88a3fc74e31182ce/level2_ard/X0107_Y0104/19890804_LEVEL2_LND05_OVV.jpg,3644148,2649
,,0,2024-02-14T11:33:02.53370746Z,2024-03-15T11:33:02.53370746Z,2024-03-14T17:55:26.633618855Z,DELETE,file_event,NFCORE_RANGELAND:RANGELAND:PREPROCESSING:FORCE_PREPROCESS (LT05_L1TP_181036_19890804_20200916_02_T1) (2649),NFCORE_RANGELAND:RANGELAND:PREPROCESSING:FORCE_PREPROCESS (LT05_L1TP_181036_19890804_20200916_02_T1) (2649),/home/jfechner/workflows/rangeland/nextflow-run/work/57/520fcb80241f2d88a3fc74e31182ce/level2_ard/X0107_Y0104/19890804_LEVEL2_LND05_OVV.jpg.lock,3644148,2649
,,0,2024-02-14T11:33:02.53370746Z,2024-03-15T11:33:02.53370746Z,2024-03-14T17:55:26.635525058Z,CREATE,file_event,NFCORE_RANGELAND:RANGELAND:PREPROCESSING:FORCE_PREPROCESS (LT05_L1TP_181036_19890804_20200916_02_T1) (2649),NFCORE_RANGELAND:RANGELAND:PREPROCESSING:FORCE_PREPROCESS (LT05_L1TP_181036_19890804_20200916_02_T1) (2649),/home/jfechner/workflows/rangeland/nextflow-run/work/57/520fcb80241f2d88a3fc74e31182ce/level2_prov/provenance_20240314.csv.lock,3644148,2649
,,0,2024-02-14T11:33:02.53370746Z,2024-03-15T11:33:02.53370746Z,2024-03-14T17:55:26.637833583Z,DELETE,file_event,NFCORE_RANGELAND:RANGELAND:PREPROCESSING:FORCE_PREPROCESS (LT05_L1TP_181036_19890804_20200916_02_T1) (2649),NFCORE_RANGELAND:RANGELAND:PREPROCESSING:FORCE_PREPROCESS (LT05_L1TP_181036_19890804_20200916_02_T1) (2649),/home/jfechner/workflows/rangeland/nextflow-run/work/57/520fcb80241f2d88a3fc74e31182ce/level2_prov/provenance_20240314.csv.lock,3644148,2649
,,0,2024-02-14T11:33:02.53370746Z,2024-03-15T11:33:02.53370746Z,2024-03-14T17:55:26.664354924Z,CREATE,file_event,NFCORE_RANGELAND:RANGELAND:PREPROCESSING:FORCE_PREPROCESS (LT05_L1TP_181036_19890804_20200916_02_T1) (2649),NFCORE_RANGELAND:RANGELAND:PREPROCESSING:FORCE_PREPROCESS (LT05_L1TP_181036_19890804_20200916_02_T1) (2649),/home/jfechner/workflows/rangeland/nextflow-run/work/57/520fcb80241f2d88a3fc74e31182ce/level2_ard/X0108_Y0104.lock,3644148,2649
,,0,2024-02-14T11:33:02.53370746Z,2024-03-15T11:33:02.53370746Z,2024-03-14T17:55:26.667144626Z,CREATE,file_event,NFCORE_RANGELAND:RANGELAND:PREPROCESSING:FORCE_PREPROCESS (LT05_L1TP_181036_19890804_20200916_02_T1) (2649),NFCORE_RANGELAND:RANGELAND:PREPROCESSING:FORCE_PREPROCESS (LT05_L1TP_181036_19890804_20200916_02_T1) (2649),/home/jfechner/workflows/rangeland/nextflow-run/work/57/520fcb80241f2d88a3fc74e31182ce/level2_ard/X0108_Y0104,3644148,2649
,,0,2024-02-14T11:33:02.53370746Z,2024-03-15T11:33:02.53370746Z,2024-03-14T17:55:26.6700265Z,CREATE,file_event,NFCORE_RANGELAND:RANGELAND:PREPROCESSING:FORCE_PREPROCESS (LT05_L1TP_181036_19890804_20200916_02_T1) (2649),NFCORE_RANGELAND:RANGELAND:PREPROCESSING:FORCE_PREPROCESS (LT05_L1TP_181036_19890804_20200916_02_T1) (2649),/home/jfechner/workflows/rangeland/nextflow-run/work/57/520fcb80241f2d88a3fc74e31182ce/level2_ard/X0108_Y0104/19890804_LEVEL2_LND05_QAI.tif,3644148,2649
,,0,2024-02-14T11:33:02.53370746Z,2024-03-15T11:33:02.53370746Z,2024-03-14T17:55:26.672882424Z,CREATE,file_event,NFCORE_RANGELAND:RANGELAND:PREPROCESSING:FORCE_PREPROCESS (LT05_L1TP_181036_19890804_20200916_02_T1) (2649),NFCORE_RANGELAND:RANGELAND:PREPROCESSING:FORCE_PREPROCESS (LT05_L1TP_181036_19890804_20200916_02_T1) (2649),/home/jfechner/workflows/rangeland/nextflow-run/work/57/520fcb80241f2d88a3fc74e31182ce/level2_ard/X0108_Y0104/19890804_LEVEL2_LND05_QAI.tif.lock,3644148,2649
,,0,2024-02-14T11:33:02.53370746Z,2024-03-15T11:33:02.53370746Z,2024-03-14T17:55:26.675453649Z,DELETE,file_event,NFCORE_RANGELAND:RANGELAND:PREPROCESSING:FORCE_PREPROCESS (LT05_L1TP_181036_19890804_20200916_02_T1) (2649),NFCORE_RANGELAND:RANGELAND:PREPROCESSING:FORCE_PREPROCESS (LT05_L1TP_181036_19890804_20200916_02_T1) (2649),/home/jfechner/workflows/rangeland/nextflow-run/work/57/520fcb80241f2d88a3fc74e31182ce/level2_ard/X0108_Y0104.lock,3644148,2649
,,0,2024-02-14T11:33:02.53370746Z,2024-03-15T11:33:02.53370746Z,2024-03-14T17:55:26.677339301Z,CREATE,file_event,NFCORE_RANGELAND:RANGELAND:PREPROCESSING:FORCE_PREPROCESS (LT05_L1TP_181036_19890804_20200916_02_T1) (2649),NFCORE_RANGELAND:RANGELAND:PREPROCESSING:FORCE_PREPROCESS (LT05_L1TP_181036_19890804_20200916_02_T1) (2649),/home/jfechner/workflows/rangeland/nextflow-run/work/57/520fcb80241f2d88a3fc74e31182ce/level2_ard/X0108_Y0104/19890804_LEVEL2_LND05_QAI.tif,3644148,2649
,,0,2024-02-14T11:33:02.53370746Z,2024-03-15T11:33:02.53370746Z,2024-03-14T17:55:26.679105589Z,DELETE,file_event,NFCORE_RANGELAND:RANGELAND:PREPROCESSING:FORCE_PREPROCESS (LT05_L1TP_181036_19890804_20200916_02_T1) (2649),NFCORE_RANGELAND:RANGELAND:PREPROCESSING:FORCE_PREPROCESS (LT05_L1TP_181036_19890804_20200916_02_T1) (2649),/home/jfechner/workflows/rangeland/nextflow-run/work/57/520fcb80241f2d88a3fc74e31182ce/level2_ard/X0108_Y0104/19890804_LEVEL2_LND05_QAI.tif.lock,3644148,2649
,,0,2024-02-14T11:33:02.53370746Z,2024-03-15T11:33:02.53370746Z,2024-03-14T17:55:26.680798494Z,CREATE,file_event,NFCORE_RANGELAND:RANGELAND:PREPROCESSING:FORCE_PREPROCESS (LT05_L1TP_181036_19890804_20200916_02_T1) (2649),NFCORE_RANGELAND:RANGELAND:PREPROCESSING:FORCE_PREPROCESS (LT05_L1TP_181036_19890804_20200916_02_T1) (2649),/home/jfechner/workflows/rangeland/nextflow-run/work/57/520fcb80241f2d88a3fc74e31182ce/level2_prov/provenance_20240314.csv.lock,3644148,2649
,,0,2024-02-14T11:33:02.53370746Z,2024-03-15T11:33:02.53370746Z,2024-03-14T17:55:26.682519611Z,DELETE,file_event,NFCORE_RANGELAND:RANGELAND:PREPROCESSING:FORCE_PREPROCESS (LT05_L1TP_181036_19890804_20200916_02_T1) (2649),NFCORE_RANGELAND:RANGELAND:PREPROCESSING:FORCE_PREPROCESS (LT05_L1TP_181036_19890804_20200916_02_T1) (2649),/home/jfechner/workflows/rangeland/nextflow-run/work/57/520fcb80241f2d88a3fc74e31182ce/level2_prov/provenance_20240314.csv.lock,3644148,2649
,,0,2024-02-14T11:33:02.53370746Z,2024-03-15T11:33:02.53370746Z,2024-03-14T17:55:26.684298809Z,CREATE,file_event,NFCORE_RANGELAND:RANGELAND:PREPROCESSING:FORCE_PREPROCESS (LT05_L1TP_181036_19890804_20200916_02_T1) (2649),NFCORE_RANGELAND:RANGELAND:PREPROCESSING:FORCE_PREPROCESS (LT05_L1TP_181036_19890804_20200916_02_T1) (2649),/home/jfechner/workflows/rangeland/nextflow-run/work/57/520fcb80241f2d88a3fc74e31182ce/level2_ard/X0108_Y0104.lock,3644148,2649
,,0,2024-02-14T11:33:02.53370746Z,2024-03-15T11:33:02.53370746Z,2024-03-14T17:55:26.686638066Z,DELETE,file_event,NFCORE_RANGELAND:RANGELAND:PREPROCESSING:FORCE_PREPROCESS (LT05_L1TP_181036_19890804_20200916_02_T1) (2649),NFCORE_RANGELAND:RANGELAND:PREPROCESSING:FORCE_PREPROCESS (LT05_L1TP_181036_19890804_20200916_02_T1) (2649),/home/jfechner/workflows/rangeland/nextflow-run/work/57/520fcb80241f2d88a3fc74e31182ce/level2_ard/X0108_Y0104.lock,3644148,2649
,,0,2024-02-14T11:33:02.53370746Z,2024-03-15T11:33:02.53370746Z,2024-03-14T17:55:26.693349536Z,CREATE,file_event,NFCORE_RANGELAND:RANGELAND:PREPROCESSING:FORCE_PREPROCESS (LT05_L1TP_181036_19890804_20200916_02_T1) (2649),NFCORE_RANGELAND:RANGELAND:PREPROCESSING:FORCE_PREPROCESS (LT05_L1TP_181036_19890804_20200916_02_T1) (2649),/home/jfechner/workflows/rangeland/nextflow-run/work/57/520fcb80241f2d88a3fc74e31182ce/level2_ard/X0108_Y0104/19890804_LEVEL2_LND05_BOA.tif.lock,3644148,2649
,,0,2024-02-14T11:33:02.53370746Z,2024-03-15T11:33:02.53370746Z,2024-03-14T17:55:26.696663095Z,CREATE,file_event,NFCORE_RANGELAND:RANGELAND:PREPROCESSING:FORCE_PREPROCESS (LT05_L1TP_181036_19890804_20200916_02_T1) (2649),NFCORE_RANGELAND:RANGELAND:PREPROCESSING:FORCE_PREPROCESS (LT05_L1TP_181036_19890804_20200916_02_T1) (2649),/home/jfechner/workflows/rangeland/nextflow-run/work/57/520fcb80241f2d88a3fc74e31182ce/level2_ard/X0108_Y0104/19890804_LEVEL2_LND05_BOA.tif,3644148,2649
,,0,2024-02-14T11:33:02.53370746Z,2024-03-15T11:33:02.53370746Z,2024-03-14T17:55:26.707670867Z,DELETE,file_event,NFCORE_RANGELAND:RANGELAND:PREPROCESSING:FORCE_PREPROCESS (LT05_L1TP_181036_19890804_20200916_02_T1) (2649),NFCORE_RANGELAND:RANGELAND:PREPROCESSING:FORCE_PREPROCESS (LT05_L1TP_181036_19890804_20200916_02_T1) (2649),/home/jfechner/workflows/rangeland/nextflow-run/work/57/520fcb80241f2d88a3fc74e31182ce/level2_ard/X0108_Y0104/19890804_LEVEL2_LND05_BOA.tif.lock,3644148,2649
,,0,2024-02-14T11:33:02.53370746Z,2024-03-15T11:33:02.53370746Z,2024-03-14T17:55:26.709609911Z,CREATE,file_event,NFCORE_RANGELAND:RANGELAND:PREPROCESSING:FORCE_PREPROCESS (LT05_L1TP_181036_19890804_20200916_02_T1) (2649),NFCORE_RANGELAND:RANGELAND:PREPROCESSING:FORCE_PREPROCESS (LT05_L1TP_181036_19890804_20200916_02_T1) (2649),/home/jfechner/workflows/rangeland/nextflow-run/work/57/520fcb80241f2d88a3fc74e31182ce/level2_prov/provenance_20240314.csv.lock,3644148,2649
,,0,2024-02-14T11:33:02.53370746Z,2024-03-15T11:33:02.53370746Z,2024-03-14T17:55:26.71172437Z,DELETE,file_event,NFCORE_RANGELAND:RANGELAND:PREPROCESSING:FORCE_PREPROCESS (LT05_L1TP_181036_19890804_20200916_02_T1) (2649),NFCORE_RANGELAND:RANGELAND:PREPROCESSING:FORCE_PREPROCESS (LT05_L1TP_181036_19890804_20200916_02_T1) (2649),/home/jfechner/workflows/rangeland/nextflow-run/work/57/520fcb80241f2d88a3fc74e31182ce/level2_prov/provenance_20240314.csv.lock,3644148,2649
,,0,2024-02-14T11:33:02.53370746Z,2024-03-15T11:33:02.53370746Z,2024-03-14T17:55:26.71355522Z,CREATE,file_event,NFCORE_RANGELAND:RANGELAND:PREPROCESSING:FORCE_PREPROCESS (LT05_L1TP_181036_19890804_20200916_02_T1) (2649),NFCORE_RANGELAND:RANGELAND:PREPROCESSING:FORCE_PREPROCESS (LT05_L1TP_181036_19890804_20200916_02_T1) (2649),/home/jfechner/workflows/rangeland/nextflow-run/work/57/520fcb80241f2d88a3fc74e31182ce/level2_ard/X0108_Y0104.lock,3644148,2649
,,0,2024-02-14T11:33:02.53370746Z,2024-03-15T11:33:02.53370746Z,2024-03-14T17:55:26.715338549Z,DELETE,file_event,NFCORE_RANGELAND:RANGELAND:PREPROCESSING:FORCE_PREPROCESS (LT05_L1TP_181036_19890804_20200916_02_T1) (2649),NFCORE_RANGELAND:RANGELAND:PREPROCESSING:FORCE_PREPROCESS (LT05_L1TP_181036_19890804_20200916_02_T1) (2649),/home/jfechner/workflows/rangeland/nextflow-run/work/57/520fcb80241f2d88a3fc74e31182ce/level2_ard/X0108_Y0104.lock,3644148,2649
,,0,2024-02-14T11:33:02.53370746Z,2024-03-15T11:33:02.53370746Z,2024-03-14T17:55:26.717038394Z,CREATE,file_event,NFCORE_RANGELAND:RANGELAND:PREPROCESSING:FORCE_PREPROCESS (LT05_L1TP_181036_19890804_20200916_02_T1) (2649),NFCORE_RANGELAND:RANGELAND:PREPROCESSING:FORCE_PREPROCESS (LT05_L1TP_181036_19890804_20200916_02_T1) (2649),/home/jfechner/workflows/rangeland/nextflow-run/work/57/520fcb80241f2d88a3fc74e31182ce/level2_ard/X0108_Y0104/19890804_LEVEL2_LND05_OVV.jpg.lock,3644148,2649
,,0,2024-02-14T11:33:02.53370746Z,2024-03-15T11:33:02.53370746Z,2024-03-14T17:55:26.719542027Z,CREATE,file_event,NFCORE_RANGELAND:RANGELAND:PREPROCESSING:FORCE_PREPROCESS (LT05_L1TP_181036_19890804_20200916_02_T1) (2649),NFCORE_RANGELAND:RANGELAND:PREPROCESSING:FORCE_PREPROCESS (LT05_L1TP_181036_19890804_20200916_02_T1) (2649),/home/jfechner/workflows/rangeland/nextflow-run/work/57/520fcb80241f2d88a3fc74e31182ce/level2_ard/X0108_Y0104/19890804_LEVEL2_LND05_OVV.jpg,3644148,2649
,,0,2024-02-14T11:33:02.53370746Z,2024-03-15T11:33:02.53370746Z,2024-03-14T17:55:26.722159183Z,DELETE,file_event,NFCORE_RANGELAND:RANGELAND:PREPROCESSING:FORCE_PREPROCESS (LT05_L1TP_181036_19890804_20200916_02_T1) (2649),NFCORE_RANGELAND:RANGELAND:PREPROCESSING:FORCE_PREPROCESS (LT05_L1TP_181036_19890804_20200916_02_T1) (2649),/home/jfechner/workflows/rangeland/nextflow-run/work/57/520fcb80241f2d88a3fc74e31182ce/level2_ard/X0108_Y0104/19890804_LEVEL2_LND05_OVV.jpg.lock,3644148,2649
,,0,2024-02-14T11:33:02.53370746Z,2024-03-15T11:33:02.53370746Z,2024-03-14T17:55:26.723784896Z,CREATE,file_event,NFCORE_RANGELAND:RANGELAND:PREPROCESSING:FORCE_PREPROCESS (LT05_L1TP_181036_19890804_20200916_02_T1) (2649),NFCORE_RANGELAND:RANGELAND:PREPROCESSING:FORCE_PREPROCESS (LT05_L1TP_181036_19890804_20200916_02_T1) (2649),/home/jfechner/workflows/rangeland/nextflow-run/work/57/520fcb80241f2d88a3fc74e31182ce/level2_prov/provenance_20240314.csv.lock,3644148,2649
,,0,2024-02-14T11:33:02.53370746Z,2024-03-15T11:33:02.53370746Z,2024-03-14T17:55:26.72542418Z,DELETE,file_event,NFCORE_RANGELAND:RANGELAND:PREPROCESSING:FORCE_PREPROCESS (LT05_L1TP_181036_19890804_20200916_02_T1) (2649),NFCORE_RANGELAND:RANGELAND:PREPROCESSING:FORCE_PREPROCESS (LT05_L1TP_181036_19890804_20200916_02_T1) (2649),/home/jfechner/workflows/rangeland/nextflow-run/work/57/520fcb80241f2d88a3fc74e31182ce/level2_prov/provenance_20240314.csv.lock,3644148,2649
,,0,2024-02-14T11:33:02.53370746Z,2024-03-15T11:33:02.53370746Z,2024-03-14T17:55:26.745263881Z,CREATE,file_event,NFCORE_RANGELAND:RANGELAND:PREPROCESSING:FORCE_PREPROCESS (LT05_L1TP_181036_19890804_20200916_02_T1) (2649),NFCORE_RANGELAND:RANGELAND:PREPROCESSING:FORCE_PREPROCESS (LT05_L1TP_181036_19890804_20200916_02_T1) (2649),/home/jfechner/workflows/rangeland/nextflow-run/work/57/520fcb80241f2d88a3fc74e31182ce/level2_ard/X0109_Y0104.lock,3644148,2649
,,0,2024-02-14T11:33:02.53370746Z,2024-03-15T11:33:02.53370746Z,2024-03-14T17:55:26.748409095Z,CREATE,file_event,NFCORE_RANGELAND:RANGELAND:PREPROCESSING:FORCE_PREPROCESS (LT05_L1TP_181036_19890804_20200916_02_T1) (2649),NFCORE_RANGELAND:RANGELAND:PREPROCESSING:FORCE_PREPROCESS (LT05_L1TP_181036_19890804_20200916_02_T1) (2649),/home/jfechner/workflows/rangeland/nextflow-run/work/57/520fcb80241f2d88a3fc74e31182ce/level2_ard/X0109_Y0104,3644148,2649
,,0,2024-02-14T11:33:02.53370746Z,2024-03-15T11:33:02.53370746Z,2024-03-14T17:55:26.751469955Z,CREATE,file_event,NFCORE_RANGELAND:RANGELAND:PREPROCESSING:FORCE_PREPROCESS (LT05_L1TP_181036_19890804_20200916_02_T1) (2649),NFCORE_RANGELAND:RANGELAND:PREPROCESSING:FORCE_PREPROCESS (LT05_L1TP_181036_19890804_20200916_02_T1) (2649),/home/jfechner/workflows/rangeland/nextflow-run/work/57/520fcb80241f2d88a3fc74e31182ce/level2_ard/X0109_Y0104/19890804_LEVEL2_LND05_QAI.tif,3644148,2649
,,0,2024-02-14T11:33:02.53370746Z,2024-03-15T11:33:02.53370746Z,2024-03-14T17:55:26.754114132Z,CREATE,file_event,NFCORE_RANGELAND:RANGELAND:PREPROCESSING:FORCE_PREPROCESS (LT05_L1TP_181036_19890804_20200916_02_T1) (2649),NFCORE_RANGELAND:RANGELAND:PREPROCESSING:FORCE_PREPROCESS (LT05_L1TP_181036_19890804_20200916_02_T1) (2649),/home/jfechner/workflows/rangeland/nextflow-run/work/57/520fcb80241f2d88a3fc74e31182ce/level2_ard/X0109_Y0104/19890804_LEVEL2_LND05_QAI.tif.lock,3644148,2649
,,0,2024-02-14T11:33:02.53370746Z,2024-03-15T11:33:02.53370746Z,2024-03-14T17:55:26.756535301Z,DELETE,file_event,NFCORE_RANGELAND:RANGELAND:PREPROCESSING:FORCE_PREPROCESS (LT05_L1TP_181036_19890804_20200916_02_T1) (2649),NFCORE_RANGELAND:RANGELAND:PREPROCESSING:FORCE_PREPROCESS (LT05_L1TP_181036_19890804_20200916_02_T1) (2649),/home/jfechner/workflows/rangeland/nextflow-run/work/57/520fcb80241f2d88a3fc74e31182ce/level2_ard/X0109_Y0104.lock,3644148,2649
,,0,2024-02-14T11:33:02.53370746Z,2024-03-15T11:33:02.53370746Z,2024-03-14T17:55:26.758282709Z,CREATE,file_event,NFCORE_RANGELAND:RANGELAND:PREPROCESSING:FORCE_PREPROCESS (LT05_L1TP_181036_19890804_20200916_02_T1) (2649),NFCORE_RANGELAND:RANGELAND:PREPROCESSING:FORCE_PREPROCESS (LT05_L1TP_181036_19890804_20200916_02_T1) (2649),/home/jfechner/workflows/rangeland/nextflow-run/work/57/520fcb80241f2d88a3fc74e31182ce/level2_ard/X0109_Y0104/19890804_LEVEL2_LND05_QAI.tif,3644148,2649
,,0,2024-02-14T11:33:02.53370746Z,2024-03-15T11:33:02.53370746Z,2024-03-14T17:55:26.759948784Z,DELETE,file_event,NFCORE_RANGELAND:RANGELAND:PREPROCESSING:FORCE_PREPROCESS (LT05_L1TP_181036_19890804_20200916_02_T1) (2649),NFCORE_RANGELAND:RANGELAND:PREPROCESSING:FORCE_PREPROCESS (LT05_L1TP_181036_19890804_20200916_02_T1) (2649),/home/jfechner/workflows/rangeland/nextflow-run/work/57/520fcb80241f2d88a3fc74e31182ce/level2_ard/X0109_Y0104/19890804_LEVEL2_LND05_QAI.tif.lock,3644148,2649
,,0,2024-02-14T11:33:02.53370746Z,2024-03-15T11:33:02.53370746Z,2024-03-14T17:55:26.761546616Z,CREATE,file_event,NFCORE_RANGELAND:RANGELAND:PREPROCESSING:FORCE_PREPROCESS (LT05_L1TP_181036_19890804_20200916_02_T1) (2649),NFCORE_RANGELAND:RANGELAND:PREPROCESSING:FORCE_PREPROCESS (LT05_L1TP_181036_19890804_20200916_02_T1) (2649),/home/jfechner/workflows/rangeland/nextflow-run/work/57/520fcb80241f2d88a3fc74e31182ce/level2_prov/provenance_20240314.csv.lock,3644148,2649
,,0,2024-02-14T11:33:02.53370746Z,2024-03-15T11:33:02.53370746Z,2024-03-14T17:55:26.765039331Z,DELETE,file_event,NFCORE_RANGELAND:RANGELAND:PREPROCESSING:FORCE_PREPROCESS (LT05_L1TP_181036_19890804_20200916_02_T1) (2649),NFCORE_RANGELAND:RANGELAND:PREPROCESSING:FORCE_PREPROCESS (LT05_L1TP_181036_19890804_20200916_02_T1) (2649),/home/jfechner/workflows/rangeland/nextflow-run/work/57/520fcb80241f2d88a3fc74e31182ce/level2_prov/provenance_20240314.csv.lock,3644148,2649
,,0,2024-02-14T11:33:02.53370746Z,2024-03-15T11:33:02.53370746Z,2024-03-14T17:55:26.767735589Z,CREATE,file_event,NFCORE_RANGELAND:RANGELAND:PREPROCESSING:FORCE_PREPROCESS (LT05_L1TP_181036_19890804_20200916_02_T1) (2649),NFCORE_RANGELAND:RANGELAND:PREPROCESSING:FORCE_PREPROCESS (LT05_L1TP_181036_19890804_20200916_02_T1) (2649),/home/jfechner/workflows/rangeland/nextflow-run/work/57/520fcb80241f2d88a3fc74e31182ce/level2_ard/X0109_Y0104.lock,3644148,2649
,,0,2024-02-14T11:33:02.53370746Z,2024-03-15T11:33:02.53370746Z,2024-03-14T17:55:26.770245932Z,DELETE,file_event,NFCORE_RANGELAND:RANGELAND:PREPROCESSING:FORCE_PREPROCESS (LT05_L1TP_181036_19890804_20200916_02_T1) (2649),NFCORE_RANGELAND:RANGELAND:PREPROCESSING:FORCE_PREPROCESS (LT05_L1TP_181036_19890804_20200916_02_T1) (2649),/home/jfechner/workflows/rangeland/nextflow-run/work/57/520fcb80241f2d88a3fc74e31182ce/level2_ard/X0109_Y0104.lock,3644148,2649
,,0,2024-02-14T11:33:02.53370746Z,2024-03-15T11:33:02.53370746Z,2024-03-14T17:55:26.773078585Z,CREATE,file_event,NFCORE_RANGELAND:RANGELAND:PREPROCESSING:FORCE_PREPROCESS (LT05_L1TP_181036_19890804_20200916_02_T1) (2649),NFCORE_RANGELAND:RANGELAND:PREPROCESSING:FORCE_PREPROCESS (LT05_L1TP_181036_19890804_20200916_02_T1) (2649),/home/jfechner/workflows/rangeland/nextflow-run/work/57/520fcb80241f2d88a3fc74e31182ce/level2_ard/X0109_Y0104/19890804_LEVEL2_LND05_BOA.tif.lock,3644148,2649
,,0,2024-02-14T11:33:02.53370746Z,2024-03-15T11:33:02.53370746Z,2024-03-14T17:55:26.775709261Z,CREATE,file_event,NFCORE_RANGELAND:RANGELAND:PREPROCESSING:FORCE_PREPROCESS (LT05_L1TP_181036_19890804_20200916_02_T1) (2649),NFCORE_RANGELAND:RANGELAND:PREPROCESSING:FORCE_PREPROCESS (LT05_L1TP_181036_19890804_20200916_02_T1) (2649),/home/jfechner/workflows/rangeland/nextflow-run/work/57/520fcb80241f2d88a3fc74e31182ce/level2_ard/X0109_Y0104/19890804_LEVEL2_LND05_BOA.tif,3644148,2649
,,0,2024-02-14T11:33:02.53370746Z,2024-03-15T11:33:02.53370746Z,2024-03-14T17:55:26.784618254Z,DELETE,file_event,NFCORE_RANGELAND:RANGELAND:PREPROCESSING:FORCE_PREPROCESS (LT05_L1TP_181036_19890804_20200916_02_T1) (2649),NFCORE_RANGELAND:RANGELAND:PREPROCESSING:FORCE_PREPROCESS (LT05_L1TP_181036_19890804_20200916_02_T1) (2649),/home/jfechner/workflows/rangeland/nextflow-run/work/57/520fcb80241f2d88a3fc74e31182ce/level2_ard/X0109_Y0104/19890804_LEVEL2_LND05_BOA.tif.lock,3644148,2649
,,0,2024-02-14T11:33:02.53370746Z,2024-03-15T11:33:02.53370746Z,2024-03-14T17:55:26.786183605Z,CREATE,file_event,NFCORE_RANGELAND:RANGELAND:PREPROCESSING:FORCE_PREPROCESS (LT05_L1TP_181036_19890804_20200916_02_T1) (2649),NFCORE_RANGELAND:RANGELAND:PREPROCESSING:FORCE_PREPROCESS (LT05_L1TP_181036_19890804_20200916_02_T1) (2649),/home/jfechner/workflows/rangeland/nextflow-run/work/57/520fcb80241f2d88a3fc74e31182ce/level2_prov/provenance_20240314.csv.lock,3644148,2649
,,0,2024-02-14T11:33:02.53370746Z,2024-03-15T11:33:02.53370746Z,2024-03-14T17:55:26.788179051Z,DELETE,file_event,NFCORE_RANGELAND:RANGELAND:PREPROCESSING:FORCE_PREPROCESS (LT05_L1TP_181036_19890804_20200916_02_T1) (2649),NFCORE_RANGELAND:RANGELAND:PREPROCESSING:FORCE_PREPROCESS (LT05_L1TP_181036_19890804_20200916_02_T1) (2649),/home/jfechner/workflows/rangeland/nextflow-run/work/57/520fcb80241f2d88a3fc74e31182ce/level2_prov/provenance_20240314.csv.lock,3644148,2649
,,0,2024-02-14T11:33:02.53370746Z,2024-03-15T11:33:02.53370746Z,2024-03-14T17:55:26.790041412Z,CREATE,file_event,NFCORE_RANGELAND:RANGELAND:PREPROCESSING:FORCE_PREPROCESS (LT05_L1TP_181036_19890804_20200916_02_T1) (2649),NFCORE_RANGELAND:RANGELAND:PREPROCESSING:FORCE_PREPROCESS (LT05_L1TP_181036_19890804_20200916_02_T1) (2649),/home/jfechner/workflows/rangeland/nextflow-run/work/57/520fcb80241f2d88a3fc74e31182ce/level2_ard/X0109_Y0104.lock,3644148,2649
,,0,2024-02-14T11:33:02.53370746Z,2024-03-15T11:33:02.53370746Z,2024-03-14T17:55:26.792187542Z,DELETE,file_event,NFCORE_RANGELAND:RANGELAND:PREPROCESSING:FORCE_PREPROCESS (LT05_L1TP_181036_19890804_20200916_02_T1) (2649),NFCORE_RANGELAND:RANGELAND:PREPROCESSING:FORCE_PREPROCESS (LT05_L1TP_181036_19890804_20200916_02_T1) (2649),/home/jfechner/workflows/rangeland/nextflow-run/work/57/520fcb80241f2d88a3fc74e31182ce/level2_ard/X0109_Y0104.lock,3644148,2649
,,0,2024-02-14T11:33:02.53370746Z,2024-03-15T11:33:02.53370746Z,2024-03-14T17:55:26.794308362Z,CREATE,file_event,NFCORE_RANGELAND:RANGELAND:PREPROCESSING:FORCE_PREPROCESS (LT05_L1TP_181036_19890804_20200916_02_T1) (2649),NFCORE_RANGELAND:RANGELAND:PREPROCESSING:FORCE_PREPROCESS (LT05_L1TP_181036_19890804_20200916_02_T1) (2649),/home/jfechner/workflows/rangeland/nextflow-run/work/57/520fcb80241f2d88a3fc74e31182ce/level2_ard/X0109_Y0104/19890804_LEVEL2_LND05_OVV.jpg.lock,3644148,2649
,,0,2024-02-14T11:33:02.53370746Z,2024-03-15T11:33:02.53370746Z,2024-03-14T17:55:26.796810304Z,CREATE,file_event,NFCORE_RANGELAND:RANGELAND:PREPROCESSING:FORCE_PREPROCESS (LT05_L1TP_181036_19890804_20200916_02_T1) (2649),NFCORE_RANGELAND:RANGELAND:PREPROCESSING:FORCE_PREPROCESS (LT05_L1TP_181036_19890804_20200916_02_T1) (2649),/home/jfechner/workflows/rangeland/nextflow-run/work/57/520fcb80241f2d88a3fc74e31182ce/level2_ard/X0109_Y0104/19890804_LEVEL2_LND05_OVV.jpg,3644148,2649
,,0,2024-02-14T11:33:02.53370746Z,2024-03-15T11:33:02.53370746Z,2024-03-14T17:55:26.799442461Z,DELETE,file_event,NFCORE_RANGELAND:RANGELAND:PREPROCESSING:FORCE_PREPROCESS (LT05_L1TP_181036_19890804_20200916_02_T1) (2649),NFCORE_RANGELAND:RANGELAND:PREPROCESSING:FORCE_PREPROCESS (LT05_L1TP_181036_19890804_20200916_02_T1) (2649),/home/jfechner/workflows/rangeland/nextflow-run/work/57/520fcb80241f2d88a3fc74e31182ce/level2_ard/X0109_Y0104/19890804_LEVEL2_LND05_OVV.jpg.lock,3644148,2649
,,0,2024-02-14T11:33:02.53370746Z,2024-03-15T11:33:02.53370746Z,2024-03-14T17:55:26.801448566Z,CREATE,file_event,NFCORE_RANGELAND:RANGELAND:PREPROCESSING:FORCE_PREPROCESS (LT05_L1TP_181036_19890804_20200916_02_T1) (2649),NFCORE_RANGELAND:RANGELAND:PREPROCESSING:FORCE_PREPROCESS (LT05_L1TP_181036_19890804_20200916_02_T1) (2649),/home/jfechner/workflows/rangeland/nextflow-run/work/57/520fcb80241f2d88a3fc74e31182ce/level2_prov/provenance_20240314.csv.lock,3644148,2649
,,0,2024-02-14T11:33:02.53370746Z,2024-03-15T11:33:02.53370746Z,2024-03-14T17:55:26.803327518Z,DELETE,file_event,NFCORE_RANGELAND:RANGELAND:PREPROCESSING:FORCE_PREPROCESS (LT05_L1TP_181036_19890804_20200916_02_T1) (2649),NFCORE_RANGELAND:RANGELAND:PREPROCESSING:FORCE_PREPROCESS (LT05_L1TP_181036_19890804_20200916_02_T1) (2649),/home/jfechner/workflows/rangeland/nextflow-run/work/57/520fcb80241f2d88a3fc74e31182ce/level2_prov/provenance_20240314.csv.lock,3644148,2649
,,0,2024-02-14T11:33:02.53370746Z,2024-03-15T11:33:02.53370746Z,2024-03-14T17:55:26.818824867Z,CREATE,file_event,NFCORE_RANGELAND:RANGELAND:PREPROCESSING:FORCE_PREPROCESS (LT05_L1TP_181036_19890804_20200916_02_T1) (2649),NFCORE_RANGELAND:RANGELAND:PREPROCESSING:FORCE_PREPROCESS (LT05_L1TP_181036_19890804_20200916_02_T1) (2649),/home/jfechner/workflows/rangeland/nextflow-run/work/57/520fcb80241f2d88a3fc74e31182ce/level2_ard/X0110_Y0104.lock,3644148,2649
,,0,2024-02-14T11:33:02.53370746Z,2024-03-15T11:33:02.53370746Z,2024-03-14T17:55:26.821712712Z,CREATE,file_event,NFCORE_RANGELAND:RANGELAND:PREPROCESSING:FORCE_PREPROCESS (LT05_L1TP_181036_19890804_20200916_02_T1) (2649),NFCORE_RANGELAND:RANGELAND:PREPROCESSING:FORCE_PREPROCESS (LT05_L1TP_181036_19890804_20200916_02_T1) (2649),/home/jfechner/workflows/rangeland/nextflow-run/work/57/520fcb80241f2d88a3fc74e31182ce/level2_ard/X0110_Y0104,3644148,2649
,,0,2024-02-14T11:33:02.53370746Z,2024-03-15T11:33:02.53370746Z,2024-03-14T17:55:26.824730641Z,CREATE,file_event,NFCORE_RANGELAND:RANGELAND:PREPROCESSING:FORCE_PREPROCESS (LT05_L1TP_181036_19890804_20200916_02_T1) (2649),NFCORE_RANGELAND:RANGELAND:PREPROCESSING:FORCE_PREPROCESS (LT05_L1TP_181036_19890804_20200916_02_T1) (2649),/home/jfechner/workflows/rangeland/nextflow-run/work/57/520fcb80241f2d88a3fc74e31182ce/level2_ard/X0110_Y0104/19890804_LEVEL2_LND05_QAI.tif,3644148,2649
,,0,2024-02-14T11:33:02.53370746Z,2024-03-15T11:33:02.53370746Z,2024-03-14T17:55:26.82742646Z,CREATE,file_event,NFCORE_RANGELAND:RANGELAND:PREPROCESSING:FORCE_PREPROCESS (LT05_L1TP_181036_19890804_20200916_02_T1) (2649),NFCORE_RANGELAND:RANGELAND:PREPROCESSING:FORCE_PREPROCESS (LT05_L1TP_181036_19890804_20200916_02_T1) (2649),/home/jfechner/workflows/rangeland/nextflow-run/work/57/520fcb80241f2d88a3fc74e31182ce/level2_ard/X0110_Y0104/19890804_LEVEL2_LND05_QAI.tif.lock,3644148,2649
,,0,2024-02-14T11:33:02.53370746Z,2024-03-15T11:33:02.53370746Z,2024-03-14T17:55:26.829971323Z,DELETE,file_event,NFCORE_RANGELAND:RANGELAND:PREPROCESSING:FORCE_PREPROCESS (LT05_L1TP_181036_19890804_20200916_02_T1) (2649),NFCORE_RANGELAND:RANGELAND:PREPROCESSING:FORCE_PREPROCESS (LT05_L1TP_181036_19890804_20200916_02_T1) (2649),/home/jfechner/workflows/rangeland/nextflow-run/work/57/520fcb80241f2d88a3fc74e31182ce/level2_ard/X0110_Y0104.lock,3644148,2649
,,0,2024-02-14T11:33:02.53370746Z,2024-03-15T11:33:02.53370746Z,2024-03-14T17:55:26.831870125Z,CREATE,file_event,NFCORE_RANGELAND:RANGELAND:PREPROCESSING:FORCE_PREPROCESS (LT05_L1TP_181036_19890804_20200916_02_T1) (2649),NFCORE_RANGELAND:RANGELAND:PREPROCESSING:FORCE_PREPROCESS (LT05_L1TP_181036_19890804_20200916_02_T1) (2649),/home/jfechner/workflows/rangeland/nextflow-run/work/57/520fcb80241f2d88a3fc74e31182ce/level2_ard/X0110_Y0104/19890804_LEVEL2_LND05_QAI.tif,3644148,2649
,,0,2024-02-14T11:33:02.53370746Z,2024-03-15T11:33:02.53370746Z,2024-03-14T17:55:26.833586822Z,DELETE,file_event,NFCORE_RANGELAND:RANGELAND:PREPROCESSING:FORCE_PREPROCESS (LT05_L1TP_181036_19890804_20200916_02_T1) (2649),NFCORE_RANGELAND:RANGELAND:PREPROCESSING:FORCE_PREPROCESS (LT05_L1TP_181036_19890804_20200916_02_T1) (2649),/home/jfechner/workflows/rangeland/nextflow-run/work/57/520fcb80241f2d88a3fc74e31182ce/level2_ard/X0110_Y0104/19890804_LEVEL2_LND05_QAI.tif.lock,3644148,2649
,,0,2024-02-14T11:33:02.53370746Z,2024-03-15T11:33:02.53370746Z,2024-03-14T17:55:26.835304478Z,CREATE,file_event,NFCORE_RANGELAND:RANGELAND:PREPROCESSING:FORCE_PREPROCESS (LT05_L1TP_181036_19890804_20200916_02_T1) (2649),NFCORE_RANGELAND:RANGELAND:PREPROCESSING:FORCE_PREPROCESS (LT05_L1TP_181036_19890804_20200916_02_T1) (2649),/home/jfechner/workflows/rangeland/nextflow-run/work/57/520fcb80241f2d88a3fc74e31182ce/level2_prov/provenance_20240314.csv.lock,3644148,2649
,,0,2024-02-14T11:33:02.53370746Z,2024-03-15T11:33:02.53370746Z,2024-03-14T17:55:26.837074046Z,DELETE,file_event,NFCORE_RANGELAND:RANGELAND:PREPROCESSING:FORCE_PREPROCESS (LT05_L1TP_181036_19890804_20200916_02_T1) (2649),NFCORE_RANGELAND:RANGELAND:PREPROCESSING:FORCE_PREPROCESS (LT05_L1TP_181036_19890804_20200916_02_T1) (2649),/home/jfechner/workflows/rangeland/nextflow-run/work/57/520fcb80241f2d88a3fc74e31182ce/level2_prov/provenance_20240314.csv.lock,3644148,2649
,,0,2024-02-14T11:33:02.53370746Z,2024-03-15T11:33:02.53370746Z,2024-03-14T17:55:26.838871976Z,CREATE,file_event,NFCORE_RANGELAND:RANGELAND:PREPROCESSING:FORCE_PREPROCESS (LT05_L1TP_181036_19890804_20200916_02_T1) (2649),NFCORE_RANGELAND:RANGELAND:PREPROCESSING:FORCE_PREPROCESS (LT05_L1TP_181036_19890804_20200916_02_T1) (2649),/home/jfechner/workflows/rangeland/nextflow-run/work/57/520fcb80241f2d88a3fc74e31182ce/level2_ard/X0110_Y0104.lock,3644148,2649
,,0,2024-02-14T11:33:02.53370746Z,2024-03-15T11:33:02.53370746Z,2024-03-14T17:55:26.840641034Z,DELETE,file_event,NFCORE_RANGELAND:RANGELAND:PREPROCESSING:FORCE_PREPROCESS (LT05_L1TP_181036_19890804_20200916_02_T1) (2649),NFCORE_RANGELAND:RANGELAND:PREPROCESSING:FORCE_PREPROCESS (LT05_L1TP_181036_19890804_20200916_02_T1) (2649),/home/jfechner/workflows/rangeland/nextflow-run/work/57/520fcb80241f2d88a3fc74e31182ce/level2_ard/X0110_Y0104.lock,3644148,2649
,,0,2024-02-14T11:33:02.53370746Z,2024-03-15T11:33:02.53370746Z,2024-03-14T17:55:26.842469274Z,CREATE,file_event,NFCORE_RANGELAND:RANGELAND:PREPROCESSING:FORCE_PREPROCESS (LT05_L1TP_181036_19890804_20200916_02_T1) (2649),NFCORE_RANGELAND:RANGELAND:PREPROCESSING:FORCE_PREPROCESS (LT05_L1TP_181036_19890804_20200916_02_T1) (2649),/home/jfechner/workflows/rangeland/nextflow-run/work/57/520fcb80241f2d88a3fc74e31182ce/level2_ard/X0110_Y0104/19890804_LEVEL2_LND05_BOA.tif.lock,3644148,2649
,,0,2024-02-14T11:33:02.53370746Z,2024-03-15T11:33:02.53370746Z,2024-03-14T17:55:26.850500297Z,CREATE,file_event,NFCORE_RANGELAND:RANGELAND:PREPROCESSING:FORCE_PREPROCESS (LT05_L1TP_181036_19890804_20200916_02_T1) (2649),NFCORE_RANGELAND:RANGELAND:PREPROCESSING:FORCE_PREPROCESS (LT05_L1TP_181036_19890804_20200916_02_T1) (2649),/home/jfechner/workflows/rangeland/nextflow-run/work/57/520fcb80241f2d88a3fc74e31182ce/level2_ard/X0110_Y0104/19890804_LEVEL2_LND05_BOA.tif,3644148,2649
,,0,2024-02-14T11:33:02.53370746Z,2024-03-15T11:33:02.53370746Z,2024-03-14T17:55:26.866563985Z,DELETE,file_event,NFCORE_RANGELAND:RANGELAND:PREPROCESSING:FORCE_PREPROCESS (LT05_L1TP_181036_19890804_20200916_02_T1) (2649),NFCORE_RANGELAND:RANGELAND:PREPROCESSING:FORCE_PREPROCESS (LT05_L1TP_181036_19890804_20200916_02_T1) (2649),/home/jfechner/workflows/rangeland/nextflow-run/work/57/520fcb80241f2d88a3fc74e31182ce/level2_ard/X0110_Y0104/19890804_LEVEL2_LND05_BOA.tif.lock,3644148,2649
,,0,2024-02-14T11:33:02.53370746Z,2024-03-15T11:33:02.53370746Z,2024-03-14T17:55:26.868481328Z,CREATE,file_event,NFCORE_RANGELAND:RANGELAND:PREPROCESSING:FORCE_PREPROCESS (LT05_L1TP_181036_19890804_20200916_02_T1) (2649),NFCORE_RANGELAND:RANGELAND:PREPROCESSING:FORCE_PREPROCESS (LT05_L1TP_181036_19890804_20200916_02_T1) (2649),/home/jfechner/workflows/rangeland/nextflow-run/work/57/520fcb80241f2d88a3fc74e31182ce/level2_prov/provenance_20240314.csv.lock,3644148,2649
,,0,2024-02-14T11:33:02.53370746Z,2024-03-15T11:33:02.53370746Z,2024-03-14T17:55:26.870418311Z,DELETE,file_event,NFCORE_RANGELAND:RANGELAND:PREPROCESSING:FORCE_PREPROCESS (LT05_L1TP_181036_19890804_20200916_02_T1) (2649),NFCORE_RANGELAND:RANGELAND:PREPROCESSING:FORCE_PREPROCESS (LT05_L1TP_181036_19890804_20200916_02_T1) (2649),/home/jfechner/workflows/rangeland/nextflow-run/work/57/520fcb80241f2d88a3fc74e31182ce/level2_prov/provenance_20240314.csv.lock,3644148,2649
,,0,2024-02-14T11:33:02.53370746Z,2024-03-15T11:33:02.53370746Z,2024-03-14T17:55:26.872165239Z,CREATE,file_event,NFCORE_RANGELAND:RANGELAND:PREPROCESSING:FORCE_PREPROCESS (LT05_L1TP_181036_19890804_20200916_02_T1) (2649),NFCORE_RANGELAND:RANGELAND:PREPROCESSING:FORCE_PREPROCESS (LT05_L1TP_181036_19890804_20200916_02_T1) (2649),/home/jfechner/workflows/rangeland/nextflow-run/work/57/520fcb80241f2d88a3fc74e31182ce/level2_ard/X0110_Y0104.lock,3644148,2649
,,0,2024-02-14T11:33:02.53370746Z,2024-03-15T11:33:02.53370746Z,2024-03-14T17:55:26.874351651Z,DELETE,file_event,NFCORE_RANGELAND:RANGELAND:PREPROCESSING:FORCE_PREPROCESS (LT05_L1TP_181036_19890804_20200916_02_T1) (2649),NFCORE_RANGELAND:RANGELAND:PREPROCESSING:FORCE_PREPROCESS (LT05_L1TP_181036_19890804_20200916_02_T1) (2649),/home/jfechner/workflows/rangeland/nextflow-run/work/57/520fcb80241f2d88a3fc74e31182ce/level2_ard/X0110_Y0104.lock,3644148,2649
,,0,2024-02-14T11:33:02.53370746Z,2024-03-15T11:33:02.53370746Z,2024-03-14T17:55:26.876257233Z,CREATE,file_event,NFCORE_RANGELAND:RANGELAND:PREPROCESSING:FORCE_PREPROCESS (LT05_L1TP_181036_19890804_20200916_02_T1) (2649),NFCORE_RANGELAND:RANGELAND:PREPROCESSING:FORCE_PREPROCESS (LT05_L1TP_181036_19890804_20200916_02_T1) (2649),/home/jfechner/workflows/rangeland/nextflow-run/work/57/520fcb80241f2d88a3fc74e31182ce/level2_ard/X0110_Y0104/19890804_LEVEL2_LND05_OVV.jpg.lock,3644148,2649
,,0,2024-02-14T11:33:02.53370746Z,2024-03-15T11:33:02.53370746Z,2024-03-14T17:55:26.878681843Z,CREATE,file_event,NFCORE_RANGELAND:RANGELAND:PREPROCESSING:FORCE_PREPROCESS (LT05_L1TP_181036_19890804_20200916_02_T1) (2649),NFCORE_RANGELAND:RANGELAND:PREPROCESSING:FORCE_PREPROCESS (LT05_L1TP_181036_19890804_20200916_02_T1) (2649),/home/jfechner/workflows/rangeland/nextflow-run/work/57/520fcb80241f2d88a3fc74e31182ce/level2_ard/X0110_Y0104/19890804_LEVEL2_LND05_OVV.jpg,3644148,2649
,,0,2024-02-14T11:33:02.53370746Z,2024-03-15T11:33:02.53370746Z,2024-03-14T17:55:26.881155474Z,DELETE,file_event,NFCORE_RANGELAND:RANGELAND:PREPROCESSING:FORCE_PREPROCESS (LT05_L1TP_181036_19890804_20200916_02_T1) (2649),NFCORE_RANGELAND:RANGELAND:PREPROCESSING:FORCE_PREPROCESS (LT05_L1TP_181036_19890804_20200916_02_T1) (2649),/home/jfechner/workflows/rangeland/nextflow-run/work/57/520fcb80241f2d88a3fc74e31182ce/level2_ard/X0110_Y0104/19890804_LEVEL2_LND05_OVV.jpg.lock,3644148,2649
,,0,2024-02-14T11:33:02.53370746Z,2024-03-15T11:33:02.53370746Z,2024-03-14T17:55:26.882921702Z,CREATE,file_event,NFCORE_RANGELAND:RANGELAND:PREPROCESSING:FORCE_PREPROCESS (LT05_L1TP_181036_19890804_20200916_02_T1) (2649),NFCORE_RANGELAND:RANGELAND:PREPROCESSING:FORCE_PREPROCESS (LT05_L1TP_181036_19890804_20200916_02_T1) (2649),/home/jfechner/workflows/rangeland/nextflow-run/work/57/520fcb80241f2d88a3fc74e31182ce/level2_prov/provenance_20240314.csv.lock,3644148,2649
,,0,2024-02-14T11:33:02.53370746Z,2024-03-15T11:33:02.53370746Z,2024-03-14T17:55:26.884804824Z,DELETE,file_event,NFCORE_RANGELAND:RANGELAND:PREPROCESSING:FORCE_PREPROCESS (LT05_L1TP_181036_19890804_20200916_02_T1) (2649),NFCORE_RANGELAND:RANGELAND:PREPROCESSING:FORCE_PREPROCESS (LT05_L1TP_181036_19890804_20200916_02_T1) (2649),/home/jfechner/workflows/rangeland/nextflow-run/work/57/520fcb80241f2d88a3fc74e31182ce/level2_prov/provenance_20240314.csv.lock,3644148,2649
,,0,2024-02-14T11:33:02.53370746Z,2024-03-15T11:33:02.53370746Z,2024-03-14T17:55:26.906653161Z,CREATE,file_event,NFCORE_RANGELAND:RANGELAND:PREPROCESSING:FORCE_PREPROCESS (LT05_L1TP_181036_19890804_20200916_02_T1) (2649),NFCORE_RANGELAND:RANGELAND:PREPROCESSING:FORCE_PREPROCESS (LT05_L1TP_181036_19890804_20200916_02_T1) (2649),/home/jfechner/workflows/rangeland/nextflow-run/work/57/520fcb80241f2d88a3fc74e31182ce/level2_ard/X0111_Y0104.lock,3644148,2649
,,0,2024-02-14T11:33:02.53370746Z,2024-03-15T11:33:02.53370746Z,2024-03-14T17:55:26.909299048Z,CREATE,file_event,NFCORE_RANGELAND:RANGELAND:PREPROCESSING:FORCE_PREPROCESS (LT05_L1TP_181036_19890804_20200916_02_T1) (2649),NFCORE_RANGELAND:RANGELAND:PREPROCESSING:FORCE_PREPROCESS (LT05_L1TP_181036_19890804_20200916_02_T1) (2649),/home/jfechner/workflows/rangeland/nextflow-run/work/57/520fcb80241f2d88a3fc74e31182ce/level2_ard/X0111_Y0104,3644148,2649
,,0,2024-02-14T11:33:02.53370746Z,2024-03-15T11:33:02.53370746Z,2024-03-14T17:55:26.911572233Z,CREATE,file_event,NFCORE_RANGELAND:RANGELAND:PREPROCESSING:FORCE_PREPROCESS (LT05_L1TP_181036_19890804_20200916_02_T1) (2649),NFCORE_RANGELAND:RANGELAND:PREPROCESSING:FORCE_PREPROCESS (LT05_L1TP_181036_19890804_20200916_02_T1) (2649),/home/jfechner/workflows/rangeland/nextflow-run/work/57/520fcb80241f2d88a3fc74e31182ce/level2_ard/X0111_Y0104/19890804_LEVEL2_LND05_QAI.tif,3644148,2649
,,0,2024-02-14T11:33:02.53370746Z,2024-03-15T11:33:02.53370746Z,2024-03-14T17:55:26.914006273Z,CREATE,file_event,NFCORE_RANGELAND:RANGELAND:PREPROCESSING:FORCE_PREPROCESS (LT05_L1TP_181036_19890804_20200916_02_T1) (2649),NFCORE_RANGELAND:RANGELAND:PREPROCESSING:FORCE_PREPROCESS (LT05_L1TP_181036_19890804_20200916_02_T1) (2649),/home/jfechner/workflows/rangeland/nextflow-run/work/57/520fcb80241f2d88a3fc74e31182ce/level2_ard/X0111_Y0104/19890804_LEVEL2_LND05_QAI.tif.lock,3644148,2649
,,0,2024-02-14T11:33:02.53370746Z,2024-03-15T11:33:02.53370746Z,2024-03-14T17:55:26.916542186Z,DELETE,file_event,NFCORE_RANGELAND:RANGELAND:PREPROCESSING:FORCE_PREPROCESS (LT05_L1TP_181036_19890804_20200916_02_T1) (2649),NFCORE_RANGELAND:RANGELAND:PREPROCESSING:FORCE_PREPROCESS (LT05_L1TP_181036_19890804_20200916_02_T1) (2649),/home/jfechner/workflows/rangeland/nextflow-run/work/57/520fcb80241f2d88a3fc74e31182ce/level2_ard/X0111_Y0104.lock,3644148,2649
,,0,2024-02-14T11:33:02.53370746Z,2024-03-15T11:33:02.53370746Z,2024-03-14T17:55:26.918404897Z,CREATE,file_event,NFCORE_RANGELAND:RANGELAND:PREPROCESSING:FORCE_PREPROCESS (LT05_L1TP_181036_19890804_20200916_02_T1) (2649),NFCORE_RANGELAND:RANGELAND:PREPROCESSING:FORCE_PREPROCESS (LT05_L1TP_181036_19890804_20200916_02_T1) (2649),/home/jfechner/workflows/rangeland/nextflow-run/work/57/520fcb80241f2d88a3fc74e31182ce/level2_ard/X0111_Y0104/19890804_LEVEL2_LND05_QAI.tif,3644148,2649
,,0,2024-02-14T11:33:02.53370746Z,2024-03-15T11:33:02.53370746Z,2024-03-14T17:55:26.920236257Z,DELETE,file_event,NFCORE_RANGELAND:RANGELAND:PREPROCESSING:FORCE_PREPROCESS (LT05_L1TP_181036_19890804_20200916_02_T1) (2649),NFCORE_RANGELAND:RANGELAND:PREPROCESSING:FORCE_PREPROCESS (LT05_L1TP_181036_19890804_20200916_02_T1) (2649),/home/jfechner/workflows/rangeland/nextflow-run/work/57/520fcb80241f2d88a3fc74e31182ce/level2_ard/X0111_Y0104/19890804_LEVEL2_LND05_QAI.tif.lock,3644148,2649
,,0,2024-02-14T11:33:02.53370746Z,2024-03-15T11:33:02.53370746Z,2024-03-14T17:55:26.922074068Z,CREATE,file_event,NFCORE_RANGELAND:RANGELAND:PREPROCESSING:FORCE_PREPROCESS (LT05_L1TP_181036_19890804_20200916_02_T1) (2649),NFCORE_RANGELAND:RANGELAND:PREPROCESSING:FORCE_PREPROCESS (LT05_L1TP_181036_19890804_20200916_02_T1) (2649),/home/jfechner/workflows/rangeland/nextflow-run/work/57/520fcb80241f2d88a3fc74e31182ce/level2_prov/provenance_20240314.csv.lock,3644148,2649
,,0,2024-02-14T11:33:02.53370746Z,2024-03-15T11:33:02.53370746Z,2024-03-14T17:55:26.923766533Z,DELETE,file_event,NFCORE_RANGELAND:RANGELAND:PREPROCESSING:FORCE_PREPROCESS (LT05_L1TP_181036_19890804_20200916_02_T1) (2649),NFCORE_RANGELAND:RANGELAND:PREPROCESSING:FORCE_PREPROCESS (LT05_L1TP_181036_19890804_20200916_02_T1) (2649),/home/jfechner/workflows/rangeland/nextflow-run/work/57/520fcb80241f2d88a3fc74e31182ce/level2_prov/provenance_20240314.csv.lock,3644148,2649
,,0,2024-02-14T11:33:02.53370746Z,2024-03-15T11:33:02.53370746Z,2024-03-14T17:55:26.925406057Z,CREATE,file_event,NFCORE_RANGELAND:RANGELAND:PREPROCESSING:FORCE_PREPROCESS (LT05_L1TP_181036_19890804_20200916_02_T1) (2649),NFCORE_RANGELAND:RANGELAND:PREPROCESSING:FORCE_PREPROCESS (LT05_L1TP_181036_19890804_20200916_02_T1) (2649),/home/jfechner/workflows/rangeland/nextflow-run/work/57/520fcb80241f2d88a3fc74e31182ce/level2_ard/X0111_Y0104.lock,3644148,2649
,,0,2024-02-14T11:33:02.53370746Z,2024-03-15T11:33:02.53370746Z,2024-03-14T17:55:26.927182005Z,DELETE,file_event,NFCORE_RANGELAND:RANGELAND:PREPROCESSING:FORCE_PREPROCESS (LT05_L1TP_181036_19890804_20200916_02_T1) (2649),NFCORE_RANGELAND:RANGELAND:PREPROCESSING:FORCE_PREPROCESS (LT05_L1TP_181036_19890804_20200916_02_T1) (2649),/home/jfechner/workflows/rangeland/nextflow-run/work/57/520fcb80241f2d88a3fc74e31182ce/level2_ard/X0111_Y0104.lock,3644148,2649
,,0,2024-02-14T11:33:02.53370746Z,2024-03-15T11:33:02.53370746Z,2024-03-14T17:55:26.928890481Z,CREATE,file_event,NFCORE_RANGELAND:RANGELAND:PREPROCESSING:FORCE_PREPROCESS (LT05_L1TP_181036_19890804_20200916_02_T1) (2649),NFCORE_RANGELAND:RANGELAND:PREPROCESSING:FORCE_PREPROCESS (LT05_L1TP_181036_19890804_20200916_02_T1) (2649),/home/jfechner/workflows/rangeland/nextflow-run/work/57/520fcb80241f2d88a3fc74e31182ce/level2_ard/X0111_Y0104/19890804_LEVEL2_LND05_BOA.tif.lock,3644148,2649
,,0,2024-02-14T11:33:02.53370746Z,2024-03-15T11:33:02.53370746Z,2024-03-14T17:55:26.938441555Z,CREATE,file_event,NFCORE_RANGELAND:RANGELAND:PREPROCESSING:FORCE_PREPROCESS (LT05_L1TP_181036_19890804_20200916_02_T1) (2649),NFCORE_RANGELAND:RANGELAND:PREPROCESSING:FORCE_PREPROCESS (LT05_L1TP_181036_19890804_20200916_02_T1) (2649),/home/jfechner/workflows/rangeland/nextflow-run/work/57/520fcb80241f2d88a3fc74e31182ce/level2_ard/X0111_Y0104/19890804_LEVEL2_LND05_BOA.tif,3644148,2649
,,0,2024-02-14T11:33:02.53370746Z,2024-03-15T11:33:02.53370746Z,2024-03-14T17:55:26.950509682Z,DELETE,file_event,NFCORE_RANGELAND:RANGELAND:PREPROCESSING:FORCE_PREPROCESS (LT05_L1TP_181036_19890804_20200916_02_T1) (2649),NFCORE_RANGELAND:RANGELAND:PREPROCESSING:FORCE_PREPROCESS (LT05_L1TP_181036_19890804_20200916_02_T1) (2649),/home/jfechner/workflows/rangeland/nextflow-run/work/57/520fcb80241f2d88a3fc74e31182ce/level2_ard/X0111_Y0104/19890804_LEVEL2_LND05_BOA.tif.lock,3644148,2649
,,0,2024-02-14T11:33:02.53370746Z,2024-03-15T11:33:02.53370746Z,2024-03-14T17:55:26.95199121Z,CREATE,file_event,NFCORE_RANGELAND:RANGELAND:PREPROCESSING:FORCE_PREPROCESS (LT05_L1TP_181036_19890804_20200916_02_T1) (2649),NFCORE_RANGELAND:RANGELAND:PREPROCESSING:FORCE_PREPROCESS (LT05_L1TP_181036_19890804_20200916_02_T1) (2649),/home/jfechner/workflows/rangeland/nextflow-run/work/57/520fcb80241f2d88a3fc74e31182ce/level2_prov/provenance_20240314.csv.lock,3644148,2649
,,0,2024-02-14T11:33:02.53370746Z,2024-03-15T11:33:02.53370746Z,2024-03-14T17:55:26.953449688Z,DELETE,file_event,NFCORE_RANGELAND:RANGELAND:PREPROCESSING:FORCE_PREPROCESS (LT05_L1TP_181036_19890804_20200916_02_T1) (2649),NFCORE_RANGELAND:RANGELAND:PREPROCESSING:FORCE_PREPROCESS (LT05_L1TP_181036_19890804_20200916_02_T1) (2649),/home/jfechner/workflows/rangeland/nextflow-run/work/57/520fcb80241f2d88a3fc74e31182ce/level2_prov/provenance_20240314.csv.lock,3644148,2649
,,0,2024-02-14T11:33:02.53370746Z,2024-03-15T11:33:02.53370746Z,2024-03-14T17:55:26.955320049Z,CREATE,file_event,NFCORE_RANGELAND:RANGELAND:PREPROCESSING:FORCE_PREPROCESS (LT05_L1TP_181036_19890804_20200916_02_T1) (2649),NFCORE_RANGELAND:RANGELAND:PREPROCESSING:FORCE_PREPROCESS (LT05_L1TP_181036_19890804_20200916_02_T1) (2649),/home/jfechner/workflows/rangeland/nextflow-run/work/57/520fcb80241f2d88a3fc74e31182ce/level2_ard/X0111_Y0104.lock,3644148,2649
,,0,2024-02-14T11:33:02.53370746Z,2024-03-15T11:33:02.53370746Z,2024-03-14T17:55:26.957128599Z,DELETE,file_event,NFCORE_RANGELAND:RANGELAND:PREPROCESSING:FORCE_PREPROCESS (LT05_L1TP_181036_19890804_20200916_02_T1) (2649),NFCORE_RANGELAND:RANGELAND:PREPROCESSING:FORCE_PREPROCESS (LT05_L1TP_181036_19890804_20200916_02_T1) (2649),/home/jfechner/workflows/rangeland/nextflow-run/work/57/520fcb80241f2d88a3fc74e31182ce/level2_ard/X0111_Y0104.lock,3644148,2649
,,0,2024-02-14T11:33:02.53370746Z,2024-03-15T11:33:02.53370746Z,2024-03-14T17:55:26.958892977Z,CREATE,file_event,NFCORE_RANGELAND:RANGELAND:PREPROCESSING:FORCE_PREPROCESS (LT05_L1TP_181036_19890804_20200916_02_T1) (2649),NFCORE_RANGELAND:RANGELAND:PREPROCESSING:FORCE_PREPROCESS (LT05_L1TP_181036_19890804_20200916_02_T1) (2649),/home/jfechner/workflows/rangeland/nextflow-run/work/57/520fcb80241f2d88a3fc74e31182ce/level2_ard/X0111_Y0104/19890804_LEVEL2_LND05_OVV.jpg.lock,3644148,2649
,,0,2024-02-14T11:33:02.53370746Z,2024-03-15T11:33:02.53370746Z,2024-03-14T17:55:26.961603786Z,CREATE,file_event,NFCORE_RANGELAND:RANGELAND:PREPROCESSING:FORCE_PREPROCESS (LT05_L1TP_181036_19890804_20200916_02_T1) (2649),NFCORE_RANGELAND:RANGELAND:PREPROCESSING:FORCE_PREPROCESS (LT05_L1TP_181036_19890804_20200916_02_T1) (2649),/home/jfechner/workflows/rangeland/nextflow-run/work/57/520fcb80241f2d88a3fc74e31182ce/level2_ard/X0111_Y0104/19890804_LEVEL2_LND05_OVV.jpg,3644148,2649
,,0,2024-02-14T11:33:02.53370746Z,2024-03-15T11:33:02.53370746Z,2024-03-14T17:55:26.964499331Z,DELETE,file_event,NFCORE_RANGELAND:RANGELAND:PREPROCESSING:FORCE_PREPROCESS (LT05_L1TP_181036_19890804_20200916_02_T1) (2649),NFCORE_RANGELAND:RANGELAND:PREPROCESSING:FORCE_PREPROCESS (LT05_L1TP_181036_19890804_20200916_02_T1) (2649),/home/jfechner/workflows/rangeland/nextflow-run/work/57/520fcb80241f2d88a3fc74e31182ce/level2_ard/X0111_Y0104/19890804_LEVEL2_LND05_OVV.jpg.lock,3644148,2649
,,0,2024-02-14T11:33:02.53370746Z,2024-03-15T11:33:02.53370746Z,2024-03-14T17:55:26.966333481Z,CREATE,file_event,NFCORE_RANGELAND:RANGELAND:PREPROCESSING:FORCE_PREPROCESS (LT05_L1TP_181036_19890804_20200916_02_T1) (2649),NFCORE_RANGELAND:RANGELAND:PREPROCESSING:FORCE_PREPROCESS (LT05_L1TP_181036_19890804_20200916_02_T1) (2649),/home/jfechner/workflows/rangeland/nextflow-run/work/57/520fcb80241f2d88a3fc74e31182ce/level2_prov/provenance_20240314.csv.lock,3644148,2649
,,0,2024-02-14T11:33:02.53370746Z,2024-03-15T11:33:02.53370746Z,2024-03-14T17:55:26.968269715Z,DELETE,file_event,NFCORE_RANGELAND:RANGELAND:PREPROCESSING:FORCE_PREPROCESS (LT05_L1TP_181036_19890804_20200916_02_T1) (2649),NFCORE_RANGELAND:RANGELAND:PREPROCESSING:FORCE_PREPROCESS (LT05_L1TP_181036_19890804_20200916_02_T1) (2649),/home/jfechner/workflows/rangeland/nextflow-run/work/57/520fcb80241f2d88a3fc74e31182ce/level2_prov/provenance_20240314.csv.lock,3644148,2649
,,0,2024-02-14T11:33:02.53370746Z,2024-03-15T11:33:02.53370746Z,2024-03-14T17:55:26.982558434Z,CREATE,file_event,NFCORE_RANGELAND:RANGELAND:PREPROCESSING:FORCE_PREPROCESS (LT05_L1TP_181036_19890804_20200916_02_T1) (2649),NFCORE_RANGELAND:RANGELAND:PREPROCESSING:FORCE_PREPROCESS (LT05_L1TP_181036_19890804_20200916_02_T1) (2649),/home/jfechner/workflows/rangeland/nextflow-run/work/57/520fcb80241f2d88a3fc74e31182ce/level2_ard/X0105_Y0105.lock,3644148,2649
,,0,2024-02-14T11:33:02.53370746Z,2024-03-15T11:33:02.53370746Z,2024-03-14T17:55:26.985335905Z,CREATE,file_event,NFCORE_RANGELAND:RANGELAND:PREPROCESSING:FORCE_PREPROCESS (LT05_L1TP_181036_19890804_20200916_02_T1) (2649),NFCORE_RANGELAND:RANGELAND:PREPROCESSING:FORCE_PREPROCESS (LT05_L1TP_181036_19890804_20200916_02_T1) (2649),/home/jfechner/workflows/rangeland/nextflow-run/work/57/520fcb80241f2d88a3fc74e31182ce/level2_ard/X0105_Y0105,3644148,2649
,,0,2024-02-14T11:33:02.53370746Z,2024-03-15T11:33:02.53370746Z,2024-03-14T17:55:26.988342434Z,CREATE,file_event,NFCORE_RANGELAND:RANGELAND:PREPROCESSING:FORCE_PREPROCESS (LT05_L1TP_181036_19890804_20200916_02_T1) (2649),NFCORE_RANGELAND:RANGELAND:PREPROCESSING:FORCE_PREPROCESS (LT05_L1TP_181036_19890804_20200916_02_T1) (2649),/home/jfechner/workflows/rangeland/nextflow-run/work/57/520fcb80241f2d88a3fc74e31182ce/level2_ard/X0105_Y0105/19890804_LEVEL2_LND05_QAI.tif,3644148,2649
,,0,2024-02-14T11:33:02.53370746Z,2024-03-15T11:33:02.53370746Z,2024-03-14T17:55:26.99127411Z,CREATE,file_event,NFCORE_RANGELAND:RANGELAND:PREPROCESSING:FORCE_PREPROCESS (LT05_L1TP_181036_19890804_20200916_02_T1) (2649),NFCORE_RANGELAND:RANGELAND:PREPROCESSING:FORCE_PREPROCESS (LT05_L1TP_181036_19890804_20200916_02_T1) (2649),/home/jfechner/workflows/rangeland/nextflow-run/work/57/520fcb80241f2d88a3fc74e31182ce/level2_ard/X0105_Y0105/19890804_LEVEL2_LND05_QAI.tif.lock,3644148,2649
,,0,2024-02-14T11:33:02.53370746Z,2024-03-15T11:33:02.53370746Z,2024-03-14T17:55:26.993927687Z,DELETE,file_event,NFCORE_RANGELAND:RANGELAND:PREPROCESSING:FORCE_PREPROCESS (LT05_L1TP_181036_19890804_20200916_02_T1) (2649),NFCORE_RANGELAND:RANGELAND:PREPROCESSING:FORCE_PREPROCESS (LT05_L1TP_181036_19890804_20200916_02_T1) (2649),/home/jfechner/workflows/rangeland/nextflow-run/work/57/520fcb80241f2d88a3fc74e31182ce/level2_ard/X0105_Y0105.lock,3644148,2649
,,0,2024-02-14T11:33:02.53370746Z,2024-03-15T11:33:02.53370746Z,2024-03-14T17:55:26.99554857Z,CREATE,file_event,NFCORE_RANGELAND:RANGELAND:PREPROCESSING:FORCE_PREPROCESS (LT05_L1TP_181036_19890804_20200916_02_T1) (2649),NFCORE_RANGELAND:RANGELAND:PREPROCESSING:FORCE_PREPROCESS (LT05_L1TP_181036_19890804_20200916_02_T1) (2649),/home/jfechner/workflows/rangeland/nextflow-run/work/57/520fcb80241f2d88a3fc74e31182ce/level2_ard/X0105_Y0105/19890804_LEVEL2_LND05_QAI.tif,3644148,2649
,,0,2024-02-14T11:33:02.53370746Z,2024-03-15T11:33:02.53370746Z,2024-03-14T17:55:26.997210415Z,DELETE,file_event,NFCORE_RANGELAND:RANGELAND:PREPROCESSING:FORCE_PREPROCESS (LT05_L1TP_181036_19890804_20200916_02_T1) (2649),NFCORE_RANGELAND:RANGELAND:PREPROCESSING:FORCE_PREPROCESS (LT05_L1TP_181036_19890804_20200916_02_T1) (2649),/home/jfechner/workflows/rangeland/nextflow-run/work/57/520fcb80241f2d88a3fc74e31182ce/level2_ard/X0105_Y0105/19890804_LEVEL2_LND05_QAI.tif.lock,3644148,2649
,,0,2024-02-14T11:33:02.53370746Z,2024-03-15T11:33:02.53370746Z,2024-03-14T17:55:26.998793727Z,CREATE,file_event,NFCORE_RANGELAND:RANGELAND:PREPROCESSING:FORCE_PREPROCESS (LT05_L1TP_181036_19890804_20200916_02_T1) (2649),NFCORE_RANGELAND:RANGELAND:PREPROCESSING:FORCE_PREPROCESS (LT05_L1TP_181036_19890804_20200916_02_T1) (2649),/home/jfechner/workflows/rangeland/nextflow-run/work/57/520fcb80241f2d88a3fc74e31182ce/level2_prov/provenance_20240314.csv.lock,3644148,2649
,,0,2024-02-14T11:33:02.53370746Z,2024-03-15T11:33:02.53370746Z,2024-03-14T17:55:27.001503196Z,DELETE,file_event,NFCORE_RANGELAND:RANGELAND:PREPROCESSING:FORCE_PREPROCESS (LT05_L1TP_181036_19890804_20200916_02_T1) (2649),NFCORE_RANGELAND:RANGELAND:PREPROCESSING:FORCE_PREPROCESS (LT05_L1TP_181036_19890804_20200916_02_T1) (2649),/home/jfechner/workflows/rangeland/nextflow-run/work/57/520fcb80241f2d88a3fc74e31182ce/level2_prov/provenance_20240314.csv.lock,3644148,2649
,,0,2024-02-14T11:33:02.53370746Z,2024-03-15T11:33:02.53370746Z,2024-03-14T17:55:27.003776661Z,CREATE,file_event,NFCORE_RANGELAND:RANGELAND:PREPROCESSING:FORCE_PREPROCESS (LT05_L1TP_181036_19890804_20200916_02_T1) (2649),NFCORE_RANGELAND:RANGELAND:PREPROCESSING:FORCE_PREPROCESS (LT05_L1TP_181036_19890804_20200916_02_T1) (2649),/home/jfechner/workflows/rangeland/nextflow-run/work/57/520fcb80241f2d88a3fc74e31182ce/level2_ard/X0105_Y0105.lock,3644148,2649
,,0,2024-02-14T11:33:02.53370746Z,2024-03-15T11:33:02.53370746Z,2024-03-14T17:55:27.00589486Z,DELETE,file_event,NFCORE_RANGELAND:RANGELAND:PREPROCESSING:FORCE_PREPROCESS (LT05_L1TP_181036_19890804_20200916_02_T1) (2649),NFCORE_RANGELAND:RANGELAND:PREPROCESSING:FORCE_PREPROCESS (LT05_L1TP_181036_19890804_20200916_02_T1) (2649),/home/jfechner/workflows/rangeland/nextflow-run/work/57/520fcb80241f2d88a3fc74e31182ce/level2_ard/X0105_Y0105.lock,3644148,2649
,,0,2024-02-14T11:33:02.53370746Z,2024-03-15T11:33:02.53370746Z,2024-03-14T17:55:27.007779412Z,CREATE,file_event,NFCORE_RANGELAND:RANGELAND:PREPROCESSING:FORCE_PREPROCESS (LT05_L1TP_181036_19890804_20200916_02_T1) (2649),NFCORE_RANGELAND:RANGELAND:PREPROCESSING:FORCE_PREPROCESS (LT05_L1TP_181036_19890804_20200916_02_T1) (2649),/home/jfechner/workflows/rangeland/nextflow-run/work/57/520fcb80241f2d88a3fc74e31182ce/level2_ard/X0105_Y0105/19890804_LEVEL2_LND05_BOA.tif.lock,3644148,2649
,,0,2024-02-14T11:33:02.53370746Z,2024-03-15T11:33:02.53370746Z,2024-03-14T17:55:27.010256994Z,CREATE,file_event,NFCORE_RANGELAND:RANGELAND:PREPROCESSING:FORCE_PREPROCESS (LT05_L1TP_181036_19890804_20200916_02_T1) (2649),NFCORE_RANGELAND:RANGELAND:PREPROCESSING:FORCE_PREPROCESS (LT05_L1TP_181036_19890804_20200916_02_T1) (2649),/home/jfechner/workflows/rangeland/nextflow-run/work/57/520fcb80241f2d88a3fc74e31182ce/level2_ard/X0105_Y0105/19890804_LEVEL2_LND05_BOA.tif,3644148,2649
,,0,2024-02-14T11:33:02.53370746Z,2024-03-15T11:33:02.53370746Z,2024-03-14T17:55:27.012791187Z,DELETE,file_event,NFCORE_RANGELAND:RANGELAND:PREPROCESSING:FORCE_PREPROCESS (LT05_L1TP_181036_19890804_20200916_02_T1) (2649),NFCORE_RANGELAND:RANGELAND:PREPROCESSING:FORCE_PREPROCESS (LT05_L1TP_181036_19890804_20200916_02_T1) (2649),/home/jfechner/workflows/rangeland/nextflow-run/work/57/520fcb80241f2d88a3fc74e31182ce/level2_ard/X0105_Y0105/19890804_LEVEL2_LND05_BOA.tif.lock,3644148,2649
,,0,2024-02-14T11:33:02.53370746Z,2024-03-15T11:33:02.53370746Z,2024-03-14T17:55:27.014627077Z,CREATE,file_event,NFCORE_RANGELAND:RANGELAND:PREPROCESSING:FORCE_PREPROCESS (LT05_L1TP_181036_19890804_20200916_02_T1) (2649),NFCORE_RANGELAND:RANGELAND:PREPROCESSING:FORCE_PREPROCESS (LT05_L1TP_181036_19890804_20200916_02_T1) (2649),/home/jfechner/workflows/rangeland/nextflow-run/work/57/520fcb80241f2d88a3fc74e31182ce/level2_prov/provenance_20240314.csv.lock,3644148,2649
,,0,2024-02-14T11:33:02.53370746Z,2024-03-15T11:33:02.53370746Z,2024-03-14T17:55:27.016504569Z,DELETE,file_event,NFCORE_RANGELAND:RANGELAND:PREPROCESSING:FORCE_PREPROCESS (LT05_L1TP_181036_19890804_20200916_02_T1) (2649),NFCORE_RANGELAND:RANGELAND:PREPROCESSING:FORCE_PREPROCESS (LT05_L1TP_181036_19890804_20200916_02_T1) (2649),/home/jfechner/workflows/rangeland/nextflow-run/work/57/520fcb80241f2d88a3fc74e31182ce/level2_prov/provenance_20240314.csv.lock,3644148,2649
,,0,2024-02-14T11:33:02.53370746Z,2024-03-15T11:33:02.53370746Z,2024-03-14T17:55:27.018264826Z,CREATE,file_event,NFCORE_RANGELAND:RANGELAND:PREPROCESSING:FORCE_PREPROCESS (LT05_L1TP_181036_19890804_20200916_02_T1) (2649),NFCORE_RANGELAND:RANGELAND:PREPROCESSING:FORCE_PREPROCESS (LT05_L1TP_181036_19890804_20200916_02_T1) (2649),/home/jfechner/workflows/rangeland/nextflow-run/work/57/520fcb80241f2d88a3fc74e31182ce/level2_ard/X0105_Y0105.lock,3644148,2649
,,0,2024-02-14T11:33:02.53370746Z,2024-03-15T11:33:02.53370746Z,2024-03-14T17:55:27.020000913Z,DELETE,file_event,NFCORE_RANGELAND:RANGELAND:PREPROCESSING:FORCE_PREPROCESS (LT05_L1TP_181036_19890804_20200916_02_T1) (2649),NFCORE_RANGELAND:RANGELAND:PREPROCESSING:FORCE_PREPROCESS (LT05_L1TP_181036_19890804_20200916_02_T1) (2649),/home/jfechner/workflows/rangeland/nextflow-run/work/57/520fcb80241f2d88a3fc74e31182ce/level2_ard/X0105_Y0105.lock,3644148,2649
,,0,2024-02-14T11:33:02.53370746Z,2024-03-15T11:33:02.53370746Z,2024-03-14T17:55:27.021803893Z,CREATE,file_event,NFCORE_RANGELAND:RANGELAND:PREPROCESSING:FORCE_PREPROCESS (LT05_L1TP_181036_19890804_20200916_02_T1) (2649),NFCORE_RANGELAND:RANGELAND:PREPROCESSING:FORCE_PREPROCESS (LT05_L1TP_181036_19890804_20200916_02_T1) (2649),/home/jfechner/workflows/rangeland/nextflow-run/work/57/520fcb80241f2d88a3fc74e31182ce/level2_ard/X0105_Y0105/19890804_LEVEL2_LND05_OVV.jpg.lock,3644148,2649
,,0,2024-02-14T11:33:02.53370746Z,2024-03-15T11:33:02.53370746Z,2024-03-14T17:55:27.024216732Z,CREATE,file_event,NFCORE_RANGELAND:RANGELAND:PREPROCESSING:FORCE_PREPROCESS (LT05_L1TP_181036_19890804_20200916_02_T1) (2649),NFCORE_RANGELAND:RANGELAND:PREPROCESSING:FORCE_PREPROCESS (LT05_L1TP_181036_19890804_20200916_02_T1) (2649),/home/jfechner/workflows/rangeland/nextflow-run/work/57/520fcb80241f2d88a3fc74e31182ce/level2_ard/X0105_Y0105/19890804_LEVEL2_LND05_OVV.jpg,3644148,2649
,,0,2024-02-14T11:33:02.53370746Z,2024-03-15T11:33:02.53370746Z,2024-03-14T17:55:27.026773206Z,DELETE,file_event,NFCORE_RANGELAND:RANGELAND:PREPROCESSING:FORCE_PREPROCESS (LT05_L1TP_181036_19890804_20200916_02_T1) (2649),NFCORE_RANGELAND:RANGELAND:PREPROCESSING:FORCE_PREPROCESS (LT05_L1TP_181036_19890804_20200916_02_T1) (2649),/home/jfechner/workflows/rangeland/nextflow-run/work/57/520fcb80241f2d88a3fc74e31182ce/level2_ard/X0105_Y0105/19890804_LEVEL2_LND05_OVV.jpg.lock,3644148,2649
,,0,2024-02-14T11:33:02.53370746Z,2024-03-15T11:33:02.53370746Z,2024-03-14T17:55:27.028468591Z,CREATE,file_event,NFCORE_RANGELAND:RANGELAND:PREPROCESSING:FORCE_PREPROCESS (LT05_L1TP_181036_19890804_20200916_02_T1) (2649),NFCORE_RANGELAND:RANGELAND:PREPROCESSING:FORCE_PREPROCESS (LT05_L1TP_181036_19890804_20200916_02_T1) (2649),/home/jfechner/workflows/rangeland/nextflow-run/work/57/520fcb80241f2d88a3fc74e31182ce/level2_prov/provenance_20240314.csv.lock,3644148,2649
,,0,2024-02-14T11:33:02.53370746Z,2024-03-15T11:33:02.53370746Z,2024-03-14T17:55:27.03025972Z,DELETE,file_event,NFCORE_RANGELAND:RANGELAND:PREPROCESSING:FORCE_PREPROCESS (LT05_L1TP_181036_19890804_20200916_02_T1) (2649),NFCORE_RANGELAND:RANGELAND:PREPROCESSING:FORCE_PREPROCESS (LT05_L1TP_181036_19890804_20200916_02_T1) (2649),/home/jfechner/workflows/rangeland/nextflow-run/work/57/520fcb80241f2d88a3fc74e31182ce/level2_prov/provenance_20240314.csv.lock,3644148,2649
,,0,2024-02-14T11:33:02.53370746Z,2024-03-15T11:33:02.53370746Z,2024-03-14T17:55:27.042035777Z,CREATE,file_event,NFCORE_RANGELAND:RANGELAND:PREPROCESSING:FORCE_PREPROCESS (LT05_L1TP_181036_19890804_20200916_02_T1) (2649),NFCORE_RANGELAND:RANGELAND:PREPROCESSING:FORCE_PREPROCESS (LT05_L1TP_181036_19890804_20200916_02_T1) (2649),/home/jfechner/workflows/rangeland/nextflow-run/work/57/520fcb80241f2d88a3fc74e31182ce/level2_ard/X0106_Y0105.lock,3644148,2649
,,0,2024-02-14T11:33:02.53370746Z,2024-03-15T11:33:02.53370746Z,2024-03-14T17:55:27.044985964Z,CREATE,file_event,NFCORE_RANGELAND:RANGELAND:PREPROCESSING:FORCE_PREPROCESS (LT05_L1TP_181036_19890804_20200916_02_T1) (2649),NFCORE_RANGELAND:RANGELAND:PREPROCESSING:FORCE_PREPROCESS (LT05_L1TP_181036_19890804_20200916_02_T1) (2649),/home/jfechner/workflows/rangeland/nextflow-run/work/57/520fcb80241f2d88a3fc74e31182ce/level2_ard/X0106_Y0105,3644148,2649
,,0,2024-02-14T11:33:02.53370746Z,2024-03-15T11:33:02.53370746Z,2024-03-14T17:55:27.048018434Z,CREATE,file_event,NFCORE_RANGELAND:RANGELAND:PREPROCESSING:FORCE_PREPROCESS (LT05_L1TP_181036_19890804_20200916_02_T1) (2649),NFCORE_RANGELAND:RANGELAND:PREPROCESSING:FORCE_PREPROCESS (LT05_L1TP_181036_19890804_20200916_02_T1) (2649),/home/jfechner/workflows/rangeland/nextflow-run/work/57/520fcb80241f2d88a3fc74e31182ce/level2_ard/X0106_Y0105/19890804_LEVEL2_LND05_QAI.tif,3644148,2649
,,0,2024-02-14T11:33:02.53370746Z,2024-03-15T11:33:02.53370746Z,2024-03-14T17:55:27.0509576Z,CREATE,file_event,NFCORE_RANGELAND:RANGELAND:PREPROCESSING:FORCE_PREPROCESS (LT05_L1TP_181036_19890804_20200916_02_T1) (2649),NFCORE_RANGELAND:RANGELAND:PREPROCESSING:FORCE_PREPROCESS (LT05_L1TP_181036_19890804_20200916_02_T1) (2649),/home/jfechner/workflows/rangeland/nextflow-run/work/57/520fcb80241f2d88a3fc74e31182ce/level2_ard/X0106_Y0105/19890804_LEVEL2_LND05_QAI.tif.lock,3644148,2649
,,0,2024-02-14T11:33:02.53370746Z,2024-03-15T11:33:02.53370746Z,2024-03-14T17:55:27.053574196Z,DELETE,file_event,NFCORE_RANGELAND:RANGELAND:PREPROCESSING:FORCE_PREPROCESS (LT05_L1TP_181036_19890804_20200916_02_T1) (2649),NFCORE_RANGELAND:RANGELAND:PREPROCESSING:FORCE_PREPROCESS (LT05_L1TP_181036_19890804_20200916_02_T1) (2649),/home/jfechner/workflows/rangeland/nextflow-run/work/57/520fcb80241f2d88a3fc74e31182ce/level2_ard/X0106_Y0105.lock,3644148,2649
,,0,2024-02-14T11:33:02.53370746Z,2024-03-15T11:33:02.53370746Z,2024-03-14T17:55:27.055389756Z,CREATE,file_event,NFCORE_RANGELAND:RANGELAND:PREPROCESSING:FORCE_PREPROCESS (LT05_L1TP_181036_19890804_20200916_02_T1) (2649),NFCORE_RANGELAND:RANGELAND:PREPROCESSING:FORCE_PREPROCESS (LT05_L1TP_181036_19890804_20200916_02_T1) (2649),/home/jfechner/workflows/rangeland/nextflow-run/work/57/520fcb80241f2d88a3fc74e31182ce/level2_ard/X0106_Y0105/19890804_LEVEL2_LND05_QAI.tif,3644148,2649
,,0,2024-02-14T11:33:02.53370746Z,2024-03-15T11:33:02.53370746Z,2024-03-14T17:55:27.057125893Z,DELETE,file_event,NFCORE_RANGELAND:RANGELAND:PREPROCESSING:FORCE_PREPROCESS (LT05_L1TP_181036_19890804_20200916_02_T1) (2649),NFCORE_RANGELAND:RANGELAND:PREPROCESSING:FORCE_PREPROCESS (LT05_L1TP_181036_19890804_20200916_02_T1) (2649),/home/jfechner/workflows/rangeland/nextflow-run/work/57/520fcb80241f2d88a3fc74e31182ce/level2_ard/X0106_Y0105/19890804_LEVEL2_LND05_QAI.tif.lock,3644148,2649
,,0,2024-02-14T11:33:02.53370746Z,2024-03-15T11:33:02.53370746Z,2024-03-14T17:55:27.058779597Z,CREATE,file_event,NFCORE_RANGELAND:RANGELAND:PREPROCESSING:FORCE_PREPROCESS (LT05_L1TP_181036_19890804_20200916_02_T1) (2649),NFCORE_RANGELAND:RANGELAND:PREPROCESSING:FORCE_PREPROCESS (LT05_L1TP_181036_19890804_20200916_02_T1) (2649),/home/jfechner/workflows/rangeland/nextflow-run/work/57/520fcb80241f2d88a3fc74e31182ce/level2_prov/provenance_20240314.csv.lock,3644148,2649
,,0,2024-02-14T11:33:02.53370746Z,2024-03-15T11:33:02.53370746Z,2024-03-14T17:55:27.060500113Z,DELETE,file_event,NFCORE_RANGELAND:RANGELAND:PREPROCESSING:FORCE_PREPROCESS (LT05_L1TP_181036_19890804_20200916_02_T1) (2649),NFCORE_RANGELAND:RANGELAND:PREPROCESSING:FORCE_PREPROCESS (LT05_L1TP_181036_19890804_20200916_02_T1) (2649),/home/jfechner/workflows/rangeland/nextflow-run/work/57/520fcb80241f2d88a3fc74e31182ce/level2_prov/provenance_20240314.csv.lock,3644148,2649
,,0,2024-02-14T11:33:02.53370746Z,2024-03-15T11:33:02.53370746Z,2024-03-14T17:55:27.062145327Z,CREATE,file_event,NFCORE_RANGELAND:RANGELAND:PREPROCESSING:FORCE_PREPROCESS (LT05_L1TP_181036_19890804_20200916_02_T1) (2649),NFCORE_RANGELAND:RANGELAND:PREPROCESSING:FORCE_PREPROCESS (LT05_L1TP_181036_19890804_20200916_02_T1) (2649),/home/jfechner/workflows/rangeland/nextflow-run/work/57/520fcb80241f2d88a3fc74e31182ce/level2_ard/X0106_Y0105.lock,3644148,2649
,,0,2024-02-14T11:33:02.53370746Z,2024-03-15T11:33:02.53370746Z,2024-03-14T17:55:27.063840943Z,DELETE,file_event,NFCORE_RANGELAND:RANGELAND:PREPROCESSING:FORCE_PREPROCESS (LT05_L1TP_181036_19890804_20200916_02_T1) (2649),NFCORE_RANGELAND:RANGELAND:PREPROCESSING:FORCE_PREPROCESS (LT05_L1TP_181036_19890804_20200916_02_T1) (2649),/home/jfechner/workflows/rangeland/nextflow-run/work/57/520fcb80241f2d88a3fc74e31182ce/level2_ard/X0106_Y0105.lock,3644148,2649
,,0,2024-02-14T11:33:02.53370746Z,2024-03-15T11:33:02.53370746Z,2024-03-14T17:55:27.066399757Z,CREATE,file_event,NFCORE_RANGELAND:RANGELAND:PREPROCESSING:FORCE_PREPROCESS (LT05_L1TP_181036_19890804_20200916_02_T1) (2649),NFCORE_RANGELAND:RANGELAND:PREPROCESSING:FORCE_PREPROCESS (LT05_L1TP_181036_19890804_20200916_02_T1) (2649),/home/jfechner/workflows/rangeland/nextflow-run/work/57/520fcb80241f2d88a3fc74e31182ce/level2_ard/X0106_Y0105/19890804_LEVEL2_LND05_BOA.tif.lock,3644148,2649
,,0,2024-02-14T11:33:02.53370746Z,2024-03-15T11:33:02.53370746Z,2024-03-14T17:55:27.069599052Z,CREATE,file_event,NFCORE_RANGELAND:RANGELAND:PREPROCESSING:FORCE_PREPROCESS (LT05_L1TP_181036_19890804_20200916_02_T1) (2649),NFCORE_RANGELAND:RANGELAND:PREPROCESSING:FORCE_PREPROCESS (LT05_L1TP_181036_19890804_20200916_02_T1) (2649),/home/jfechner/workflows/rangeland/nextflow-run/work/57/520fcb80241f2d88a3fc74e31182ce/level2_ard/X0106_Y0105/19890804_LEVEL2_LND05_BOA.tif,3644148,2649
,,0,2024-02-14T11:33:02.53370746Z,2024-03-15T11:33:02.53370746Z,2024-03-14T17:55:27.084248943Z,DELETE,file_event,NFCORE_RANGELAND:RANGELAND:PREPROCESSING:FORCE_PREPROCESS (LT05_L1TP_181036_19890804_20200916_02_T1) (2649),NFCORE_RANGELAND:RANGELAND:PREPROCESSING:FORCE_PREPROCESS (LT05_L1TP_181036_19890804_20200916_02_T1) (2649),/home/jfechner/workflows/rangeland/nextflow-run/work/57/520fcb80241f2d88a3fc74e31182ce/level2_ard/X0106_Y0105/19890804_LEVEL2_LND05_BOA.tif.lock,3644148,2649
,,0,2024-02-14T11:33:02.53370746Z,2024-03-15T11:33:02.53370746Z,2024-03-14T17:55:27.085637849Z,CREATE,file_event,NFCORE_RANGELAND:RANGELAND:PREPROCESSING:FORCE_PREPROCESS (LT05_L1TP_181036_19890804_20200916_02_T1) (2649),NFCORE_RANGELAND:RANGELAND:PREPROCESSING:FORCE_PREPROCESS (LT05_L1TP_181036_19890804_20200916_02_T1) (2649),/home/jfechner/workflows/rangeland/nextflow-run/work/57/520fcb80241f2d88a3fc74e31182ce/level2_prov/provenance_20240314.csv.lock,3644148,2649
,,0,2024-02-14T11:33:02.53370746Z,2024-03-15T11:33:02.53370746Z,2024-03-14T17:55:27.087737348Z,DELETE,file_event,NFCORE_RANGELAND:RANGELAND:PREPROCESSING:FORCE_PREPROCESS (LT05_L1TP_181036_19890804_20200916_02_T1) (2649),NFCORE_RANGELAND:RANGELAND:PREPROCESSING:FORCE_PREPROCESS (LT05_L1TP_181036_19890804_20200916_02_T1) (2649),/home/jfechner/workflows/rangeland/nextflow-run/work/57/520fcb80241f2d88a3fc74e31182ce/level2_prov/provenance_20240314.csv.lock,3644148,2649
,,0,2024-02-14T11:33:02.53370746Z,2024-03-15T11:33:02.53370746Z,2024-03-14T17:55:27.089835677Z,CREATE,file_event,NFCORE_RANGELAND:RANGELAND:PREPROCESSING:FORCE_PREPROCESS (LT05_L1TP_181036_19890804_20200916_02_T1) (2649),NFCORE_RANGELAND:RANGELAND:PREPROCESSING:FORCE_PREPROCESS (LT05_L1TP_181036_19890804_20200916_02_T1) (2649),/home/jfechner/workflows/rangeland/nextflow-run/work/57/520fcb80241f2d88a3fc74e31182ce/level2_ard/X0106_Y0105.lock,3644148,2649
,,0,2024-02-14T11:33:02.53370746Z,2024-03-15T11:33:02.53370746Z,2024-03-14T17:55:27.092134792Z,DELETE,file_event,NFCORE_RANGELAND:RANGELAND:PREPROCESSING:FORCE_PREPROCESS (LT05_L1TP_181036_19890804_20200916_02_T1) (2649),NFCORE_RANGELAND:RANGELAND:PREPROCESSING:FORCE_PREPROCESS (LT05_L1TP_181036_19890804_20200916_02_T1) (2649),/home/jfechner/workflows/rangeland/nextflow-run/work/57/520fcb80241f2d88a3fc74e31182ce/level2_ard/X0106_Y0105.lock,3644148,2649
,,0,2024-02-14T11:33:02.53370746Z,2024-03-15T11:33:02.53370746Z,2024-03-14T17:55:27.09421194Z,CREATE,file_event,NFCORE_RANGELAND:RANGELAND:PREPROCESSING:FORCE_PREPROCESS (LT05_L1TP_181036_19890804_20200916_02_T1) (2649),NFCORE_RANGELAND:RANGELAND:PREPROCESSING:FORCE_PREPROCESS (LT05_L1TP_181036_19890804_20200916_02_T1) (2649),/home/jfechner/workflows/rangeland/nextflow-run/work/57/520fcb80241f2d88a3fc74e31182ce/level2_ard/X0106_Y0105/19890804_LEVEL2_LND05_OVV.jpg.lock,3644148,2649
,,0,2024-02-14T11:33:02.53370746Z,2024-03-15T11:33:02.53370746Z,2024-03-14T17:55:27.096833597Z,CREATE,file_event,NFCORE_RANGELAND:RANGELAND:PREPROCESSING:FORCE_PREPROCESS (LT05_L1TP_181036_19890804_20200916_02_T1) (2649),NFCORE_RANGELAND:RANGELAND:PREPROCESSING:FORCE_PREPROCESS (LT05_L1TP_181036_19890804_20200916_02_T1) (2649),/home/jfechner/workflows/rangeland/nextflow-run/work/57/520fcb80241f2d88a3fc74e31182ce/level2_ard/X0106_Y0105/19890804_LEVEL2_LND05_OVV.jpg,3644148,2649
,,0,2024-02-14T11:33:02.53370746Z,2024-03-15T11:33:02.53370746Z,2024-03-14T17:55:27.099262376Z,DELETE,file_event,NFCORE_RANGELAND:RANGELAND:PREPROCESSING:FORCE_PREPROCESS (LT05_L1TP_181036_19890804_20200916_02_T1) (2649),NFCORE_RANGELAND:RANGELAND:PREPROCESSING:FORCE_PREPROCESS (LT05_L1TP_181036_19890804_20200916_02_T1) (2649),/home/jfechner/workflows/rangeland/nextflow-run/work/57/520fcb80241f2d88a3fc74e31182ce/level2_ard/X0106_Y0105/19890804_LEVEL2_LND05_OVV.jpg.lock,3644148,2649
,,0,2024-02-14T11:33:02.53370746Z,2024-03-15T11:33:02.53370746Z,2024-03-14T17:55:27.100881679Z,CREATE,file_event,NFCORE_RANGELAND:RANGELAND:PREPROCESSING:FORCE_PREPROCESS (LT05_L1TP_181036_19890804_20200916_02_T1) (2649),NFCORE_RANGELAND:RANGELAND:PREPROCESSING:FORCE_PREPROCESS (LT05_L1TP_181036_19890804_20200916_02_T1) (2649),/home/jfechner/workflows/rangeland/nextflow-run/work/57/520fcb80241f2d88a3fc74e31182ce/level2_prov/provenance_20240314.csv.lock,3644148,2649
,,0,2024-02-14T11:33:02.53370746Z,2024-03-15T11:33:02.53370746Z,2024-03-14T17:55:27.102623076Z,DELETE,file_event,NFCORE_RANGELAND:RANGELAND:PREPROCESSING:FORCE_PREPROCESS (LT05_L1TP_181036_19890804_20200916_02_T1) (2649),NFCORE_RANGELAND:RANGELAND:PREPROCESSING:FORCE_PREPROCESS (LT05_L1TP_181036_19890804_20200916_02_T1) (2649),/home/jfechner/workflows/rangeland/nextflow-run/work/57/520fcb80241f2d88a3fc74e31182ce/level2_prov/provenance_20240314.csv.lock,3644148,2649
,,0,2024-02-14T11:33:02.53370746Z,2024-03-15T11:33:02.53370746Z,2024-03-14T17:55:27.125334852Z,CREATE,file_event,NFCORE_RANGELAND:RANGELAND:PREPROCESSING:FORCE_PREPROCESS (LT05_L1TP_181036_19890804_20200916_02_T1) (2649),NFCORE_RANGELAND:RANGELAND:PREPROCESSING:FORCE_PREPROCESS (LT05_L1TP_181036_19890804_20200916_02_T1) (2649),/home/jfechner/workflows/rangeland/nextflow-run/work/57/520fcb80241f2d88a3fc74e31182ce/level2_ard/X0107_Y0105.lock,3644148,2649
,,0,2024-02-14T11:33:02.53370746Z,2024-03-15T11:33:02.53370746Z,2024-03-14T17:55:27.128237148Z,CREATE,file_event,NFCORE_RANGELAND:RANGELAND:PREPROCESSING:FORCE_PREPROCESS (LT05_L1TP_181036_19890804_20200916_02_T1) (2649),NFCORE_RANGELAND:RANGELAND:PREPROCESSING:FORCE_PREPROCESS (LT05_L1TP_181036_19890804_20200916_02_T1) (2649),/home/jfechner/workflows/rangeland/nextflow-run/work/57/520fcb80241f2d88a3fc74e31182ce/level2_ard/X0107_Y0105,3644148,2649
,,0,2024-02-14T11:33:02.53370746Z,2024-03-15T11:33:02.53370746Z,2024-03-14T17:55:27.131057Z,CREATE,file_event,NFCORE_RANGELAND:RANGELAND:PREPROCESSING:FORCE_PREPROCESS (LT05_L1TP_181036_19890804_20200916_02_T1) (2649),NFCORE_RANGELAND:RANGELAND:PREPROCESSING:FORCE_PREPROCESS (LT05_L1TP_181036_19890804_20200916_02_T1) (2649),/home/jfechner/workflows/rangeland/nextflow-run/work/57/520fcb80241f2d88a3fc74e31182ce/level2_ard/X0107_Y0105/19890804_LEVEL2_LND05_QAI.tif,3644148,2649
,,0,2024-02-14T11:33:02.53370746Z,2024-03-15T11:33:02.53370746Z,2024-03-14T17:55:27.133879523Z,CREATE,file_event,NFCORE_RANGELAND:RANGELAND:PREPROCESSING:FORCE_PREPROCESS (LT05_L1TP_181036_19890804_20200916_02_T1) (2649),NFCORE_RANGELAND:RANGELAND:PREPROCESSING:FORCE_PREPROCESS (LT05_L1TP_181036_19890804_20200916_02_T1) (2649),/home/jfechner/workflows/rangeland/nextflow-run/work/57/520fcb80241f2d88a3fc74e31182ce/level2_ard/X0107_Y0105/19890804_LEVEL2_LND05_QAI.tif.lock,3644148,2649
,,0,2024-02-14T11:33:02.53370746Z,2024-03-15T11:33:02.53370746Z,2024-03-14T17:55:27.13653073Z,DELETE,file_event,NFCORE_RANGELAND:RANGELAND:PREPROCESSING:FORCE_PREPROCESS (LT05_L1TP_181036_19890804_20200916_02_T1) (2649),NFCORE_RANGELAND:RANGELAND:PREPROCESSING:FORCE_PREPROCESS (LT05_L1TP_181036_19890804_20200916_02_T1) (2649),/home/jfechner/workflows/rangeland/nextflow-run/work/57/520fcb80241f2d88a3fc74e31182ce/level2_ard/X0107_Y0105.lock,3644148,2649
,,0,2024-02-14T11:33:02.53370746Z,2024-03-15T11:33:02.53370746Z,2024-03-14T17:55:27.138455553Z,CREATE,file_event,NFCORE_RANGELAND:RANGELAND:PREPROCESSING:FORCE_PREPROCESS (LT05_L1TP_181036_19890804_20200916_02_T1) (2649),NFCORE_RANGELAND:RANGELAND:PREPROCESSING:FORCE_PREPROCESS (LT05_L1TP_181036_19890804_20200916_02_T1) (2649),/home/jfechner/workflows/rangeland/nextflow-run/work/57/520fcb80241f2d88a3fc74e31182ce/level2_ard/X0107_Y0105/19890804_LEVEL2_LND05_QAI.tif,3644148,2649
,,0,2024-02-14T11:33:02.53370746Z,2024-03-15T11:33:02.53370746Z,2024-03-14T17:55:27.140106518Z,DELETE,file_event,NFCORE_RANGELAND:RANGELAND:PREPROCESSING:FORCE_PREPROCESS (LT05_L1TP_181036_19890804_20200916_02_T1) (2649),NFCORE_RANGELAND:RANGELAND:PREPROCESSING:FORCE_PREPROCESS (LT05_L1TP_181036_19890804_20200916_02_T1) (2649),/home/jfechner/workflows/rangeland/nextflow-run/work/57/520fcb80241f2d88a3fc74e31182ce/level2_ard/X0107_Y0105/19890804_LEVEL2_LND05_QAI.tif.lock,3644148,2649
,,0,2024-02-14T11:33:02.53370746Z,2024-03-15T11:33:02.53370746Z,2024-03-14T17:55:27.141733671Z,CREATE,file_event,NFCORE_RANGELAND:RANGELAND:PREPROCESSING:FORCE_PREPROCESS (LT05_L1TP_181036_19890804_20200916_02_T1) (2649),NFCORE_RANGELAND:RANGELAND:PREPROCESSING:FORCE_PREPROCESS (LT05_L1TP_181036_19890804_20200916_02_T1) (2649),/home/jfechner/workflows/rangeland/nextflow-run/work/57/520fcb80241f2d88a3fc74e31182ce/level2_prov/provenance_20240314.csv.lock,3644148,2649
,,0,2024-02-14T11:33:02.53370746Z,2024-03-15T11:33:02.53370746Z,2024-03-14T17:55:27.143637574Z,DELETE,file_event,NFCORE_RANGELAND:RANGELAND:PREPROCESSING:FORCE_PREPROCESS (LT05_L1TP_181036_19890804_20200916_02_T1) (2649),NFCORE_RANGELAND:RANGELAND:PREPROCESSING:FORCE_PREPROCESS (LT05_L1TP_181036_19890804_20200916_02_T1) (2649),/home/jfechner/workflows/rangeland/nextflow-run/work/57/520fcb80241f2d88a3fc74e31182ce/level2_prov/provenance_20240314.csv.lock,3644148,2649
,,0,2024-02-14T11:33:02.53370746Z,2024-03-15T11:33:02.53370746Z,2024-03-14T17:55:27.145598558Z,CREATE,file_event,NFCORE_RANGELAND:RANGELAND:PREPROCESSING:FORCE_PREPROCESS (LT05_L1TP_181036_19890804_20200916_02_T1) (2649),NFCORE_RANGELAND:RANGELAND:PREPROCESSING:FORCE_PREPROCESS (LT05_L1TP_181036_19890804_20200916_02_T1) (2649),/home/jfechner/workflows/rangeland/nextflow-run/work/57/520fcb80241f2d88a3fc74e31182ce/level2_ard/X0107_Y0105.lock,3644148,2649
,,0,2024-02-14T11:33:02.53370746Z,2024-03-15T11:33:02.53370746Z,2024-03-14T17:55:27.14993027Z,DELETE,file_event,NFCORE_RANGELAND:RANGELAND:PREPROCESSING:FORCE_PREPROCESS (LT05_L1TP_181036_19890804_20200916_02_T1) (2649),NFCORE_RANGELAND:RANGELAND:PREPROCESSING:FORCE_PREPROCESS (LT05_L1TP_181036_19890804_20200916_02_T1) (2649),/home/jfechner/workflows/rangeland/nextflow-run/work/57/520fcb80241f2d88a3fc74e31182ce/level2_ard/X0107_Y0105.lock,3644148,2649
,,0,2024-02-14T11:33:02.53370746Z,2024-03-15T11:33:02.53370746Z,2024-03-14T17:55:27.152016229Z,CREATE,file_event,NFCORE_RANGELAND:RANGELAND:PREPROCESSING:FORCE_PREPROCESS (LT05_L1TP_181036_19890804_20200916_02_T1) (2649),NFCORE_RANGELAND:RANGELAND:PREPROCESSING:FORCE_PREPROCESS (LT05_L1TP_181036_19890804_20200916_02_T1) (2649),/home/jfechner/workflows/rangeland/nextflow-run/work/57/520fcb80241f2d88a3fc74e31182ce/level2_ard/X0107_Y0105/19890804_LEVEL2_LND05_BOA.tif.lock,3644148,2649
,,0,2024-02-14T11:33:02.53370746Z,2024-03-15T11:33:02.53370746Z,2024-03-14T17:55:27.155036288Z,CREATE,file_event,NFCORE_RANGELAND:RANGELAND:PREPROCESSING:FORCE_PREPROCESS (LT05_L1TP_181036_19890804_20200916_02_T1) (2649),NFCORE_RANGELAND:RANGELAND:PREPROCESSING:FORCE_PREPROCESS (LT05_L1TP_181036_19890804_20200916_02_T1) (2649),/home/jfechner/workflows/rangeland/nextflow-run/work/57/520fcb80241f2d88a3fc74e31182ce/level2_ard/X0107_Y0105/19890804_LEVEL2_LND05_BOA.tif,3644148,2649
,,0,2024-02-14T11:33:02.53370746Z,2024-03-15T11:33:02.53370746Z,2024-03-14T17:55:27.169070649Z,DELETE,file_event,NFCORE_RANGELAND:RANGELAND:PREPROCESSING:FORCE_PREPROCESS (LT05_L1TP_181036_19890804_20200916_02_T1) (2649),NFCORE_RANGELAND:RANGELAND:PREPROCESSING:FORCE_PREPROCESS (LT05_L1TP_181036_19890804_20200916_02_T1) (2649),/home/jfechner/workflows/rangeland/nextflow-run/work/57/520fcb80241f2d88a3fc74e31182ce/level2_ard/X0107_Y0105/19890804_LEVEL2_LND05_BOA.tif.lock,3644148,2649
,,0,2024-02-14T11:33:02.53370746Z,2024-03-15T11:33:02.53370746Z,2024-03-14T17:55:27.170448204Z,CREATE,file_event,NFCORE_RANGELAND:RANGELAND:PREPROCESSING:FORCE_PREPROCESS (LT05_L1TP_181036_19890804_20200916_02_T1) (2649),NFCORE_RANGELAND:RANGELAND:PREPROCESSING:FORCE_PREPROCESS (LT05_L1TP_181036_19890804_20200916_02_T1) (2649),/home/jfechner/workflows/rangeland/nextflow-run/work/57/520fcb80241f2d88a3fc74e31182ce/level2_prov/provenance_20240314.csv.lock,3644148,2649
,,0,2024-02-14T11:33:02.53370746Z,2024-03-15T11:33:02.53370746Z,2024-03-14T17:55:27.172221102Z,DELETE,file_event,NFCORE_RANGELAND:RANGELAND:PREPROCESSING:FORCE_PREPROCESS (LT05_L1TP_181036_19890804_20200916_02_T1) (2649),NFCORE_RANGELAND:RANGELAND:PREPROCESSING:FORCE_PREPROCESS (LT05_L1TP_181036_19890804_20200916_02_T1) (2649),/home/jfechner/workflows/rangeland/nextflow-run/work/57/520fcb80241f2d88a3fc74e31182ce/level2_prov/provenance_20240314.csv.lock,3644148,2649
,,0,2024-02-14T11:33:02.53370746Z,2024-03-15T11:33:02.53370746Z,2024-03-14T17:55:27.174037802Z,CREATE,file_event,NFCORE_RANGELAND:RANGELAND:PREPROCESSING:FORCE_PREPROCESS (LT05_L1TP_181036_19890804_20200916_02_T1) (2649),NFCORE_RANGELAND:RANGELAND:PREPROCESSING:FORCE_PREPROCESS (LT05_L1TP_181036_19890804_20200916_02_T1) (2649),/home/jfechner/workflows/rangeland/nextflow-run/work/57/520fcb80241f2d88a3fc74e31182ce/level2_ard/X0107_Y0105.lock,3644148,2649
,,0,2024-02-14T11:33:02.53370746Z,2024-03-15T11:33:02.53370746Z,2024-03-14T17:55:27.175837161Z,DELETE,file_event,NFCORE_RANGELAND:RANGELAND:PREPROCESSING:FORCE_PREPROCESS (LT05_L1TP_181036_19890804_20200916_02_T1) (2649),NFCORE_RANGELAND:RANGELAND:PREPROCESSING:FORCE_PREPROCESS (LT05_L1TP_181036_19890804_20200916_02_T1) (2649),/home/jfechner/workflows/rangeland/nextflow-run/work/57/520fcb80241f2d88a3fc74e31182ce/level2_ard/X0107_Y0105.lock,3644148,2649
,,0,2024-02-14T11:33:02.53370746Z,2024-03-15T11:33:02.53370746Z,2024-03-14T17:55:27.177563667Z,CREATE,file_event,NFCORE_RANGELAND:RANGELAND:PREPROCESSING:FORCE_PREPROCESS (LT05_L1TP_181036_19890804_20200916_02_T1) (2649),NFCORE_RANGELAND:RANGELAND:PREPROCESSING:FORCE_PREPROCESS (LT05_L1TP_181036_19890804_20200916_02_T1) (2649),/home/jfechner/workflows/rangeland/nextflow-run/work/57/520fcb80241f2d88a3fc74e31182ce/level2_ard/X0107_Y0105/19890804_LEVEL2_LND05_OVV.jpg.lock,3644148,2649
,,0,2024-02-14T11:33:02.53370746Z,2024-03-15T11:33:02.53370746Z,2024-03-14T17:55:27.179957006Z,CREATE,file_event,NFCORE_RANGELAND:RANGELAND:PREPROCESSING:FORCE_PREPROCESS (LT05_L1TP_181036_19890804_20200916_02_T1) (2649),NFCORE_RANGELAND:RANGELAND:PREPROCESSING:FORCE_PREPROCESS (LT05_L1TP_181036_19890804_20200916_02_T1) (2649),/home/jfechner/workflows/rangeland/nextflow-run/work/57/520fcb80241f2d88a3fc74e31182ce/level2_ard/X0107_Y0105/19890804_LEVEL2_LND05_OVV.jpg,3644148,2649
,,0,2024-02-14T11:33:02.53370746Z,2024-03-15T11:33:02.53370746Z,2024-03-14T17:55:27.182311494Z,DELETE,file_event,NFCORE_RANGELAND:RANGELAND:PREPROCESSING:FORCE_PREPROCESS (LT05_L1TP_181036_19890804_20200916_02_T1) (2649),NFCORE_RANGELAND:RANGELAND:PREPROCESSING:FORCE_PREPROCESS (LT05_L1TP_181036_19890804_20200916_02_T1) (2649),/home/jfechner/workflows/rangeland/nextflow-run/work/57/520fcb80241f2d88a3fc74e31182ce/level2_ard/X0107_Y0105/19890804_LEVEL2_LND05_OVV.jpg.lock,3644148,2649
,,0,2024-02-14T11:33:02.53370746Z,2024-03-15T11:33:02.53370746Z,2024-03-14T17:55:27.18402601Z,CREATE,file_event,NFCORE_RANGELAND:RANGELAND:PREPROCESSING:FORCE_PREPROCESS (LT05_L1TP_181036_19890804_20200916_02_T1) (2649),NFCORE_RANGELAND:RANGELAND:PREPROCESSING:FORCE_PREPROCESS (LT05_L1TP_181036_19890804_20200916_02_T1) (2649),/home/jfechner/workflows/rangeland/nextflow-run/work/57/520fcb80241f2d88a3fc74e31182ce/level2_prov/provenance_20240314.csv.lock,3644148,2649
,,0,2024-02-14T11:33:02.53370746Z,2024-03-15T11:33:02.53370746Z,2024-03-14T17:55:27.185899612Z,DELETE,file_event,NFCORE_RANGELAND:RANGELAND:PREPROCESSING:FORCE_PREPROCESS (LT05_L1TP_181036_19890804_20200916_02_T1) (2649),NFCORE_RANGELAND:RANGELAND:PREPROCESSING:FORCE_PREPROCESS (LT05_L1TP_181036_19890804_20200916_02_T1) (2649),/home/jfechner/workflows/rangeland/nextflow-run/work/57/520fcb80241f2d88a3fc74e31182ce/level2_prov/provenance_20240314.csv.lock,3644148,2649
,,0,2024-02-14T11:33:02.53370746Z,2024-03-15T11:33:02.53370746Z,2024-03-14T17:55:27.208965159Z,CREATE,file_event,NFCORE_RANGELAND:RANGELAND:PREPROCESSING:FORCE_PREPROCESS (LT05_L1TP_181036_19890804_20200916_02_T1) (2649),NFCORE_RANGELAND:RANGELAND:PREPROCESSING:FORCE_PREPROCESS (LT05_L1TP_181036_19890804_20200916_02_T1) (2649),/home/jfechner/workflows/rangeland/nextflow-run/work/57/520fcb80241f2d88a3fc74e31182ce/level2_ard/X0108_Y0105.lock,3644148,2649
,,0,2024-02-14T11:33:02.53370746Z,2024-03-15T11:33:02.53370746Z,2024-03-14T17:55:27.211660177Z,CREATE,file_event,NFCORE_RANGELAND:RANGELAND:PREPROCESSING:FORCE_PREPROCESS (LT05_L1TP_181036_19890804_20200916_02_T1) (2649),NFCORE_RANGELAND:RANGELAND:PREPROCESSING:FORCE_PREPROCESS (LT05_L1TP_181036_19890804_20200916_02_T1) (2649),/home/jfechner/workflows/rangeland/nextflow-run/work/57/520fcb80241f2d88a3fc74e31182ce/level2_ard/X0108_Y0105,3644148,2649
,,0,2024-02-14T11:33:02.53370746Z,2024-03-15T11:33:02.53370746Z,2024-03-14T17:55:27.214250612Z,CREATE,file_event,NFCORE_RANGELAND:RANGELAND:PREPROCESSING:FORCE_PREPROCESS (LT05_L1TP_181036_19890804_20200916_02_T1) (2649),NFCORE_RANGELAND:RANGELAND:PREPROCESSING:FORCE_PREPROCESS (LT05_L1TP_181036_19890804_20200916_02_T1) (2649),/home/jfechner/workflows/rangeland/nextflow-run/work/57/520fcb80241f2d88a3fc74e31182ce/level2_ard/X0108_Y0105/19890804_LEVEL2_LND05_QAI.tif,3644148,2649
,,0,2024-02-14T11:33:02.53370746Z,2024-03-15T11:33:02.53370746Z,2024-03-14T17:55:27.216980622Z,CREATE,file_event,NFCORE_RANGELAND:RANGELAND:PREPROCESSING:FORCE_PREPROCESS (LT05_L1TP_181036_19890804_20200916_02_T1) (2649),NFCORE_RANGELAND:RANGELAND:PREPROCESSING:FORCE_PREPROCESS (LT05_L1TP_181036_19890804_20200916_02_T1) (2649),/home/jfechner/workflows/rangeland/nextflow-run/work/57/520fcb80241f2d88a3fc74e31182ce/level2_ard/X0108_Y0105/19890804_LEVEL2_LND05_QAI.tif.lock,3644148,2649
,,0,2024-02-14T11:33:02.53370746Z,2024-03-15T11:33:02.53370746Z,2024-03-14T17:55:27.219687471Z,DELETE,file_event,NFCORE_RANGELAND:RANGELAND:PREPROCESSING:FORCE_PREPROCESS (LT05_L1TP_181036_19890804_20200916_02_T1) (2649),NFCORE_RANGELAND:RANGELAND:PREPROCESSING:FORCE_PREPROCESS (LT05_L1TP_181036_19890804_20200916_02_T1) (2649),/home/jfechner/workflows/rangeland/nextflow-run/work/57/520fcb80241f2d88a3fc74e31182ce/level2_ard/X0108_Y0105.lock,3644148,2649
,,0,2024-02-14T11:33:02.53370746Z,2024-03-15T11:33:02.53370746Z,2024-03-14T17:55:27.221517191Z,CREATE,file_event,NFCORE_RANGELAND:RANGELAND:PREPROCESSING:FORCE_PREPROCESS (LT05_L1TP_181036_19890804_20200916_02_T1) (2649),NFCORE_RANGELAND:RANGELAND:PREPROCESSING:FORCE_PREPROCESS (LT05_L1TP_181036_19890804_20200916_02_T1) (2649),/home/jfechner/workflows/rangeland/nextflow-run/work/57/520fcb80241f2d88a3fc74e31182ce/level2_ard/X0108_Y0105/19890804_LEVEL2_LND05_QAI.tif,3644148,2649
,,0,2024-02-14T11:33:02.53370746Z,2024-03-15T11:33:02.53370746Z,2024-03-14T17:55:27.223361251Z,DELETE,file_event,NFCORE_RANGELAND:RANGELAND:PREPROCESSING:FORCE_PREPROCESS (LT05_L1TP_181036_19890804_20200916_02_T1) (2649),NFCORE_RANGELAND:RANGELAND:PREPROCESSING:FORCE_PREPROCESS (LT05_L1TP_181036_19890804_20200916_02_T1) (2649),/home/jfechner/workflows/rangeland/nextflow-run/work/57/520fcb80241f2d88a3fc74e31182ce/level2_ard/X0108_Y0105/19890804_LEVEL2_LND05_QAI.tif.lock,3644148,2649
,,0,2024-02-14T11:33:02.53370746Z,2024-03-15T11:33:02.53370746Z,2024-03-14T17:55:27.224925853Z,CREATE,file_event,NFCORE_RANGELAND:RANGELAND:PREPROCESSING:FORCE_PREPROCESS (LT05_L1TP_181036_19890804_20200916_02_T1) (2649),NFCORE_RANGELAND:RANGELAND:PREPROCESSING:FORCE_PREPROCESS (LT05_L1TP_181036_19890804_20200916_02_T1) (2649),/home/jfechner/workflows/rangeland/nextflow-run/work/57/520fcb80241f2d88a3fc74e31182ce/level2_prov/provenance_20240314.csv.lock,3644148,2649
,,0,2024-02-14T11:33:02.53370746Z,2024-03-15T11:33:02.53370746Z,2024-03-14T17:55:27.226614008Z,DELETE,file_event,NFCORE_RANGELAND:RANGELAND:PREPROCESSING:FORCE_PREPROCESS (LT05_L1TP_181036_19890804_20200916_02_T1) (2649),NFCORE_RANGELAND:RANGELAND:PREPROCESSING:FORCE_PREPROCESS (LT05_L1TP_181036_19890804_20200916_02_T1) (2649),/home/jfechner/workflows/rangeland/nextflow-run/work/57/520fcb80241f2d88a3fc74e31182ce/level2_prov/provenance_20240314.csv.lock,3644148,2649
,,0,2024-02-14T11:33:02.53370746Z,2024-03-15T11:33:02.53370746Z,2024-03-14T17:55:27.228252562Z,CREATE,file_event,NFCORE_RANGELAND:RANGELAND:PREPROCESSING:FORCE_PREPROCESS (LT05_L1TP_181036_19890804_20200916_02_T1) (2649),NFCORE_RANGELAND:RANGELAND:PREPROCESSING:FORCE_PREPROCESS (LT05_L1TP_181036_19890804_20200916_02_T1) (2649),/home/jfechner/workflows/rangeland/nextflow-run/work/57/520fcb80241f2d88a3fc74e31182ce/level2_ard/X0108_Y0105.lock,3644148,2649
,,0,2024-02-14T11:33:02.53370746Z,2024-03-15T11:33:02.53370746Z,2024-03-14T17:55:27.22999708Z,DELETE,file_event,NFCORE_RANGELAND:RANGELAND:PREPROCESSING:FORCE_PREPROCESS (LT05_L1TP_181036_19890804_20200916_02_T1) (2649),NFCORE_RANGELAND:RANGELAND:PREPROCESSING:FORCE_PREPROCESS (LT05_L1TP_181036_19890804_20200916_02_T1) (2649),/home/jfechner/workflows/rangeland/nextflow-run/work/57/520fcb80241f2d88a3fc74e31182ce/level2_ard/X0108_Y0105.lock,3644148,2649
,,0,2024-02-14T11:33:02.53370746Z,2024-03-15T11:33:02.53370746Z,2024-03-14T17:55:27.232090598Z,CREATE,file_event,NFCORE_RANGELAND:RANGELAND:PREPROCESSING:FORCE_PREPROCESS (LT05_L1TP_181036_19890804_20200916_02_T1) (2649),NFCORE_RANGELAND:RANGELAND:PREPROCESSING:FORCE_PREPROCESS (LT05_L1TP_181036_19890804_20200916_02_T1) (2649),/home/jfechner/workflows/rangeland/nextflow-run/work/57/520fcb80241f2d88a3fc74e31182ce/level2_ard/X0108_Y0105/19890804_LEVEL2_LND05_BOA.tif.lock,3644148,2649
,,0,2024-02-14T11:33:02.53370746Z,2024-03-15T11:33:02.53370746Z,2024-03-14T17:55:27.235341315Z,CREATE,file_event,NFCORE_RANGELAND:RANGELAND:PREPROCESSING:FORCE_PREPROCESS (LT05_L1TP_181036_19890804_20200916_02_T1) (2649),NFCORE_RANGELAND:RANGELAND:PREPROCESSING:FORCE_PREPROCESS (LT05_L1TP_181036_19890804_20200916_02_T1) (2649),/home/jfechner/workflows/rangeland/nextflow-run/work/57/520fcb80241f2d88a3fc74e31182ce/level2_ard/X0108_Y0105/19890804_LEVEL2_LND05_BOA.tif,3644148,2649
,,0,2024-02-14T11:33:02.53370746Z,2024-03-15T11:33:02.53370746Z,2024-03-14T17:55:27.252411905Z,DELETE,file_event,NFCORE_RANGELAND:RANGELAND:PREPROCESSING:FORCE_PREPROCESS (LT05_L1TP_181036_19890804_20200916_02_T1) (2649),NFCORE_RANGELAND:RANGELAND:PREPROCESSING:FORCE_PREPROCESS (LT05_L1TP_181036_19890804_20200916_02_T1) (2649),/home/jfechner/workflows/rangeland/nextflow-run/work/57/520fcb80241f2d88a3fc74e31182ce/level2_ard/X0108_Y0105/19890804_LEVEL2_LND05_BOA.tif.lock,3644148,2649
,,0,2024-02-14T11:33:02.53370746Z,2024-03-15T11:33:02.53370746Z,2024-03-14T17:55:27.253843152Z,CREATE,file_event,NFCORE_RANGELAND:RANGELAND:PREPROCESSING:FORCE_PREPROCESS (LT05_L1TP_181036_19890804_20200916_02_T1) (2649),NFCORE_RANGELAND:RANGELAND:PREPROCESSING:FORCE_PREPROCESS (LT05_L1TP_181036_19890804_20200916_02_T1) (2649),/home/jfechner/workflows/rangeland/nextflow-run/work/57/520fcb80241f2d88a3fc74e31182ce/level2_prov/provenance_20240314.csv.lock,3644148,2649
,,0,2024-02-14T11:33:02.53370746Z,2024-03-15T11:33:02.53370746Z,2024-03-14T17:55:27.255401074Z,DELETE,file_event,NFCORE_RANGELAND:RANGELAND:PREPROCESSING:FORCE_PREPROCESS (LT05_L1TP_181036_19890804_20200916_02_T1) (2649),NFCORE_RANGELAND:RANGELAND:PREPROCESSING:FORCE_PREPROCESS (LT05_L1TP_181036_19890804_20200916_02_T1) (2649),/home/jfechner/workflows/rangeland/nextflow-run/work/57/520fcb80241f2d88a3fc74e31182ce/level2_prov/provenance_20240314.csv.lock,3644148,2649
,,0,2024-02-14T11:33:02.53370746Z,2024-03-15T11:33:02.53370746Z,2024-03-14T17:55:27.257282815Z,CREATE,file_event,NFCORE_RANGELAND:RANGELAND:PREPROCESSING:FORCE_PREPROCESS (LT05_L1TP_181036_19890804_20200916_02_T1) (2649),NFCORE_RANGELAND:RANGELAND:PREPROCESSING:FORCE_PREPROCESS (LT05_L1TP_181036_19890804_20200916_02_T1) (2649),/home/jfechner/workflows/rangeland/nextflow-run/work/57/520fcb80241f2d88a3fc74e31182ce/level2_ard/X0108_Y0105.lock,3644148,2649
,,0,2024-02-14T11:33:02.53370746Z,2024-03-15T11:33:02.53370746Z,2024-03-14T17:55:27.259267731Z,DELETE,file_event,NFCORE_RANGELAND:RANGELAND:PREPROCESSING:FORCE_PREPROCESS (LT05_L1TP_181036_19890804_20200916_02_T1) (2649),NFCORE_RANGELAND:RANGELAND:PREPROCESSING:FORCE_PREPROCESS (LT05_L1TP_181036_19890804_20200916_02_T1) (2649),/home/jfechner/workflows/rangeland/nextflow-run/work/57/520fcb80241f2d88a3fc74e31182ce/level2_ard/X0108_Y0105.lock,3644148,2649
,,0,2024-02-14T11:33:02.53370746Z,2024-03-15T11:33:02.53370746Z,2024-03-14T17:55:27.26107917Z,CREATE,file_event,NFCORE_RANGELAND:RANGELAND:PREPROCESSING:FORCE_PREPROCESS (LT05_L1TP_181036_19890804_20200916_02_T1) (2649),NFCORE_RANGELAND:RANGELAND:PREPROCESSING:FORCE_PREPROCESS (LT05_L1TP_181036_19890804_20200916_02_T1) (2649),/home/jfechner/workflows/rangeland/nextflow-run/work/57/520fcb80241f2d88a3fc74e31182ce/level2_ard/X0108_Y0105/19890804_LEVEL2_LND05_OVV.jpg.lock,3644148,2649
,,0,2024-02-14T11:33:02.53370746Z,2024-03-15T11:33:02.53370746Z,2024-03-14T17:55:27.263602573Z,CREATE,file_event,NFCORE_RANGELAND:RANGELAND:PREPROCESSING:FORCE_PREPROCESS (LT05_L1TP_181036_19890804_20200916_02_T1) (2649),NFCORE_RANGELAND:RANGELAND:PREPROCESSING:FORCE_PREPROCESS (LT05_L1TP_181036_19890804_20200916_02_T1) (2649),/home/jfechner/workflows/rangeland/nextflow-run/work/57/520fcb80241f2d88a3fc74e31182ce/level2_ard/X0108_Y0105/19890804_LEVEL2_LND05_OVV.jpg,3644148,2649
,,0,2024-02-14T11:33:02.53370746Z,2024-03-15T11:33:02.53370746Z,2024-03-14T17:55:27.266017132Z,DELETE,file_event,NFCORE_RANGELAND:RANGELAND:PREPROCESSING:FORCE_PREPROCESS (LT05_L1TP_181036_19890804_20200916_02_T1) (2649),NFCORE_RANGELAND:RANGELAND:PREPROCESSING:FORCE_PREPROCESS (LT05_L1TP_181036_19890804_20200916_02_T1) (2649),/home/jfechner/workflows/rangeland/nextflow-run/work/57/520fcb80241f2d88a3fc74e31182ce/level2_ard/X0108_Y0105/19890804_LEVEL2_LND05_OVV.jpg.lock,3644148,2649
,,0,2024-02-14T11:33:02.53370746Z,2024-03-15T11:33:02.53370746Z,2024-03-14T17:55:27.267794971Z,CREATE,file_event,NFCORE_RANGELAND:RANGELAND:PREPROCESSING:FORCE_PREPROCESS (LT05_L1TP_181036_19890804_20200916_02_T1) (2649),NFCORE_RANGELAND:RANGELAND:PREPROCESSING:FORCE_PREPROCESS (LT05_L1TP_181036_19890804_20200916_02_T1) (2649),/home/jfechner/workflows/rangeland/nextflow-run/work/57/520fcb80241f2d88a3fc74e31182ce/level2_prov/provenance_20240314.csv.lock,3644148,2649
,,0,2024-02-14T11:33:02.53370746Z,2024-03-15T11:33:02.53370746Z,2024-03-14T17:55:27.269633561Z,DELETE,file_event,NFCORE_RANGELAND:RANGELAND:PREPROCESSING:FORCE_PREPROCESS (LT05_L1TP_181036_19890804_20200916_02_T1) (2649),NFCORE_RANGELAND:RANGELAND:PREPROCESSING:FORCE_PREPROCESS (LT05_L1TP_181036_19890804_20200916_02_T1) (2649),/home/jfechner/workflows/rangeland/nextflow-run/work/57/520fcb80241f2d88a3fc74e31182ce/level2_prov/provenance_20240314.csv.lock,3644148,2649
,,0,2024-02-14T11:33:02.53370746Z,2024-03-15T11:33:02.53370746Z,2024-03-14T17:55:27.291110706Z,CREATE,file_event,NFCORE_RANGELAND:RANGELAND:PREPROCESSING:FORCE_PREPROCESS (LT05_L1TP_181036_19890804_20200916_02_T1) (2649),NFCORE_RANGELAND:RANGELAND:PREPROCESSING:FORCE_PREPROCESS (LT05_L1TP_181036_19890804_20200916_02_T1) (2649),/home/jfechner/workflows/rangeland/nextflow-run/work/57/520fcb80241f2d88a3fc74e31182ce/level2_ard/X0109_Y0105.lock,3644148,2649
,,0,2024-02-14T11:33:02.53370746Z,2024-03-15T11:33:02.53370746Z,2024-03-14T17:55:27.293892058Z,CREATE,file_event,NFCORE_RANGELAND:RANGELAND:PREPROCESSING:FORCE_PREPROCESS (LT05_L1TP_181036_19890804_20200916_02_T1) (2649),NFCORE_RANGELAND:RANGELAND:PREPROCESSING:FORCE_PREPROCESS (LT05_L1TP_181036_19890804_20200916_02_T1) (2649),/home/jfechner/workflows/rangeland/nextflow-run/work/57/520fcb80241f2d88a3fc74e31182ce/level2_ard/X0109_Y0105,3644148,2649
,,0,2024-02-14T11:33:02.53370746Z,2024-03-15T11:33:02.53370746Z,2024-03-14T17:55:27.296490683Z,CREATE,file_event,NFCORE_RANGELAND:RANGELAND:PREPROCESSING:FORCE_PREPROCESS (LT05_L1TP_181036_19890804_20200916_02_T1) (2649),NFCORE_RANGELAND:RANGELAND:PREPROCESSING:FORCE_PREPROCESS (LT05_L1TP_181036_19890804_20200916_02_T1) (2649),/home/jfechner/workflows/rangeland/nextflow-run/work/57/520fcb80241f2d88a3fc74e31182ce/level2_ard/X0109_Y0105/19890804_LEVEL2_LND05_QAI.tif,3644148,2649
,,0,2024-02-14T11:33:02.53370746Z,2024-03-15T11:33:02.53370746Z,2024-03-14T17:55:27.299418129Z,CREATE,file_event,NFCORE_RANGELAND:RANGELAND:PREPROCESSING:FORCE_PREPROCESS (LT05_L1TP_181036_19890804_20200916_02_T1) (2649),NFCORE_RANGELAND:RANGELAND:PREPROCESSING:FORCE_PREPROCESS (LT05_L1TP_181036_19890804_20200916_02_T1) (2649),/home/jfechner/workflows/rangeland/nextflow-run/work/57/520fcb80241f2d88a3fc74e31182ce/level2_ard/X0109_Y0105/19890804_LEVEL2_LND05_QAI.tif.lock,3644148,2649
,,0,2024-02-14T11:33:02.53370746Z,2024-03-15T11:33:02.53370746Z,2024-03-14T17:55:27.302113498Z,DELETE,file_event,NFCORE_RANGELAND:RANGELAND:PREPROCESSING:FORCE_PREPROCESS (LT05_L1TP_181036_19890804_20200916_02_T1) (2649),NFCORE_RANGELAND:RANGELAND:PREPROCESSING:FORCE_PREPROCESS (LT05_L1TP_181036_19890804_20200916_02_T1) (2649),/home/jfechner/workflows/rangeland/nextflow-run/work/57/520fcb80241f2d88a3fc74e31182ce/level2_ard/X0109_Y0105.lock,3644148,2649
,,0,2024-02-14T11:33:02.53370746Z,2024-03-15T11:33:02.53370746Z,2024-03-14T17:55:27.304027581Z,CREATE,file_event,NFCORE_RANGELAND:RANGELAND:PREPROCESSING:FORCE_PREPROCESS (LT05_L1TP_181036_19890804_20200916_02_T1) (2649),NFCORE_RANGELAND:RANGELAND:PREPROCESSING:FORCE_PREPROCESS (LT05_L1TP_181036_19890804_20200916_02_T1) (2649),/home/jfechner/workflows/rangeland/nextflow-run/work/57/520fcb80241f2d88a3fc74e31182ce/level2_ard/X0109_Y0105/19890804_LEVEL2_LND05_QAI.tif,3644148,2649
,,0,2024-02-14T11:33:02.53370746Z,2024-03-15T11:33:02.53370746Z,2024-03-14T17:55:27.305962354Z,DELETE,file_event,NFCORE_RANGELAND:RANGELAND:PREPROCESSING:FORCE_PREPROCESS (LT05_L1TP_181036_19890804_20200916_02_T1) (2649),NFCORE_RANGELAND:RANGELAND:PREPROCESSING:FORCE_PREPROCESS (LT05_L1TP_181036_19890804_20200916_02_T1) (2649),/home/jfechner/workflows/rangeland/nextflow-run/work/57/520fcb80241f2d88a3fc74e31182ce/level2_ard/X0109_Y0105/19890804_LEVEL2_LND05_QAI.tif.lock,3644148,2649
,,0,2024-02-14T11:33:02.53370746Z,2024-03-15T11:33:02.53370746Z,2024-03-14T17:55:27.307810725Z,CREATE,file_event,NFCORE_RANGELAND:RANGELAND:PREPROCESSING:FORCE_PREPROCESS (LT05_L1TP_181036_19890804_20200916_02_T1) (2649),NFCORE_RANGELAND:RANGELAND:PREPROCESSING:FORCE_PREPROCESS (LT05_L1TP_181036_19890804_20200916_02_T1) (2649),/home/jfechner/workflows/rangeland/nextflow-run/work/57/520fcb80241f2d88a3fc74e31182ce/level2_prov/provenance_20240314.csv.lock,3644148,2649
,,0,2024-02-14T11:33:02.53370746Z,2024-03-15T11:33:02.53370746Z,2024-03-14T17:55:27.309524511Z,DELETE,file_event,NFCORE_RANGELAND:RANGELAND:PREPROCESSING:FORCE_PREPROCESS (LT05_L1TP_181036_19890804_20200916_02_T1) (2649),NFCORE_RANGELAND:RANGELAND:PREPROCESSING:FORCE_PREPROCESS (LT05_L1TP_181036_19890804_20200916_02_T1) (2649),/home/jfechner/workflows/rangeland/nextflow-run/work/57/520fcb80241f2d88a3fc74e31182ce/level2_prov/provenance_20240314.csv.lock,3644148,2649
,,0,2024-02-14T11:33:02.53370746Z,2024-03-15T11:33:02.53370746Z,2024-03-14T17:55:27.311213537Z,CREATE,file_event,NFCORE_RANGELAND:RANGELAND:PREPROCESSING:FORCE_PREPROCESS (LT05_L1TP_181036_19890804_20200916_02_T1) (2649),NFCORE_RANGELAND:RANGELAND:PREPROCESSING:FORCE_PREPROCESS (LT05_L1TP_181036_19890804_20200916_02_T1) (2649),/home/jfechner/workflows/rangeland/nextflow-run/work/57/520fcb80241f2d88a3fc74e31182ce/level2_ard/X0109_Y0105.lock,3644148,2649
,,0,2024-02-14T11:33:02.53370746Z,2024-03-15T11:33:02.53370746Z,2024-03-14T17:55:27.313048967Z,DELETE,file_event,NFCORE_RANGELAND:RANGELAND:PREPROCESSING:FORCE_PREPROCESS (LT05_L1TP_181036_19890804_20200916_02_T1) (2649),NFCORE_RANGELAND:RANGELAND:PREPROCESSING:FORCE_PREPROCESS (LT05_L1TP_181036_19890804_20200916_02_T1) (2649),/home/jfechner/workflows/rangeland/nextflow-run/work/57/520fcb80241f2d88a3fc74e31182ce/level2_ard/X0109_Y0105.lock,3644148,2649
,,0,2024-02-14T11:33:02.53370746Z,2024-03-15T11:33:02.53370746Z,2024-03-14T17:55:27.314990641Z,CREATE,file_event,NFCORE_RANGELAND:RANGELAND:PREPROCESSING:FORCE_PREPROCESS (LT05_L1TP_181036_19890804_20200916_02_T1) (2649),NFCORE_RANGELAND:RANGELAND:PREPROCESSING:FORCE_PREPROCESS (LT05_L1TP_181036_19890804_20200916_02_T1) (2649),/home/jfechner/workflows/rangeland/nextflow-run/work/57/520fcb80241f2d88a3fc74e31182ce/level2_ard/X0109_Y0105/19890804_LEVEL2_LND05_BOA.tif.lock,3644148,2649
,,0,2024-02-14T11:33:02.53370746Z,2024-03-15T11:33:02.53370746Z,2024-03-14T17:55:27.318249807Z,CREATE,file_event,NFCORE_RANGELAND:RANGELAND:PREPROCESSING:FORCE_PREPROCESS (LT05_L1TP_181036_19890804_20200916_02_T1) (2649),NFCORE_RANGELAND:RANGELAND:PREPROCESSING:FORCE_PREPROCESS (LT05_L1TP_181036_19890804_20200916_02_T1) (2649),/home/jfechner/workflows/rangeland/nextflow-run/work/57/520fcb80241f2d88a3fc74e31182ce/level2_ard/X0109_Y0105/19890804_LEVEL2_LND05_BOA.tif,3644148,2649
,,0,2024-02-14T11:33:02.53370746Z,2024-03-15T11:33:02.53370746Z,2024-03-14T17:55:27.341112918Z,DELETE,file_event,NFCORE_RANGELAND:RANGELAND:PREPROCESSING:FORCE_PREPROCESS (LT05_L1TP_181036_19890804_20200916_02_T1) (2649),NFCORE_RANGELAND:RANGELAND:PREPROCESSING:FORCE_PREPROCESS (LT05_L1TP_181036_19890804_20200916_02_T1) (2649),/home/jfechner/workflows/rangeland/nextflow-run/work/57/520fcb80241f2d88a3fc74e31182ce/level2_ard/X0109_Y0105/19890804_LEVEL2_LND05_BOA.tif.lock,3644148,2649
,,0,2024-02-14T11:33:02.53370746Z,2024-03-15T11:33:02.53370746Z,2024-03-14T17:55:27.343007891Z,CREATE,file_event,NFCORE_RANGELAND:RANGELAND:PREPROCESSING:FORCE_PREPROCESS (LT05_L1TP_181036_19890804_20200916_02_T1) (2649),NFCORE_RANGELAND:RANGELAND:PREPROCESSING:FORCE_PREPROCESS (LT05_L1TP_181036_19890804_20200916_02_T1) (2649),/home/jfechner/workflows/rangeland/nextflow-run/work/57/520fcb80241f2d88a3fc74e31182ce/level2_prov/provenance_20240314.csv.lock,3644148,2649
,,0,2024-02-14T11:33:02.53370746Z,2024-03-15T11:33:02.53370746Z,2024-03-14T17:55:27.344857131Z,DELETE,file_event,NFCORE_RANGELAND:RANGELAND:PREPROCESSING:FORCE_PREPROCESS (LT05_L1TP_181036_19890804_20200916_02_T1) (2649),NFCORE_RANGELAND:RANGELAND:PREPROCESSING:FORCE_PREPROCESS (LT05_L1TP_181036_19890804_20200916_02_T1) (2649),/home/jfechner/workflows/rangeland/nextflow-run/work/57/520fcb80241f2d88a3fc74e31182ce/level2_prov/provenance_20240314.csv.lock,3644148,2649
,,0,2024-02-14T11:33:02.53370746Z,2024-03-15T11:33:02.53370746Z,2024-03-14T17:55:27.34664751Z,CREATE,file_event,NFCORE_RANGELAND:RANGELAND:PREPROCESSING:FORCE_PREPROCESS (LT05_L1TP_181036_19890804_20200916_02_T1) (2649),NFCORE_RANGELAND:RANGELAND:PREPROCESSING:FORCE_PREPROCESS (LT05_L1TP_181036_19890804_20200916_02_T1) (2649),/home/jfechner/workflows/rangeland/nextflow-run/work/57/520fcb80241f2d88a3fc74e31182ce/level2_ard/X0109_Y0105.lock,3644148,2649
,,0,2024-02-14T11:33:02.53370746Z,2024-03-15T11:33:02.53370746Z,2024-03-14T17:55:27.348543392Z,DELETE,file_event,NFCORE_RANGELAND:RANGELAND:PREPROCESSING:FORCE_PREPROCESS (LT05_L1TP_181036_19890804_20200916_02_T1) (2649),NFCORE_RANGELAND:RANGELAND:PREPROCESSING:FORCE_PREPROCESS (LT05_L1TP_181036_19890804_20200916_02_T1) (2649),/home/jfechner/workflows/rangeland/nextflow-run/work/57/520fcb80241f2d88a3fc74e31182ce/level2_ard/X0109_Y0105.lock,3644148,2649
,,0,2024-02-14T11:33:02.53370746Z,2024-03-15T11:33:02.53370746Z,2024-03-14T17:55:27.350237108Z,CREATE,file_event,NFCORE_RANGELAND:RANGELAND:PREPROCESSING:FORCE_PREPROCESS (LT05_L1TP_181036_19890804_20200916_02_T1) (2649),NFCORE_RANGELAND:RANGELAND:PREPROCESSING:FORCE_PREPROCESS (LT05_L1TP_181036_19890804_20200916_02_T1) (2649),/home/jfechner/workflows/rangeland/nextflow-run/work/57/520fcb80241f2d88a3fc74e31182ce/level2_ard/X0109_Y0105/19890804_LEVEL2_LND05_OVV.jpg.lock,3644148,2649
,,0,2024-02-14T11:33:02.53370746Z,2024-03-15T11:33:02.53370746Z,2024-03-14T17:55:27.352652967Z,CREATE,file_event,NFCORE_RANGELAND:RANGELAND:PREPROCESSING:FORCE_PREPROCESS (LT05_L1TP_181036_19890804_20200916_02_T1) (2649),NFCORE_RANGELAND:RANGELAND:PREPROCESSING:FORCE_PREPROCESS (LT05_L1TP_181036_19890804_20200916_02_T1) (2649),/home/jfechner/workflows/rangeland/nextflow-run/work/57/520fcb80241f2d88a3fc74e31182ce/level2_ard/X0109_Y0105/19890804_LEVEL2_LND05_OVV.jpg,3644148,2649
,,0,2024-02-14T11:33:02.53370746Z,2024-03-15T11:33:02.53370746Z,2024-03-14T17:55:27.355072727Z,DELETE,file_event,NFCORE_RANGELAND:RANGELAND:PREPROCESSING:FORCE_PREPROCESS (LT05_L1TP_181036_19890804_20200916_02_T1) (2649),NFCORE_RANGELAND:RANGELAND:PREPROCESSING:FORCE_PREPROCESS (LT05_L1TP_181036_19890804_20200916_02_T1) (2649),/home/jfechner/workflows/rangeland/nextflow-run/work/57/520fcb80241f2d88a3fc74e31182ce/level2_ard/X0109_Y0105/19890804_LEVEL2_LND05_OVV.jpg.lock,3644148,2649
,,0,2024-02-14T11:33:02.53370746Z,2024-03-15T11:33:02.53370746Z,2024-03-14T17:55:27.356907027Z,CREATE,file_event,NFCORE_RANGELAND:RANGELAND:PREPROCESSING:FORCE_PREPROCESS (LT05_L1TP_181036_19890804_20200916_02_T1) (2649),NFCORE_RANGELAND:RANGELAND:PREPROCESSING:FORCE_PREPROCESS (LT05_L1TP_181036_19890804_20200916_02_T1) (2649),/home/jfechner/workflows/rangeland/nextflow-run/work/57/520fcb80241f2d88a3fc74e31182ce/level2_prov/provenance_20240314.csv.lock,3644148,2649
,,0,2024-02-14T11:33:02.53370746Z,2024-03-15T11:33:02.53370746Z,2024-03-14T17:55:27.358905803Z,DELETE,file_event,NFCORE_RANGELAND:RANGELAND:PREPROCESSING:FORCE_PREPROCESS (LT05_L1TP_181036_19890804_20200916_02_T1) (2649),NFCORE_RANGELAND:RANGELAND:PREPROCESSING:FORCE_PREPROCESS (LT05_L1TP_181036_19890804_20200916_02_T1) (2649),/home/jfechner/workflows/rangeland/nextflow-run/work/57/520fcb80241f2d88a3fc74e31182ce/level2_prov/provenance_20240314.csv.lock,3644148,2649
,,0,2024-02-14T11:33:02.53370746Z,2024-03-15T11:33:02.53370746Z,2024-03-14T17:55:27.374482054Z,CREATE,file_event,NFCORE_RANGELAND:RANGELAND:PREPROCESSING:FORCE_PREPROCESS (LT05_L1TP_181036_19890804_20200916_02_T1) (2649),NFCORE_RANGELAND:RANGELAND:PREPROCESSING:FORCE_PREPROCESS (LT05_L1TP_181036_19890804_20200916_02_T1) (2649),/home/jfechner/workflows/rangeland/nextflow-run/work/57/520fcb80241f2d88a3fc74e31182ce/level2_ard/X0110_Y0105.lock,3644148,2649
,,0,2024-02-14T11:33:02.53370746Z,2024-03-15T11:33:02.53370746Z,2024-03-14T17:55:27.377529774Z,CREATE,file_event,NFCORE_RANGELAND:RANGELAND:PREPROCESSING:FORCE_PREPROCESS (LT05_L1TP_181036_19890804_20200916_02_T1) (2649),NFCORE_RANGELAND:RANGELAND:PREPROCESSING:FORCE_PREPROCESS (LT05_L1TP_181036_19890804_20200916_02_T1) (2649),/home/jfechner/workflows/rangeland/nextflow-run/work/57/520fcb80241f2d88a3fc74e31182ce/level2_ard/X0110_Y0105,3644148,2649
,,0,2024-02-14T11:33:02.53370746Z,2024-03-15T11:33:02.53370746Z,2024-03-14T17:55:27.380380358Z,CREATE,file_event,NFCORE_RANGELAND:RANGELAND:PREPROCESSING:FORCE_PREPROCESS (LT05_L1TP_181036_19890804_20200916_02_T1) (2649),NFCORE_RANGELAND:RANGELAND:PREPROCESSING:FORCE_PREPROCESS (LT05_L1TP_181036_19890804_20200916_02_T1) (2649),/home/jfechner/workflows/rangeland/nextflow-run/work/57/520fcb80241f2d88a3fc74e31182ce/level2_ard/X0110_Y0105/19890804_LEVEL2_LND05_QAI.tif,3644148,2649
,,0,2024-02-14T11:33:02.53370746Z,2024-03-15T11:33:02.53370746Z,2024-03-14T17:55:27.383026105Z,CREATE,file_event,NFCORE_RANGELAND:RANGELAND:PREPROCESSING:FORCE_PREPROCESS (LT05_L1TP_181036_19890804_20200916_02_T1) (2649),NFCORE_RANGELAND:RANGELAND:PREPROCESSING:FORCE_PREPROCESS (LT05_L1TP_181036_19890804_20200916_02_T1) (2649),/home/jfechner/workflows/rangeland/nextflow-run/work/57/520fcb80241f2d88a3fc74e31182ce/level2_ard/X0110_Y0105/19890804_LEVEL2_LND05_QAI.tif.lock,3644148,2649
,,0,2024-02-14T11:33:02.53370746Z,2024-03-15T11:33:02.53370746Z,2024-03-14T17:55:27.385573768Z,DELETE,file_event,NFCORE_RANGELAND:RANGELAND:PREPROCESSING:FORCE_PREPROCESS (LT05_L1TP_181036_19890804_20200916_02_T1) (2649),NFCORE_RANGELAND:RANGELAND:PREPROCESSING:FORCE_PREPROCESS (LT05_L1TP_181036_19890804_20200916_02_T1) (2649),/home/jfechner/workflows/rangeland/nextflow-run/work/57/520fcb80241f2d88a3fc74e31182ce/level2_ard/X0110_Y0105.lock,3644148,2649
,,0,2024-02-14T11:33:02.53370746Z,2024-03-15T11:33:02.53370746Z,2024-03-14T17:55:27.387427329Z,CREATE,file_event,NFCORE_RANGELAND:RANGELAND:PREPROCESSING:FORCE_PREPROCESS (LT05_L1TP_181036_19890804_20200916_02_T1) (2649),NFCORE_RANGELAND:RANGELAND:PREPROCESSING:FORCE_PREPROCESS (LT05_L1TP_181036_19890804_20200916_02_T1) (2649),/home/jfechner/workflows/rangeland/nextflow-run/work/57/520fcb80241f2d88a3fc74e31182ce/level2_ard/X0110_Y0105/19890804_LEVEL2_LND05_QAI.tif,3644148,2649
,,0,2024-02-14T11:33:02.53370746Z,2024-03-15T11:33:02.53370746Z,2024-03-14T17:55:27.389125845Z,DELETE,file_event,NFCORE_RANGELAND:RANGELAND:PREPROCESSING:FORCE_PREPROCESS (LT05_L1TP_181036_19890804_20200916_02_T1) (2649),NFCORE_RANGELAND:RANGELAND:PREPROCESSING:FORCE_PREPROCESS (LT05_L1TP_181036_19890804_20200916_02_T1) (2649),/home/jfechner/workflows/rangeland/nextflow-run/work/57/520fcb80241f2d88a3fc74e31182ce/level2_ard/X0110_Y0105/19890804_LEVEL2_LND05_QAI.tif.lock,3644148,2649
,,0,2024-02-14T11:33:02.53370746Z,2024-03-15T11:33:02.53370746Z,2024-03-14T17:55:27.390759909Z,CREATE,file_event,NFCORE_RANGELAND:RANGELAND:PREPROCESSING:FORCE_PREPROCESS (LT05_L1TP_181036_19890804_20200916_02_T1) (2649),NFCORE_RANGELAND:RANGELAND:PREPROCESSING:FORCE_PREPROCESS (LT05_L1TP_181036_19890804_20200916_02_T1) (2649),/home/jfechner/workflows/rangeland/nextflow-run/work/57/520fcb80241f2d88a3fc74e31182ce/level2_prov/provenance_20240314.csv.lock,3644148,2649
,,0,2024-02-14T11:33:02.53370746Z,2024-03-15T11:33:02.53370746Z,2024-03-14T17:55:27.392559328Z,DELETE,file_event,NFCORE_RANGELAND:RANGELAND:PREPROCESSING:FORCE_PREPROCESS (LT05_L1TP_181036_19890804_20200916_02_T1) (2649),NFCORE_RANGELAND:RANGELAND:PREPROCESSING:FORCE_PREPROCESS (LT05_L1TP_181036_19890804_20200916_02_T1) (2649),/home/jfechner/workflows/rangeland/nextflow-run/work/57/520fcb80241f2d88a3fc74e31182ce/level2_prov/provenance_20240314.csv.lock,3644148,2649
,,0,2024-02-14T11:33:02.53370746Z,2024-03-15T11:33:02.53370746Z,2024-03-14T17:55:27.394598265Z,CREATE,file_event,NFCORE_RANGELAND:RANGELAND:PREPROCESSING:FORCE_PREPROCESS (LT05_L1TP_181036_19890804_20200916_02_T1) (2649),NFCORE_RANGELAND:RANGELAND:PREPROCESSING:FORCE_PREPROCESS (LT05_L1TP_181036_19890804_20200916_02_T1) (2649),/home/jfechner/workflows/rangeland/nextflow-run/work/57/520fcb80241f2d88a3fc74e31182ce/level2_ard/X0110_Y0105.lock,3644148,2649
,,0,2024-02-14T11:33:02.53370746Z,2024-03-15T11:33:02.53370746Z,2024-03-14T17:55:27.396809867Z,DELETE,file_event,NFCORE_RANGELAND:RANGELAND:PREPROCESSING:FORCE_PREPROCESS (LT05_L1TP_181036_19890804_20200916_02_T1) (2649),NFCORE_RANGELAND:RANGELAND:PREPROCESSING:FORCE_PREPROCESS (LT05_L1TP_181036_19890804_20200916_02_T1) (2649),/home/jfechner/workflows/rangeland/nextflow-run/work/57/520fcb80241f2d88a3fc74e31182ce/level2_ard/X0110_Y0105.lock,3644148,2649
,,0,2024-02-14T11:33:02.53370746Z,2024-03-15T11:33:02.53370746Z,2024-03-14T17:55:27.398867025Z,CREATE,file_event,NFCORE_RANGELAND:RANGELAND:PREPROCESSING:FORCE_PREPROCESS (LT05_L1TP_181036_19890804_20200916_02_T1) (2649),NFCORE_RANGELAND:RANGELAND:PREPROCESSING:FORCE_PREPROCESS (LT05_L1TP_181036_19890804_20200916_02_T1) (2649),/home/jfechner/workflows/rangeland/nextflow-run/work/57/520fcb80241f2d88a3fc74e31182ce/level2_ard/X0110_Y0105/19890804_LEVEL2_LND05_BOA.tif.lock,3644148,2649
,,0,2024-02-14T11:33:02.53370746Z,2024-03-15T11:33:02.53370746Z,2024-03-14T17:55:27.401070818Z,CREATE,file_event,NFCORE_RANGELAND:RANGELAND:PREPROCESSING:FORCE_PREPROCESS (LT05_L1TP_181036_19890804_20200916_02_T1) (2649),NFCORE_RANGELAND:RANGELAND:PREPROCESSING:FORCE_PREPROCESS (LT05_L1TP_181036_19890804_20200916_02_T1) (2649),/home/jfechner/workflows/rangeland/nextflow-run/work/57/520fcb80241f2d88a3fc74e31182ce/level2_ard/X0110_Y0105/19890804_LEVEL2_LND05_BOA.tif,3644148,2649
,,0,2024-02-14T11:33:02.53370746Z,2024-03-15T11:33:02.53370746Z,2024-03-14T17:55:27.418140968Z,DELETE,file_event,NFCORE_RANGELAND:RANGELAND:PREPROCESSING:FORCE_PREPROCESS (LT05_L1TP_181036_19890804_20200916_02_T1) (2649),NFCORE_RANGELAND:RANGELAND:PREPROCESSING:FORCE_PREPROCESS (LT05_L1TP_181036_19890804_20200916_02_T1) (2649),/home/jfechner/workflows/rangeland/nextflow-run/work/57/520fcb80241f2d88a3fc74e31182ce/level2_ard/X0110_Y0105/19890804_LEVEL2_LND05_BOA.tif.lock,3644148,2649
,,0,2024-02-14T11:33:02.53370746Z,2024-03-15T11:33:02.53370746Z,2024-03-14T17:55:27.421490478Z,CREATE,file_event,NFCORE_RANGELAND:RANGELAND:PREPROCESSING:FORCE_PREPROCESS (LT05_L1TP_181036_19890804_20200916_02_T1) (2649),NFCORE_RANGELAND:RANGELAND:PREPROCESSING:FORCE_PREPROCESS (LT05_L1TP_181036_19890804_20200916_02_T1) (2649),/home/jfechner/workflows/rangeland/nextflow-run/work/57/520fcb80241f2d88a3fc74e31182ce/level2_prov/provenance_20240314.csv.lock,3644148,2649
,,0,2024-02-14T11:33:02.53370746Z,2024-03-15T11:33:02.53370746Z,2024-03-14T17:55:27.423906727Z,DELETE,file_event,NFCORE_RANGELAND:RANGELAND:PREPROCESSING:FORCE_PREPROCESS (LT05_L1TP_181036_19890804_20200916_02_T1) (2649),NFCORE_RANGELAND:RANGELAND:PREPROCESSING:FORCE_PREPROCESS (LT05_L1TP_181036_19890804_20200916_02_T1) (2649),/home/jfechner/workflows/rangeland/nextflow-run/work/57/520fcb80241f2d88a3fc74e31182ce/level2_prov/provenance_20240314.csv.lock,3644148,2649
,,0,2024-02-14T11:33:02.53370746Z,2024-03-15T11:33:02.53370746Z,2024-03-14T17:55:27.42613557Z,CREATE,file_event,NFCORE_RANGELAND:RANGELAND:PREPROCESSING:FORCE_PREPROCESS (LT05_L1TP_181036_19890804_20200916_02_T1) (2649),NFCORE_RANGELAND:RANGELAND:PREPROCESSING:FORCE_PREPROCESS (LT05_L1TP_181036_19890804_20200916_02_T1) (2649),/home/jfechner/workflows/rangeland/nextflow-run/work/57/520fcb80241f2d88a3fc74e31182ce/level2_ard/X0110_Y0105.lock,3644148,2649
,,0,2024-02-14T11:33:02.53370746Z,2024-03-15T11:33:02.53370746Z,2024-03-14T17:55:27.427974941Z,DELETE,file_event,NFCORE_RANGELAND:RANGELAND:PREPROCESSING:FORCE_PREPROCESS (LT05_L1TP_181036_19890804_20200916_02_T1) (2649),NFCORE_RANGELAND:RANGELAND:PREPROCESSING:FORCE_PREPROCESS (LT05_L1TP_181036_19890804_20200916_02_T1) (2649),/home/jfechner/workflows/rangeland/nextflow-run/work/57/520fcb80241f2d88a3fc74e31182ce/level2_ard/X0110_Y0105.lock,3644148,2649
,,0,2024-02-14T11:33:02.53370746Z,2024-03-15T11:33:02.53370746Z,2024-03-14T17:55:27.429918545Z,CREATE,file_event,NFCORE_RANGELAND:RANGELAND:PREPROCESSING:FORCE_PREPROCESS (LT05_L1TP_181036_19890804_20200916_02_T1) (2649),NFCORE_RANGELAND:RANGELAND:PREPROCESSING:FORCE_PREPROCESS (LT05_L1TP_181036_19890804_20200916_02_T1) (2649),/home/jfechner/workflows/rangeland/nextflow-run/work/57/520fcb80241f2d88a3fc74e31182ce/level2_ard/X0110_Y0105/19890804_LEVEL2_LND05_OVV.jpg.lock,3644148,2649
,,0,2024-02-14T11:33:02.53370746Z,2024-03-15T11:33:02.53370746Z,2024-03-14T17:55:27.432287203Z,CREATE,file_event,NFCORE_RANGELAND:RANGELAND:PREPROCESSING:FORCE_PREPROCESS (LT05_L1TP_181036_19890804_20200916_02_T1) (2649),NFCORE_RANGELAND:RANGELAND:PREPROCESSING:FORCE_PREPROCESS (LT05_L1TP_181036_19890804_20200916_02_T1) (2649),/home/jfechner/workflows/rangeland/nextflow-run/work/57/520fcb80241f2d88a3fc74e31182ce/level2_ard/X0110_Y0105/19890804_LEVEL2_LND05_OVV.jpg,3644148,2649
,,0,2024-02-14T11:33:02.53370746Z,2024-03-15T11:33:02.53370746Z,2024-03-14T17:55:27.434985681Z,DELETE,file_event,NFCORE_RANGELAND:RANGELAND:PREPROCESSING:FORCE_PREPROCESS (LT05_L1TP_181036_19890804_20200916_02_T1) (2649),NFCORE_RANGELAND:RANGELAND:PREPROCESSING:FORCE_PREPROCESS (LT05_L1TP_181036_19890804_20200916_02_T1) (2649),/home/jfechner/workflows/rangeland/nextflow-run/work/57/520fcb80241f2d88a3fc74e31182ce/level2_ard/X0110_Y0105/19890804_LEVEL2_LND05_OVV.jpg.lock,3644148,2649
,,0,2024-02-14T11:33:02.53370746Z,2024-03-15T11:33:02.53370746Z,2024-03-14T17:55:27.436810711Z,CREATE,file_event,NFCORE_RANGELAND:RANGELAND:PREPROCESSING:FORCE_PREPROCESS (LT05_L1TP_181036_19890804_20200916_02_T1) (2649),NFCORE_RANGELAND:RANGELAND:PREPROCESSING:FORCE_PREPROCESS (LT05_L1TP_181036_19890804_20200916_02_T1) (2649),/home/jfechner/workflows/rangeland/nextflow-run/work/57/520fcb80241f2d88a3fc74e31182ce/level2_prov/provenance_20240314.csv.lock,3644148,2649
,,0,2024-02-14T11:33:02.53370746Z,2024-03-15T11:33:02.53370746Z,2024-03-14T17:55:27.438947491Z,DELETE,file_event,NFCORE_RANGELAND:RANGELAND:PREPROCESSING:FORCE_PREPROCESS (LT05_L1TP_181036_19890804_20200916_02_T1) (2649),NFCORE_RANGELAND:RANGELAND:PREPROCESSING:FORCE_PREPROCESS (LT05_L1TP_181036_19890804_20200916_02_T1) (2649),/home/jfechner/workflows/rangeland/nextflow-run/work/57/520fcb80241f2d88a3fc74e31182ce/level2_prov/provenance_20240314.csv.lock,3644148,2649
,,0,2024-02-14T11:33:02.53370746Z,2024-03-15T11:33:02.53370746Z,2024-03-14T17:55:27.453002633Z,CREATE,file_event,NFCORE_RANGELAND:RANGELAND:PREPROCESSING:FORCE_PREPROCESS (LT05_L1TP_181036_19890804_20200916_02_T1) (2649),NFCORE_RANGELAND:RANGELAND:PREPROCESSING:FORCE_PREPROCESS (LT05_L1TP_181036_19890804_20200916_02_T1) (2649),/home/jfechner/workflows/rangeland/nextflow-run/work/57/520fcb80241f2d88a3fc74e31182ce/level2_ard/X0111_Y0105.lock,3644148,2649
,,0,2024-02-14T11:33:02.53370746Z,2024-03-15T11:33:02.53370746Z,2024-03-14T17:55:27.456430725Z,CREATE,file_event,NFCORE_RANGELAND:RANGELAND:PREPROCESSING:FORCE_PREPROCESS (LT05_L1TP_181036_19890804_20200916_02_T1) (2649),NFCORE_RANGELAND:RANGELAND:PREPROCESSING:FORCE_PREPROCESS (LT05_L1TP_181036_19890804_20200916_02_T1) (2649),/home/jfechner/workflows/rangeland/nextflow-run/work/57/520fcb80241f2d88a3fc74e31182ce/level2_ard/X0111_Y0105,3644148,2649
,,0,2024-02-14T11:33:02.53370746Z,2024-03-15T11:33:02.53370746Z,2024-03-14T17:55:27.459211696Z,CREATE,file_event,NFCORE_RANGELAND:RANGELAND:PREPROCESSING:FORCE_PREPROCESS (LT05_L1TP_181036_19890804_20200916_02_T1) (2649),NFCORE_RANGELAND:RANGELAND:PREPROCESSING:FORCE_PREPROCESS (LT05_L1TP_181036_19890804_20200916_02_T1) (2649),/home/jfechner/workflows/rangeland/nextflow-run/work/57/520fcb80241f2d88a3fc74e31182ce/level2_ard/X0111_Y0105/19890804_LEVEL2_LND05_QAI.tif,3644148,2649
,,0,2024-02-14T11:33:02.53370746Z,2024-03-15T11:33:02.53370746Z,2024-03-14T17:55:27.462096081Z,CREATE,file_event,NFCORE_RANGELAND:RANGELAND:PREPROCESSING:FORCE_PREPROCESS (LT05_L1TP_181036_19890804_20200916_02_T1) (2649),NFCORE_RANGELAND:RANGELAND:PREPROCESSING:FORCE_PREPROCESS (LT05_L1TP_181036_19890804_20200916_02_T1) (2649),/home/jfechner/workflows/rangeland/nextflow-run/work/57/520fcb80241f2d88a3fc74e31182ce/level2_ard/X0111_Y0105/19890804_LEVEL2_LND05_QAI.tif.lock,3644148,2649
,,0,2024-02-14T11:33:02.53370746Z,2024-03-15T11:33:02.53370746Z,2024-03-14T17:55:27.465502273Z,DELETE,file_event,NFCORE_RANGELAND:RANGELAND:PREPROCESSING:FORCE_PREPROCESS (LT05_L1TP_181036_19890804_20200916_02_T1) (2649),NFCORE_RANGELAND:RANGELAND:PREPROCESSING:FORCE_PREPROCESS (LT05_L1TP_181036_19890804_20200916_02_T1) (2649),/home/jfechner/workflows/rangeland/nextflow-run/work/57/520fcb80241f2d88a3fc74e31182ce/level2_ard/X0111_Y0105.lock,3644148,2649
,,0,2024-02-14T11:33:02.53370746Z,2024-03-15T11:33:02.53370746Z,2024-03-14T17:55:27.46784125Z,CREATE,file_event,NFCORE_RANGELAND:RANGELAND:PREPROCESSING:FORCE_PREPROCESS (LT05_L1TP_181036_19890804_20200916_02_T1) (2649),NFCORE_RANGELAND:RANGELAND:PREPROCESSING:FORCE_PREPROCESS (LT05_L1TP_181036_19890804_20200916_02_T1) (2649),/home/jfechner/workflows/rangeland/nextflow-run/work/57/520fcb80241f2d88a3fc74e31182ce/level2_ard/X0111_Y0105/19890804_LEVEL2_LND05_QAI.tif,3644148,2649
,,0,2024-02-14T11:33:02.53370746Z,2024-03-15T11:33:02.53370746Z,2024-03-14T17:55:27.469708211Z,DELETE,file_event,NFCORE_RANGELAND:RANGELAND:PREPROCESSING:FORCE_PREPROCESS (LT05_L1TP_181036_19890804_20200916_02_T1) (2649),NFCORE_RANGELAND:RANGELAND:PREPROCESSING:FORCE_PREPROCESS (LT05_L1TP_181036_19890804_20200916_02_T1) (2649),/home/jfechner/workflows/rangeland/nextflow-run/work/57/520fcb80241f2d88a3fc74e31182ce/level2_ard/X0111_Y0105/19890804_LEVEL2_LND05_QAI.tif.lock,3644148,2649
,,0,2024-02-14T11:33:02.53370746Z,2024-03-15T11:33:02.53370746Z,2024-03-14T17:55:27.47148455Z,CREATE,file_event,NFCORE_RANGELAND:RANGELAND:PREPROCESSING:FORCE_PREPROCESS (LT05_L1TP_181036_19890804_20200916_02_T1) (2649),NFCORE_RANGELAND:RANGELAND:PREPROCESSING:FORCE_PREPROCESS (LT05_L1TP_181036_19890804_20200916_02_T1) (2649),/home/jfechner/workflows/rangeland/nextflow-run/work/57/520fcb80241f2d88a3fc74e31182ce/level2_prov/provenance_20240314.csv.lock,3644148,2649
,,0,2024-02-14T11:33:02.53370746Z,2024-03-15T11:33:02.53370746Z,2024-03-14T17:55:27.473455544Z,DELETE,file_event,NFCORE_RANGELAND:RANGELAND:PREPROCESSING:FORCE_PREPROCESS (LT05_L1TP_181036_19890804_20200916_02_T1) (2649),NFCORE_RANGELAND:RANGELAND:PREPROCESSING:FORCE_PREPROCESS (LT05_L1TP_181036_19890804_20200916_02_T1) (2649),/home/jfechner/workflows/rangeland/nextflow-run/work/57/520fcb80241f2d88a3fc74e31182ce/level2_prov/provenance_20240314.csv.lock,3644148,2649
,,0,2024-02-14T11:33:02.53370746Z,2024-03-15T11:33:02.53370746Z,2024-03-14T17:55:27.479162862Z,CREATE,file_event,NFCORE_RANGELAND:RANGELAND:PREPROCESSING:FORCE_PREPROCESS (LT05_L1TP_181036_19890804_20200916_02_T1) (2649),NFCORE_RANGELAND:RANGELAND:PREPROCESSING:FORCE_PREPROCESS (LT05_L1TP_181036_19890804_20200916_02_T1) (2649),/home/jfechner/workflows/rangeland/nextflow-run/work/57/520fcb80241f2d88a3fc74e31182ce/level2_ard/X0111_Y0105.lock,3644148,2649
,,0,2024-02-14T11:33:02.53370746Z,2024-03-15T11:33:02.53370746Z,2024-03-14T17:55:27.481741856Z,DELETE,file_event,NFCORE_RANGELAND:RANGELAND:PREPROCESSING:FORCE_PREPROCESS (LT05_L1TP_181036_19890804_20200916_02_T1) (2649),NFCORE_RANGELAND:RANGELAND:PREPROCESSING:FORCE_PREPROCESS (LT05_L1TP_181036_19890804_20200916_02_T1) (2649),/home/jfechner/workflows/rangeland/nextflow-run/work/57/520fcb80241f2d88a3fc74e31182ce/level2_ard/X0111_Y0105.lock,3644148,2649
,,0,2024-02-14T11:33:02.53370746Z,2024-03-15T11:33:02.53370746Z,2024-03-14T17:55:27.483961389Z,CREATE,file_event,NFCORE_RANGELAND:RANGELAND:PREPROCESSING:FORCE_PREPROCESS (LT05_L1TP_181036_19890804_20200916_02_T1) (2649),NFCORE_RANGELAND:RANGELAND:PREPROCESSING:FORCE_PREPROCESS (LT05_L1TP_181036_19890804_20200916_02_T1) (2649),/home/jfechner/workflows/rangeland/nextflow-run/work/57/520fcb80241f2d88a3fc74e31182ce/level2_ard/X0111_Y0105/19890804_LEVEL2_LND05_BOA.tif.lock,3644148,2649
,,0,2024-02-14T11:33:02.53370746Z,2024-03-15T11:33:02.53370746Z,2024-03-14T17:55:27.486203423Z,CREATE,file_event,NFCORE_RANGELAND:RANGELAND:PREPROCESSING:FORCE_PREPROCESS (LT05_L1TP_181036_19890804_20200916_02_T1) (2649),NFCORE_RANGELAND:RANGELAND:PREPROCESSING:FORCE_PREPROCESS (LT05_L1TP_181036_19890804_20200916_02_T1) (2649),/home/jfechner/workflows/rangeland/nextflow-run/work/57/520fcb80241f2d88a3fc74e31182ce/level2_ard/X0111_Y0105/19890804_LEVEL2_LND05_BOA.tif,3644148,2649
,,0,2024-02-14T11:33:02.53370746Z,2024-03-15T11:33:02.53370746Z,2024-03-14T17:55:27.499134028Z,DELETE,file_event,NFCORE_RANGELAND:RANGELAND:PREPROCESSING:FORCE_PREPROCESS (LT05_L1TP_181036_19890804_20200916_02_T1) (2649),NFCORE_RANGELAND:RANGELAND:PREPROCESSING:FORCE_PREPROCESS (LT05_L1TP_181036_19890804_20200916_02_T1) (2649),/home/jfechner/workflows/rangeland/nextflow-run/work/57/520fcb80241f2d88a3fc74e31182ce/level2_ard/X0111_Y0105/19890804_LEVEL2_LND05_BOA.tif.lock,3644148,2649
,,0,2024-02-14T11:33:02.53370746Z,2024-03-15T11:33:02.53370746Z,2024-03-14T17:55:27.502020202Z,CREATE,file_event,NFCORE_RANGELAND:RANGELAND:PREPROCESSING:FORCE_PREPROCESS (LT05_L1TP_181036_19890804_20200916_02_T1) (2649),NFCORE_RANGELAND:RANGELAND:PREPROCESSING:FORCE_PREPROCESS (LT05_L1TP_181036_19890804_20200916_02_T1) (2649),/home/jfechner/workflows/rangeland/nextflow-run/work/57/520fcb80241f2d88a3fc74e31182ce/level2_prov/provenance_20240314.csv.lock,3644148,2649
,,0,2024-02-14T11:33:02.53370746Z,2024-03-15T11:33:02.53370746Z,2024-03-14T17:55:27.504342599Z,DELETE,file_event,NFCORE_RANGELAND:RANGELAND:PREPROCESSING:FORCE_PREPROCESS (LT05_L1TP_181036_19890804_20200916_02_T1) (2649),NFCORE_RANGELAND:RANGELAND:PREPROCESSING:FORCE_PREPROCESS (LT05_L1TP_181036_19890804_20200916_02_T1) (2649),/home/jfechner/workflows/rangeland/nextflow-run/work/57/520fcb80241f2d88a3fc74e31182ce/level2_prov/provenance_20240314.csv.lock,3644148,2649
,,0,2024-02-14T11:33:02.53370746Z,2024-03-15T11:33:02.53370746Z,2024-03-14T17:55:27.50651424Z,CREATE,file_event,NFCORE_RANGELAND:RANGELAND:PREPROCESSING:FORCE_PREPROCESS (LT05_L1TP_181036_19890804_20200916_02_T1) (2649),NFCORE_RANGELAND:RANGELAND:PREPROCESSING:FORCE_PREPROCESS (LT05_L1TP_181036_19890804_20200916_02_T1) (2649),/home/jfechner/workflows/rangeland/nextflow-run/work/57/520fcb80241f2d88a3fc74e31182ce/level2_ard/X0111_Y0105.lock,3644148,2649
,,0,2024-02-14T11:33:02.53370746Z,2024-03-15T11:33:02.53370746Z,2024-03-14T17:55:27.508794045Z,DELETE,file_event,NFCORE_RANGELAND:RANGELAND:PREPROCESSING:FORCE_PREPROCESS (LT05_L1TP_181036_19890804_20200916_02_T1) (2649),NFCORE_RANGELAND:RANGELAND:PREPROCESSING:FORCE_PREPROCESS (LT05_L1TP_181036_19890804_20200916_02_T1) (2649),/home/jfechner/workflows/rangeland/nextflow-run/work/57/520fcb80241f2d88a3fc74e31182ce/level2_ard/X0111_Y0105.lock,3644148,2649
,,0,2024-02-14T11:33:02.53370746Z,2024-03-15T11:33:02.53370746Z,2024-03-14T17:55:27.511035419Z,CREATE,file_event,NFCORE_RANGELAND:RANGELAND:PREPROCESSING:FORCE_PREPROCESS (LT05_L1TP_181036_19890804_20200916_02_T1) (2649),NFCORE_RANGELAND:RANGELAND:PREPROCESSING:FORCE_PREPROCESS (LT05_L1TP_181036_19890804_20200916_02_T1) (2649),/home/jfechner/workflows/rangeland/nextflow-run/work/57/520fcb80241f2d88a3fc74e31182ce/level2_ard/X0111_Y0105/19890804_LEVEL2_LND05_OVV.jpg.lock,3644148,2649
,,0,2024-02-14T11:33:02.53370746Z,2024-03-15T11:33:02.53370746Z,2024-03-14T17:55:27.513962274Z,CREATE,file_event,NFCORE_RANGELAND:RANGELAND:PREPROCESSING:FORCE_PREPROCESS (LT05_L1TP_181036_19890804_20200916_02_T1) (2649),NFCORE_RANGELAND:RANGELAND:PREPROCESSING:FORCE_PREPROCESS (LT05_L1TP_181036_19890804_20200916_02_T1) (2649),/home/jfechner/workflows/rangeland/nextflow-run/work/57/520fcb80241f2d88a3fc74e31182ce/level2_ard/X0111_Y0105/19890804_LEVEL2_LND05_OVV.jpg,3644148,2649
,,0,2024-02-14T11:33:02.53370746Z,2024-03-15T11:33:02.53370746Z,2024-03-14T17:55:27.516532579Z,DELETE,file_event,NFCORE_RANGELAND:RANGELAND:PREPROCESSING:FORCE_PREPROCESS (LT05_L1TP_181036_19890804_20200916_02_T1) (2649),NFCORE_RANGELAND:RANGELAND:PREPROCESSING:FORCE_PREPROCESS (LT05_L1TP_181036_19890804_20200916_02_T1) (2649),/home/jfechner/workflows/rangeland/nextflow-run/work/57/520fcb80241f2d88a3fc74e31182ce/level2_ard/X0111_Y0105/19890804_LEVEL2_LND05_OVV.jpg.lock,3644148,2649
,,0,2024-02-14T11:33:02.53370746Z,2024-03-15T11:33:02.53370746Z,2024-03-14T17:55:27.518467403Z,CREATE,file_event,NFCORE_RANGELAND:RANGELAND:PREPROCESSING:FORCE_PREPROCESS (LT05_L1TP_181036_19890804_20200916_02_T1) (2649),NFCORE_RANGELAND:RANGELAND:PREPROCESSING:FORCE_PREPROCESS (LT05_L1TP_181036_19890804_20200916_02_T1) (2649),/home/jfechner/workflows/rangeland/nextflow-run/work/57/520fcb80241f2d88a3fc74e31182ce/level2_prov/provenance_20240314.csv.lock,3644148,2649
,,0,2024-02-14T11:33:02.53370746Z,2024-03-15T11:33:02.53370746Z,2024-03-14T17:55:27.52022584Z,DELETE,file_event,NFCORE_RANGELAND:RANGELAND:PREPROCESSING:FORCE_PREPROCESS (LT05_L1TP_181036_19890804_20200916_02_T1) (2649),NFCORE_RANGELAND:RANGELAND:PREPROCESSING:FORCE_PREPROCESS (LT05_L1TP_181036_19890804_20200916_02_T1) (2649),/home/jfechner/workflows/rangeland/nextflow-run/work/57/520fcb80241f2d88a3fc74e31182ce/level2_prov/provenance_20240314.csv.lock,3644148,2649
,,0,2024-02-14T11:33:02.53370746Z,2024-03-15T11:33:02.53370746Z,2024-03-14T17:55:27.572497967Z,CREATE,file_event,NFCORE_RANGELAND:RANGELAND:PREPROCESSING:FORCE_PREPROCESS (LT05_L1TP_181036_19890804_20200916_02_T1) (2649),NFCORE_RANGELAND:RANGELAND:PREPROCESSING:FORCE_PREPROCESS (LT05_L1TP_181036_19890804_20200916_02_T1) (2649),/home/jfechner/workflows/rangeland/nextflow-run/work/57/520fcb80241f2d88a3fc74e31182ce/level2_ard/CITEME_0x49.txt.lock,3644148,2649
,,0,2024-02-14T11:33:02.53370746Z,2024-03-15T11:33:02.53370746Z,2024-03-14T17:55:27.575850647Z,CREATE,file_event,NFCORE_RANGELAND:RANGELAND:PREPROCESSING:FORCE_PREPROCESS (LT05_L1TP_181036_19890804_20200916_02_T1) (2649),NFCORE_RANGELAND:RANGELAND:PREPROCESSING:FORCE_PREPROCESS (LT05_L1TP_181036_19890804_20200916_02_T1) (2649),/home/jfechner/workflows/rangeland/nextflow-run/work/57/520fcb80241f2d88a3fc74e31182ce/level2_ard/CITEME_0x49.txt,3644148,2649
,,0,2024-02-14T11:33:02.53370746Z,2024-03-15T11:33:02.53370746Z,2024-03-14T17:55:27.578607407Z,DELETE,file_event,NFCORE_RANGELAND:RANGELAND:PREPROCESSING:FORCE_PREPROCESS (LT05_L1TP_181036_19890804_20200916_02_T1) (2649),NFCORE_RANGELAND:RANGELAND:PREPROCESSING:FORCE_PREPROCESS (LT05_L1TP_181036_19890804_20200916_02_T1) (2649),/home/jfechner/workflows/rangeland/nextflow-run/work/57/520fcb80241f2d88a3fc74e31182ce/level2_ard/CITEME_0x49.txt.lock,3644148,2649
,,0,2024-02-14T11:33:02.53370746Z,2024-03-15T11:33:02.53370746Z,2024-03-14T17:55:27.65969198Z,CREATE,file_event,NFCORE_RANGELAND:RANGELAND:PREPROCESSING:FORCE_PREPROCESS (LT05_L1TP_181036_19890804_20200916_02_T1) (2649),NFCORE_RANGELAND:RANGELAND:PREPROCESSING:FORCE_PREPROCESS (LT05_L1TP_181036_19890804_20200916_02_T1) (2649),/home/jfechner/workflows/rangeland/nextflow-run/work/57/520fcb80241f2d88a3fc74e31182ce/versions.yml,3644148,2649
,,0,2024-02-14T11:33:02.53370746Z,2024-03-15T11:33:02.53370746Z,2024-03-14T17:55:28.183129479Z,CREATE,file_event,NFCORE_RANGELAND:RANGELAND:PREPROCESSING:FORCE_PREPROCESS (LT05_L1TP_181036_19890804_20200916_02_T1) (2649),NFCORE_RANGELAND:RANGELAND:PREPROCESSING:FORCE_PREPROCESS (LT05_L1TP_181036_19890804_20200916_02_T1) (2649),/home/jfechner/workflows/rangeland/nextflow-run/work/57/520fcb80241f2d88a3fc74e31182ce/.exitcode,3644148,2649
