#datatype,string,long,dateTime:RFC3339,dateTime:RFC3339,dateTime:RFC3339,double,string,string,string,string,string
#group,false,false,true,true,false,false,true,true,true,true,true
#default,_result,,,,,,,,,,
,result,table,_start,_stop,_time,_value,_field,_measurement,name,pid,tid
,,0,2024-02-14T11:33:26.369348325Z,2024-03-15T11:33:26.369348325Z,2024-03-14T18:41:58.108263944Z,714.89,docker_used_memory_mb,NFCORE_RANGELAND:RANGELAND:PREPROCESSING:FORCE_PREPROCESS (LT05_L1TP_181036_20040626_20200903_02_T1) (2769),NFCORE_RANGELAND:RANGELAND:PREPROCESSING:FORCE_PREPROCESS (LT05_L1TP_181036_20040626_20200903_02_T1) (2769),288909,2769
,,0,2024-02-14T11:33:26.369348325Z,2024-03-15T11:33:26.369348325Z,2024-03-14T18:42:00.108666083Z,1522.3,docker_used_memory_mb,NFCORE_RANGELAND:RANGELAND:PREPROCESSING:FORCE_PREPROCESS (LT05_L1TP_181036_20040626_20200903_02_T1) (2769),NFCORE_RANGELAND:RANGELAND:PREPROCESSING:FORCE_PREPROCESS (LT05_L1TP_181036_20040626_20200903_02_T1) (2769),288909,2769
,,0,2024-02-14T11:33:26.369348325Z,2024-03-15T11:33:26.369348325Z,2024-03-14T18:42:02.108161542Z,1523.56,docker_used_memory_mb,NFCORE_RANGELAND:RANGELAND:PREPROCESSING:FORCE_PREPROCESS (LT05_L1TP_181036_20040626_20200903_02_T1) (2769),NFCORE_RANGELAND:RANGELAND:PREPROCESSING:FORCE_PREPROCESS (LT05_L1TP_181036_20040626_20200903_02_T1) (2769),288909,2769
,,0,2024-02-14T11:33:26.369348325Z,2024-03-15T11:33:26.369348325Z,2024-03-14T18:42:04.10883473Z,1525.41,docker_used_memory_mb,NFCORE_RANGELAND:RANGELAND:PREPROCESSING:FORCE_PREPROCESS (LT05_L1TP_181036_20040626_20200903_02_T1) (2769),NFCORE_RANGELAND:RANGELAND:PREPROCESSING:FORCE_PREPROCESS (LT05_L1TP_181036_20040626_20200903_02_T1) (2769),288909,2769
,,0,2024-02-14T11:33:26.369348325Z,2024-03-15T11:33:26.369348325Z,2024-03-14T18:42:06.108267317Z,2105.74,docker_used_memory_mb,NFCORE_RANGELAND:RANGELAND:PREPROCESSING:FORCE_PREPROCESS (LT05_L1TP_181036_20040626_20200903_02_T1) (2769),NFCORE_RANGELAND:RANGELAND:PREPROCESSING:FORCE_PREPROCESS (LT05_L1TP_181036_20040626_20200903_02_T1) (2769),288909,2769
,,0,2024-02-14T11:33:26.369348325Z,2024-03-15T11:33:26.369348325Z,2024-03-14T18:42:08.108681496Z,2031.48,docker_used_memory_mb,NFCORE_RANGELAND:RANGELAND:PREPROCESSING:FORCE_PREPROCESS (LT05_L1TP_181036_20040626_20200903_02_T1) (2769),NFCORE_RANGELAND:RANGELAND:PREPROCESSING:FORCE_PREPROCESS (LT05_L1TP_181036_20040626_20200903_02_T1) (2769),288909,2769
,,0,2024-02-14T11:33:26.369348325Z,2024-03-15T11:33:26.369348325Z,2024-03-14T18:42:10.108189845Z,2031.38,docker_used_memory_mb,NFCORE_RANGELAND:RANGELAND:PREPROCESSING:FORCE_PREPROCESS (LT05_L1TP_181036_20040626_20200903_02_T1) (2769),NFCORE_RANGELAND:RANGELAND:PREPROCESSING:FORCE_PREPROCESS (LT05_L1TP_181036_20040626_20200903_02_T1) (2769),288909,2769
,,0,2024-02-14T11:33:26.369348325Z,2024-03-15T11:33:26.369348325Z,2024-03-14T18:42:12.108729378Z,2031.88,docker_used_memory_mb,NFCORE_RANGELAND:RANGELAND:PREPROCESSING:FORCE_PREPROCESS (LT05_L1TP_181036_20040626_20200903_02_T1) (2769),NFCORE_RANGELAND:RANGELAND:PREPROCESSING:FORCE_PREPROCESS (LT05_L1TP_181036_20040626_20200903_02_T1) (2769),288909,2769
,,0,2024-02-14T11:33:26.369348325Z,2024-03-15T11:33:26.369348325Z,2024-03-14T18:42:14.108367842Z,2031.48,docker_used_memory_mb,NFCORE_RANGELAND:RANGELAND:PREPROCESSING:FORCE_PREPROCESS (LT05_L1TP_181036_20040626_20200903_02_T1) (2769),NFCORE_RANGELAND:RANGELAND:PREPROCESSING:FORCE_PREPROCESS (LT05_L1TP_181036_20040626_20200903_02_T1) (2769),288909,2769
,,0,2024-02-14T11:33:26.369348325Z,2024-03-15T11:33:26.369348325Z,2024-03-14T18:42:16.108966737Z,2031.48,docker_used_memory_mb,NFCORE_RANGELAND:RANGELAND:PREPROCESSING:FORCE_PREPROCESS (LT05_L1TP_181036_20040626_20200903_02_T1) (2769),NFCORE_RANGELAND:RANGELAND:PREPROCESSING:FORCE_PREPROCESS (LT05_L1TP_181036_20040626_20200903_02_T1) (2769),288909,2769
,,0,2024-02-14T11:33:26.369348325Z,2024-03-15T11:33:26.369348325Z,2024-03-14T18:42:18.108552969Z,2031.55,docker_used_memory_mb,NFCORE_RANGELAND:RANGELAND:PREPROCESSING:FORCE_PREPROCESS (LT05_L1TP_181036_20040626_20200903_02_T1) (2769),NFCORE_RANGELAND:RANGELAND:PREPROCESSING:FORCE_PREPROCESS (LT05_L1TP_181036_20040626_20200903_02_T1) (2769),288909,2769
,,0,2024-02-14T11:33:26.369348325Z,2024-03-15T11:33:26.369348325Z,2024-03-14T18:42:20.109199855Z,2031.55,docker_used_memory_mb,NFCORE_RANGELAND:RANGELAND:PREPROCESSING:FORCE_PREPROCESS (LT05_L1TP_181036_20040626_20200903_02_T1) (2769),NFCORE_RANGELAND:RANGELAND:PREPROCESSING:FORCE_PREPROCESS (LT05_L1TP_181036_20040626_20200903_02_T1) (2769),288909,2769
,,0,2024-02-14T11:33:26.369348325Z,2024-03-15T11:33:26.369348325Z,2024-03-14T18:42:22.108791767Z,2031.7,docker_used_memory_mb,NFCORE_RANGELAND:RANGELAND:PREPROCESSING:FORCE_PREPROCESS (LT05_L1TP_181036_20040626_20200903_02_T1) (2769),NFCORE_RANGELAND:RANGELAND:PREPROCESSING:FORCE_PREPROCESS (LT05_L1TP_181036_20040626_20200903_02_T1) (2769),288909,2769
,,0,2024-02-14T11:33:26.369348325Z,2024-03-15T11:33:26.369348325Z,2024-03-14T18:42:24.108399429Z,2031.7,docker_used_memory_mb,NFCORE_RANGELAND:RANGELAND:PREPROCESSING:FORCE_PREPROCESS (LT05_L1TP_181036_20040626_20200903_02_T1) (2769),NFCORE_RANGELAND:RANGELAND:PREPROCESSING:FORCE_PREPROCESS (LT05_L1TP_181036_20040626_20200903_02_T1) (2769),288909,2769
,,0,2024-02-14T11:33:26.369348325Z,2024-03-15T11:33:26.369348325Z,2024-03-14T18:42:26.108798157Z,2031.7,docker_used_memory_mb,NFCORE_RANGELAND:RANGELAND:PREPROCESSING:FORCE_PREPROCESS (LT05_L1TP_181036_20040626_20200903_02_T1) (2769),NFCORE_RANGELAND:RANGELAND:PREPROCESSING:FORCE_PREPROCESS (LT05_L1TP_181036_20040626_20200903_02_T1) (2769),288909,2769
,,0,2024-02-14T11:33:26.369348325Z,2024-03-15T11:33:26.369348325Z,2024-03-14T18:42:28.1083993Z,1948.16,docker_used_memory_mb,NFCORE_RANGELAND:RANGELAND:PREPROCESSING:FORCE_PREPROCESS (LT05_L1TP_181036_20040626_20200903_02_T1) (2769),NFCORE_RANGELAND:RANGELAND:PREPROCESSING:FORCE_PREPROCESS (LT05_L1TP_181036_20040626_20200903_02_T1) (2769),288909,2769
,,0,2024-02-14T11:33:26.369348325Z,2024-03-15T11:33:26.369348325Z,2024-03-14T18:42:30.10888024Z,2366.18,docker_used_memory_mb,NFCORE_RANGELAND:RANGELAND:PREPROCESSING:FORCE_PREPROCESS (LT05_L1TP_181036_20040626_20200903_02_T1) (2769),NFCORE_RANGELAND:RANGELAND:PREPROCESSING:FORCE_PREPROCESS (LT05_L1TP_181036_20040626_20200903_02_T1) (2769),288909,2769
,,0,2024-02-14T11:33:26.369348325Z,2024-03-15T11:33:26.369348325Z,2024-03-14T18:42:32.108203193Z,2750.22,docker_used_memory_mb,NFCORE_RANGELAND:RANGELAND:PREPROCESSING:FORCE_PREPROCESS (LT05_L1TP_181036_20040626_20200903_02_T1) (2769),NFCORE_RANGELAND:RANGELAND:PREPROCESSING:FORCE_PREPROCESS (LT05_L1TP_181036_20040626_20200903_02_T1) (2769),288909,2769
,,0,2024-02-14T11:33:26.369348325Z,2024-03-15T11:33:26.369348325Z,2024-03-14T18:42:34.108986904Z,2015.39,docker_used_memory_mb,NFCORE_RANGELAND:RANGELAND:PREPROCESSING:FORCE_PREPROCESS (LT05_L1TP_181036_20040626_20200903_02_T1) (2769),NFCORE_RANGELAND:RANGELAND:PREPROCESSING:FORCE_PREPROCESS (LT05_L1TP_181036_20040626_20200903_02_T1) (2769),288909,2769
,,0,2024-02-14T11:33:26.369348325Z,2024-03-15T11:33:26.369348325Z,2024-03-14T18:42:36.108590416Z,2015.11,docker_used_memory_mb,NFCORE_RANGELAND:RANGELAND:PREPROCESSING:FORCE_PREPROCESS (LT05_L1TP_181036_20040626_20200903_02_T1) (2769),NFCORE_RANGELAND:RANGELAND:PREPROCESSING:FORCE_PREPROCESS (LT05_L1TP_181036_20040626_20200903_02_T1) (2769),288909,2769
,,0,2024-02-14T11:33:26.369348325Z,2024-03-15T11:33:26.369348325Z,2024-03-14T18:42:38.109072657Z,2282.4,docker_used_memory_mb,NFCORE_RANGELAND:RANGELAND:PREPROCESSING:FORCE_PREPROCESS (LT05_L1TP_181036_20040626_20200903_02_T1) (2769),NFCORE_RANGELAND:RANGELAND:PREPROCESSING:FORCE_PREPROCESS (LT05_L1TP_181036_20040626_20200903_02_T1) (2769),288909,2769
,,0,2024-02-14T11:33:26.369348325Z,2024-03-15T11:33:26.369348325Z,2024-03-14T18:42:40.108547945Z,2187.47,docker_used_memory_mb,NFCORE_RANGELAND:RANGELAND:PREPROCESSING:FORCE_PREPROCESS (LT05_L1TP_181036_20040626_20200903_02_T1) (2769),NFCORE_RANGELAND:RANGELAND:PREPROCESSING:FORCE_PREPROCESS (LT05_L1TP_181036_20040626_20200903_02_T1) (2769),288909,2769
,,0,2024-02-14T11:33:26.369348325Z,2024-03-15T11:33:26.369348325Z,2024-03-14T18:42:42.108984464Z,2020.5,docker_used_memory_mb,NFCORE_RANGELAND:RANGELAND:PREPROCESSING:FORCE_PREPROCESS (LT05_L1TP_181036_20040626_20200903_02_T1) (2769),NFCORE_RANGELAND:RANGELAND:PREPROCESSING:FORCE_PREPROCESS (LT05_L1TP_181036_20040626_20200903_02_T1) (2769),288909,2769
,,0,2024-02-14T11:33:26.369348325Z,2024-03-15T11:33:26.369348325Z,2024-03-14T18:42:44.10870551Z,2282.89,docker_used_memory_mb,NFCORE_RANGELAND:RANGELAND:PREPROCESSING:FORCE_PREPROCESS (LT05_L1TP_181036_20040626_20200903_02_T1) (2769),NFCORE_RANGELAND:RANGELAND:PREPROCESSING:FORCE_PREPROCESS (LT05_L1TP_181036_20040626_20200903_02_T1) (2769),288909,2769
,,0,2024-02-14T11:33:26.369348325Z,2024-03-15T11:33:26.369348325Z,2024-03-14T18:42:46.109041146Z,2285.77,docker_used_memory_mb,NFCORE_RANGELAND:RANGELAND:PREPROCESSING:FORCE_PREPROCESS (LT05_L1TP_181036_20040626_20200903_02_T1) (2769),NFCORE_RANGELAND:RANGELAND:PREPROCESSING:FORCE_PREPROCESS (LT05_L1TP_181036_20040626_20200903_02_T1) (2769),288909,2769
,,0,2024-02-14T11:33:26.369348325Z,2024-03-15T11:33:26.369348325Z,2024-03-14T18:42:48.108649888Z,2289.39,docker_used_memory_mb,NFCORE_RANGELAND:RANGELAND:PREPROCESSING:FORCE_PREPROCESS (LT05_L1TP_181036_20040626_20200903_02_T1) (2769),NFCORE_RANGELAND:RANGELAND:PREPROCESSING:FORCE_PREPROCESS (LT05_L1TP_181036_20040626_20200903_02_T1) (2769),288909,2769
,,0,2024-02-14T11:33:26.369348325Z,2024-03-15T11:33:26.369348325Z,2024-03-14T18:42:50.108047413Z,2293.02,docker_used_memory_mb,NFCORE_RANGELAND:RANGELAND:PREPROCESSING:FORCE_PREPROCESS (LT05_L1TP_181036_20040626_20200903_02_T1) (2769),NFCORE_RANGELAND:RANGELAND:PREPROCESSING:FORCE_PREPROCESS (LT05_L1TP_181036_20040626_20200903_02_T1) (2769),288909,2769
,,0,2024-02-14T11:33:26.369348325Z,2024-03-15T11:33:26.369348325Z,2024-03-14T18:42:53.108623109Z,2296.42,docker_used_memory_mb,NFCORE_RANGELAND:RANGELAND:PREPROCESSING:FORCE_PREPROCESS (LT05_L1TP_181036_20040626_20200903_02_T1) (2769),NFCORE_RANGELAND:RANGELAND:PREPROCESSING:FORCE_PREPROCESS (LT05_L1TP_181036_20040626_20200903_02_T1) (2769),288909,2769
,,0,2024-02-14T11:33:26.369348325Z,2024-03-15T11:33:26.369348325Z,2024-03-14T18:42:55.108183719Z,2299.07,docker_used_memory_mb,NFCORE_RANGELAND:RANGELAND:PREPROCESSING:FORCE_PREPROCESS (LT05_L1TP_181036_20040626_20200903_02_T1) (2769),NFCORE_RANGELAND:RANGELAND:PREPROCESSING:FORCE_PREPROCESS (LT05_L1TP_181036_20040626_20200903_02_T1) (2769),288909,2769
,,0,2024-02-14T11:33:26.369348325Z,2024-03-15T11:33:26.369348325Z,2024-03-14T18:42:57.108694421Z,2301.57,docker_used_memory_mb,NFCORE_RANGELAND:RANGELAND:PREPROCESSING:FORCE_PREPROCESS (LT05_L1TP_181036_20040626_20200903_02_T1) (2769),NFCORE_RANGELAND:RANGELAND:PREPROCESSING:FORCE_PREPROCESS (LT05_L1TP_181036_20040626_20200903_02_T1) (2769),288909,2769
,,0,2024-02-14T11:33:26.369348325Z,2024-03-15T11:33:26.369348325Z,2024-03-14T18:42:59.108249821Z,2304.33,docker_used_memory_mb,NFCORE_RANGELAND:RANGELAND:PREPROCESSING:FORCE_PREPROCESS (LT05_L1TP_181036_20040626_20200903_02_T1) (2769),NFCORE_RANGELAND:RANGELAND:PREPROCESSING:FORCE_PREPROCESS (LT05_L1TP_181036_20040626_20200903_02_T1) (2769),288909,2769
,,0,2024-02-14T11:33:26.369348325Z,2024-03-15T11:33:26.369348325Z,2024-03-14T18:43:01.108790303Z,2306.88,docker_used_memory_mb,NFCORE_RANGELAND:RANGELAND:PREPROCESSING:FORCE_PREPROCESS (LT05_L1TP_181036_20040626_20200903_02_T1) (2769),NFCORE_RANGELAND:RANGELAND:PREPROCESSING:FORCE_PREPROCESS (LT05_L1TP_181036_20040626_20200903_02_T1) (2769),288909,2769
,,0,2024-02-14T11:33:26.369348325Z,2024-03-15T11:33:26.369348325Z,2024-03-14T18:43:03.108451857Z,2237.66,docker_used_memory_mb,NFCORE_RANGELAND:RANGELAND:PREPROCESSING:FORCE_PREPROCESS (LT05_L1TP_181036_20040626_20200903_02_T1) (2769),NFCORE_RANGELAND:RANGELAND:PREPROCESSING:FORCE_PREPROCESS (LT05_L1TP_181036_20040626_20200903_02_T1) (2769),288909,2769
,,0,2024-02-14T11:33:26.369348325Z,2024-03-15T11:33:26.369348325Z,2024-03-14T18:43:05.108836604Z,2701.55,docker_used_memory_mb,NFCORE_RANGELAND:RANGELAND:PREPROCESSING:FORCE_PREPROCESS (LT05_L1TP_181036_20040626_20200903_02_T1) (2769),NFCORE_RANGELAND:RANGELAND:PREPROCESSING:FORCE_PREPROCESS (LT05_L1TP_181036_20040626_20200903_02_T1) (2769),288909,2769
,,0,2024-02-14T11:33:26.369348325Z,2024-03-15T11:33:26.369348325Z,2024-03-14T18:43:07.108356973Z,2205.18,docker_used_memory_mb,NFCORE_RANGELAND:RANGELAND:PREPROCESSING:FORCE_PREPROCESS (LT05_L1TP_181036_20040626_20200903_02_T1) (2769),NFCORE_RANGELAND:RANGELAND:PREPROCESSING:FORCE_PREPROCESS (LT05_L1TP_181036_20040626_20200903_02_T1) (2769),288909,2769
,,0,2024-02-14T11:33:26.369348325Z,2024-03-15T11:33:26.369348325Z,2024-03-14T18:43:09.108969157Z,2283.96,docker_used_memory_mb,NFCORE_RANGELAND:RANGELAND:PREPROCESSING:FORCE_PREPROCESS (LT05_L1TP_181036_20040626_20200903_02_T1) (2769),NFCORE_RANGELAND:RANGELAND:PREPROCESSING:FORCE_PREPROCESS (LT05_L1TP_181036_20040626_20200903_02_T1) (2769),288909,2769
,,0,2024-02-14T11:33:26.369348325Z,2024-03-15T11:33:26.369348325Z,2024-03-14T18:43:11.108653342Z,2701.59,docker_used_memory_mb,NFCORE_RANGELAND:RANGELAND:PREPROCESSING:FORCE_PREPROCESS (LT05_L1TP_181036_20040626_20200903_02_T1) (2769),NFCORE_RANGELAND:RANGELAND:PREPROCESSING:FORCE_PREPROCESS (LT05_L1TP_181036_20040626_20200903_02_T1) (2769),288909,2769
,,0,2024-02-14T11:33:26.369348325Z,2024-03-15T11:33:26.369348325Z,2024-03-14T18:43:13.109181303Z,2205.47,docker_used_memory_mb,NFCORE_RANGELAND:RANGELAND:PREPROCESSING:FORCE_PREPROCESS (LT05_L1TP_181036_20040626_20200903_02_T1) (2769),NFCORE_RANGELAND:RANGELAND:PREPROCESSING:FORCE_PREPROCESS (LT05_L1TP_181036_20040626_20200903_02_T1) (2769),288909,2769
,,0,2024-02-14T11:33:26.369348325Z,2024-03-15T11:33:26.369348325Z,2024-03-14T18:43:15.108505776Z,2701.72,docker_used_memory_mb,NFCORE_RANGELAND:RANGELAND:PREPROCESSING:FORCE_PREPROCESS (LT05_L1TP_181036_20040626_20200903_02_T1) (2769),NFCORE_RANGELAND:RANGELAND:PREPROCESSING:FORCE_PREPROCESS (LT05_L1TP_181036_20040626_20200903_02_T1) (2769),288909,2769
,,0,2024-02-14T11:33:26.369348325Z,2024-03-15T11:33:26.369348325Z,2024-03-14T18:43:17.109053098Z,2205.58,docker_used_memory_mb,NFCORE_RANGELAND:RANGELAND:PREPROCESSING:FORCE_PREPROCESS (LT05_L1TP_181036_20040626_20200903_02_T1) (2769),NFCORE_RANGELAND:RANGELAND:PREPROCESSING:FORCE_PREPROCESS (LT05_L1TP_181036_20040626_20200903_02_T1) (2769),288909,2769
,,0,2024-02-14T11:33:26.369348325Z,2024-03-15T11:33:26.369348325Z,2024-03-14T18:43:19.108588237Z,2422.47,docker_used_memory_mb,NFCORE_RANGELAND:RANGELAND:PREPROCESSING:FORCE_PREPROCESS (LT05_L1TP_181036_20040626_20200903_02_T1) (2769),NFCORE_RANGELAND:RANGELAND:PREPROCESSING:FORCE_PREPROCESS (LT05_L1TP_181036_20040626_20200903_02_T1) (2769),288909,2769
,,0,2024-02-14T11:33:26.369348325Z,2024-03-15T11:33:26.369348325Z,2024-03-14T18:43:21.109021516Z,2205.55,docker_used_memory_mb,NFCORE_RANGELAND:RANGELAND:PREPROCESSING:FORCE_PREPROCESS (LT05_L1TP_181036_20040626_20200903_02_T1) (2769),NFCORE_RANGELAND:RANGELAND:PREPROCESSING:FORCE_PREPROCESS (LT05_L1TP_181036_20040626_20200903_02_T1) (2769),288909,2769
,,0,2024-02-14T11:33:26.369348325Z,2024-03-15T11:33:26.369348325Z,2024-03-14T18:43:23.108505913Z,2205.82,docker_used_memory_mb,NFCORE_RANGELAND:RANGELAND:PREPROCESSING:FORCE_PREPROCESS (LT05_L1TP_181036_20040626_20200903_02_T1) (2769),NFCORE_RANGELAND:RANGELAND:PREPROCESSING:FORCE_PREPROCESS (LT05_L1TP_181036_20040626_20200903_02_T1) (2769),288909,2769
,,0,2024-02-14T11:33:26.369348325Z,2024-03-15T11:33:26.369348325Z,2024-03-14T18:43:25.109017444Z,2702.06,docker_used_memory_mb,NFCORE_RANGELAND:RANGELAND:PREPROCESSING:FORCE_PREPROCESS (LT05_L1TP_181036_20040626_20200903_02_T1) (2769),NFCORE_RANGELAND:RANGELAND:PREPROCESSING:FORCE_PREPROCESS (LT05_L1TP_181036_20040626_20200903_02_T1) (2769),288909,2769
,,0,2024-02-14T11:33:26.369348325Z,2024-03-15T11:33:26.369348325Z,2024-03-14T18:43:27.108561194Z,2206.67,docker_used_memory_mb,NFCORE_RANGELAND:RANGELAND:PREPROCESSING:FORCE_PREPROCESS (LT05_L1TP_181036_20040626_20200903_02_T1) (2769),NFCORE_RANGELAND:RANGELAND:PREPROCESSING:FORCE_PREPROCESS (LT05_L1TP_181036_20040626_20200903_02_T1) (2769),288909,2769
,,0,2024-02-14T11:33:26.369348325Z,2024-03-15T11:33:26.369348325Z,2024-03-14T18:43:29.109131857Z,2702.1,docker_used_memory_mb,NFCORE_RANGELAND:RANGELAND:PREPROCESSING:FORCE_PREPROCESS (LT05_L1TP_181036_20040626_20200903_02_T1) (2769),NFCORE_RANGELAND:RANGELAND:PREPROCESSING:FORCE_PREPROCESS (LT05_L1TP_181036_20040626_20200903_02_T1) (2769),288909,2769
,,0,2024-02-14T11:33:26.369348325Z,2024-03-15T11:33:26.369348325Z,2024-03-14T18:43:31.108784069Z,2205.78,docker_used_memory_mb,NFCORE_RANGELAND:RANGELAND:PREPROCESSING:FORCE_PREPROCESS (LT05_L1TP_181036_20040626_20200903_02_T1) (2769),NFCORE_RANGELAND:RANGELAND:PREPROCESSING:FORCE_PREPROCESS (LT05_L1TP_181036_20040626_20200903_02_T1) (2769),288909,2769
,,0,2024-02-14T11:33:26.369348325Z,2024-03-15T11:33:26.369348325Z,2024-03-14T18:43:33.108109482Z,4292.1,docker_used_memory_mb,NFCORE_RANGELAND:RANGELAND:PREPROCESSING:FORCE_PREPROCESS (LT05_L1TP_181036_20040626_20200903_02_T1) (2769),NFCORE_RANGELAND:RANGELAND:PREPROCESSING:FORCE_PREPROCESS (LT05_L1TP_181036_20040626_20200903_02_T1) (2769),288909,2769
,,0,2024-02-14T11:33:26.369348325Z,2024-03-15T11:33:26.369348325Z,2024-03-14T18:43:35.108709635Z,4292.55,docker_used_memory_mb,NFCORE_RANGELAND:RANGELAND:PREPROCESSING:FORCE_PREPROCESS (LT05_L1TP_181036_20040626_20200903_02_T1) (2769),NFCORE_RANGELAND:RANGELAND:PREPROCESSING:FORCE_PREPROCESS (LT05_L1TP_181036_20040626_20200903_02_T1) (2769),288909,2769
,,0,2024-02-14T11:33:26.369348325Z,2024-03-15T11:33:26.369348325Z,2024-03-14T18:43:37.108269475Z,4293.16,docker_used_memory_mb,NFCORE_RANGELAND:RANGELAND:PREPROCESSING:FORCE_PREPROCESS (LT05_L1TP_181036_20040626_20200903_02_T1) (2769),NFCORE_RANGELAND:RANGELAND:PREPROCESSING:FORCE_PREPROCESS (LT05_L1TP_181036_20040626_20200903_02_T1) (2769),288909,2769
,,0,2024-02-14T11:33:26.369348325Z,2024-03-15T11:33:26.369348325Z,2024-03-14T18:43:39.108621011Z,4292.63,docker_used_memory_mb,NFCORE_RANGELAND:RANGELAND:PREPROCESSING:FORCE_PREPROCESS (LT05_L1TP_181036_20040626_20200903_02_T1) (2769),NFCORE_RANGELAND:RANGELAND:PREPROCESSING:FORCE_PREPROCESS (LT05_L1TP_181036_20040626_20200903_02_T1) (2769),288909,2769
,,0,2024-02-14T11:33:26.369348325Z,2024-03-15T11:33:26.369348325Z,2024-03-14T18:43:41.10817827Z,4292.57,docker_used_memory_mb,NFCORE_RANGELAND:RANGELAND:PREPROCESSING:FORCE_PREPROCESS (LT05_L1TP_181036_20040626_20200903_02_T1) (2769),NFCORE_RANGELAND:RANGELAND:PREPROCESSING:FORCE_PREPROCESS (LT05_L1TP_181036_20040626_20200903_02_T1) (2769),288909,2769
,,0,2024-02-14T11:33:26.369348325Z,2024-03-15T11:33:26.369348325Z,2024-03-14T18:43:43.108684251Z,4292.95,docker_used_memory_mb,NFCORE_RANGELAND:RANGELAND:PREPROCESSING:FORCE_PREPROCESS (LT05_L1TP_181036_20040626_20200903_02_T1) (2769),NFCORE_RANGELAND:RANGELAND:PREPROCESSING:FORCE_PREPROCESS (LT05_L1TP_181036_20040626_20200903_02_T1) (2769),288909,2769
,,0,2024-02-14T11:33:26.369348325Z,2024-03-15T11:33:26.369348325Z,2024-03-14T18:43:45.108158178Z,4292.68,docker_used_memory_mb,NFCORE_RANGELAND:RANGELAND:PREPROCESSING:FORCE_PREPROCESS (LT05_L1TP_181036_20040626_20200903_02_T1) (2769),NFCORE_RANGELAND:RANGELAND:PREPROCESSING:FORCE_PREPROCESS (LT05_L1TP_181036_20040626_20200903_02_T1) (2769),288909,2769
,,0,2024-02-14T11:33:26.369348325Z,2024-03-15T11:33:26.369348325Z,2024-03-14T18:43:47.108783122Z,4292.88,docker_used_memory_mb,NFCORE_RANGELAND:RANGELAND:PREPROCESSING:FORCE_PREPROCESS (LT05_L1TP_181036_20040626_20200903_02_T1) (2769),NFCORE_RANGELAND:RANGELAND:PREPROCESSING:FORCE_PREPROCESS (LT05_L1TP_181036_20040626_20200903_02_T1) (2769),288909,2769
,,0,2024-02-14T11:33:26.369348325Z,2024-03-15T11:33:26.369348325Z,2024-03-14T18:43:49.108621301Z,4292.73,docker_used_memory_mb,NFCORE_RANGELAND:RANGELAND:PREPROCESSING:FORCE_PREPROCESS (LT05_L1TP_181036_20040626_20200903_02_T1) (2769),NFCORE_RANGELAND:RANGELAND:PREPROCESSING:FORCE_PREPROCESS (LT05_L1TP_181036_20040626_20200903_02_T1) (2769),288909,2769
,,0,2024-02-14T11:33:26.369348325Z,2024-03-15T11:33:26.369348325Z,2024-03-14T18:43:51.109152042Z,4292.44,docker_used_memory_mb,NFCORE_RANGELAND:RANGELAND:PREPROCESSING:FORCE_PREPROCESS (LT05_L1TP_181036_20040626_20200903_02_T1) (2769),NFCORE_RANGELAND:RANGELAND:PREPROCESSING:FORCE_PREPROCESS (LT05_L1TP_181036_20040626_20200903_02_T1) (2769),288909,2769
,,0,2024-02-14T11:33:26.369348325Z,2024-03-15T11:33:26.369348325Z,2024-03-14T18:43:53.108505575Z,4292.48,docker_used_memory_mb,NFCORE_RANGELAND:RANGELAND:PREPROCESSING:FORCE_PREPROCESS (LT05_L1TP_181036_20040626_20200903_02_T1) (2769),NFCORE_RANGELAND:RANGELAND:PREPROCESSING:FORCE_PREPROCESS (LT05_L1TP_181036_20040626_20200903_02_T1) (2769),288909,2769
,,0,2024-02-14T11:33:26.369348325Z,2024-03-15T11:33:26.369348325Z,2024-03-14T18:43:55.108948433Z,4292.35,docker_used_memory_mb,NFCORE_RANGELAND:RANGELAND:PREPROCESSING:FORCE_PREPROCESS (LT05_L1TP_181036_20040626_20200903_02_T1) (2769),NFCORE_RANGELAND:RANGELAND:PREPROCESSING:FORCE_PREPROCESS (LT05_L1TP_181036_20040626_20200903_02_T1) (2769),288909,2769
,,0,2024-02-14T11:33:26.369348325Z,2024-03-15T11:33:26.369348325Z,2024-03-14T18:43:57.10845073Z,4292.52,docker_used_memory_mb,NFCORE_RANGELAND:RANGELAND:PREPROCESSING:FORCE_PREPROCESS (LT05_L1TP_181036_20040626_20200903_02_T1) (2769),NFCORE_RANGELAND:RANGELAND:PREPROCESSING:FORCE_PREPROCESS (LT05_L1TP_181036_20040626_20200903_02_T1) (2769),288909,2769
,,0,2024-02-14T11:33:26.369348325Z,2024-03-15T11:33:26.369348325Z,2024-03-14T18:43:59.108983881Z,4292.37,docker_used_memory_mb,NFCORE_RANGELAND:RANGELAND:PREPROCESSING:FORCE_PREPROCESS (LT05_L1TP_181036_20040626_20200903_02_T1) (2769),NFCORE_RANGELAND:RANGELAND:PREPROCESSING:FORCE_PREPROCESS (LT05_L1TP_181036_20040626_20200903_02_T1) (2769),288909,2769
,,0,2024-02-14T11:33:26.369348325Z,2024-03-15T11:33:26.369348325Z,2024-03-14T18:44:01.108443097Z,4292.37,docker_used_memory_mb,NFCORE_RANGELAND:RANGELAND:PREPROCESSING:FORCE_PREPROCESS (LT05_L1TP_181036_20040626_20200903_02_T1) (2769),NFCORE_RANGELAND:RANGELAND:PREPROCESSING:FORCE_PREPROCESS (LT05_L1TP_181036_20040626_20200903_02_T1) (2769),288909,2769
,,0,2024-02-14T11:33:26.369348325Z,2024-03-15T11:33:26.369348325Z,2024-03-14T18:44:03.109002209Z,4292.55,docker_used_memory_mb,NFCORE_RANGELAND:RANGELAND:PREPROCESSING:FORCE_PREPROCESS (LT05_L1TP_181036_20040626_20200903_02_T1) (2769),NFCORE_RANGELAND:RANGELAND:PREPROCESSING:FORCE_PREPROCESS (LT05_L1TP_181036_20040626_20200903_02_T1) (2769),288909,2769
,,0,2024-02-14T11:33:26.369348325Z,2024-03-15T11:33:26.369348325Z,2024-03-14T18:44:05.108536218Z,4292.48,docker_used_memory_mb,NFCORE_RANGELAND:RANGELAND:PREPROCESSING:FORCE_PREPROCESS (LT05_L1TP_181036_20040626_20200903_02_T1) (2769),NFCORE_RANGELAND:RANGELAND:PREPROCESSING:FORCE_PREPROCESS (LT05_L1TP_181036_20040626_20200903_02_T1) (2769),288909,2769
,,0,2024-02-14T11:33:26.369348325Z,2024-03-15T11:33:26.369348325Z,2024-03-14T18:44:07.109000837Z,4292.86,docker_used_memory_mb,NFCORE_RANGELAND:RANGELAND:PREPROCESSING:FORCE_PREPROCESS (LT05_L1TP_181036_20040626_20200903_02_T1) (2769),NFCORE_RANGELAND:RANGELAND:PREPROCESSING:FORCE_PREPROCESS (LT05_L1TP_181036_20040626_20200903_02_T1) (2769),288909,2769
,,0,2024-02-14T11:33:26.369348325Z,2024-03-15T11:33:26.369348325Z,2024-03-14T18:44:09.108525365Z,4292.59,docker_used_memory_mb,NFCORE_RANGELAND:RANGELAND:PREPROCESSING:FORCE_PREPROCESS (LT05_L1TP_181036_20040626_20200903_02_T1) (2769),NFCORE_RANGELAND:RANGELAND:PREPROCESSING:FORCE_PREPROCESS (LT05_L1TP_181036_20040626_20200903_02_T1) (2769),288909,2769
,,0,2024-02-14T11:33:26.369348325Z,2024-03-15T11:33:26.369348325Z,2024-03-14T18:44:12.108323823Z,4292.59,docker_used_memory_mb,NFCORE_RANGELAND:RANGELAND:PREPROCESSING:FORCE_PREPROCESS (LT05_L1TP_181036_20040626_20200903_02_T1) (2769),NFCORE_RANGELAND:RANGELAND:PREPROCESSING:FORCE_PREPROCESS (LT05_L1TP_181036_20040626_20200903_02_T1) (2769),288909,2769
,,0,2024-02-14T11:33:26.369348325Z,2024-03-15T11:33:26.369348325Z,2024-03-14T18:44:14.108655738Z,4292.84,docker_used_memory_mb,NFCORE_RANGELAND:RANGELAND:PREPROCESSING:FORCE_PREPROCESS (LT05_L1TP_181036_20040626_20200903_02_T1) (2769),NFCORE_RANGELAND:RANGELAND:PREPROCESSING:FORCE_PREPROCESS (LT05_L1TP_181036_20040626_20200903_02_T1) (2769),288909,2769
,,0,2024-02-14T11:33:26.369348325Z,2024-03-15T11:33:26.369348325Z,2024-03-14T18:44:16.108207807Z,4292.71,docker_used_memory_mb,NFCORE_RANGELAND:RANGELAND:PREPROCESSING:FORCE_PREPROCESS (LT05_L1TP_181036_20040626_20200903_02_T1) (2769),NFCORE_RANGELAND:RANGELAND:PREPROCESSING:FORCE_PREPROCESS (LT05_L1TP_181036_20040626_20200903_02_T1) (2769),288909,2769
,,0,2024-02-14T11:33:26.369348325Z,2024-03-15T11:33:26.369348325Z,2024-03-14T18:44:18.108713517Z,4292.56,docker_used_memory_mb,NFCORE_RANGELAND:RANGELAND:PREPROCESSING:FORCE_PREPROCESS (LT05_L1TP_181036_20040626_20200903_02_T1) (2769),NFCORE_RANGELAND:RANGELAND:PREPROCESSING:FORCE_PREPROCESS (LT05_L1TP_181036_20040626_20200903_02_T1) (2769),288909,2769
,,0,2024-02-14T11:33:26.369348325Z,2024-03-15T11:33:26.369348325Z,2024-03-14T18:44:20.108188014Z,4292.56,docker_used_memory_mb,NFCORE_RANGELAND:RANGELAND:PREPROCESSING:FORCE_PREPROCESS (LT05_L1TP_181036_20040626_20200903_02_T1) (2769),NFCORE_RANGELAND:RANGELAND:PREPROCESSING:FORCE_PREPROCESS (LT05_L1TP_181036_20040626_20200903_02_T1) (2769),288909,2769
,,0,2024-02-14T11:33:26.369348325Z,2024-03-15T11:33:26.369348325Z,2024-03-14T18:44:22.108756866Z,2681.47,docker_used_memory_mb,NFCORE_RANGELAND:RANGELAND:PREPROCESSING:FORCE_PREPROCESS (LT05_L1TP_181036_20040626_20200903_02_T1) (2769),NFCORE_RANGELAND:RANGELAND:PREPROCESSING:FORCE_PREPROCESS (LT05_L1TP_181036_20040626_20200903_02_T1) (2769),288909,2769
,,0,2024-02-14T11:33:26.369348325Z,2024-03-15T11:33:26.369348325Z,2024-03-14T18:44:24.108333115Z,2681.65,docker_used_memory_mb,NFCORE_RANGELAND:RANGELAND:PREPROCESSING:FORCE_PREPROCESS (LT05_L1TP_181036_20040626_20200903_02_T1) (2769),NFCORE_RANGELAND:RANGELAND:PREPROCESSING:FORCE_PREPROCESS (LT05_L1TP_181036_20040626_20200903_02_T1) (2769),288909,2769
,,0,2024-02-14T11:33:26.369348325Z,2024-03-15T11:33:26.369348325Z,2024-03-14T18:44:26.108868927Z,2681.6,docker_used_memory_mb,NFCORE_RANGELAND:RANGELAND:PREPROCESSING:FORCE_PREPROCESS (LT05_L1TP_181036_20040626_20200903_02_T1) (2769),NFCORE_RANGELAND:RANGELAND:PREPROCESSING:FORCE_PREPROCESS (LT05_L1TP_181036_20040626_20200903_02_T1) (2769),288909,2769
,,0,2024-02-14T11:33:26.369348325Z,2024-03-15T11:33:26.369348325Z,2024-03-14T18:44:28.108287801Z,2681.78,docker_used_memory_mb,NFCORE_RANGELAND:RANGELAND:PREPROCESSING:FORCE_PREPROCESS (LT05_L1TP_181036_20040626_20200903_02_T1) (2769),NFCORE_RANGELAND:RANGELAND:PREPROCESSING:FORCE_PREPROCESS (LT05_L1TP_181036_20040626_20200903_02_T1) (2769),288909,2769
,,0,2024-02-14T11:33:26.369348325Z,2024-03-15T11:33:26.369348325Z,2024-03-14T18:44:30.108932435Z,2681.67,docker_used_memory_mb,NFCORE_RANGELAND:RANGELAND:PREPROCESSING:FORCE_PREPROCESS (LT05_L1TP_181036_20040626_20200903_02_T1) (2769),NFCORE_RANGELAND:RANGELAND:PREPROCESSING:FORCE_PREPROCESS (LT05_L1TP_181036_20040626_20200903_02_T1) (2769),288909,2769
,,0,2024-02-14T11:33:26.369348325Z,2024-03-15T11:33:26.369348325Z,2024-03-14T18:44:32.108454043Z,2681.67,docker_used_memory_mb,NFCORE_RANGELAND:RANGELAND:PREPROCESSING:FORCE_PREPROCESS (LT05_L1TP_181036_20040626_20200903_02_T1) (2769),NFCORE_RANGELAND:RANGELAND:PREPROCESSING:FORCE_PREPROCESS (LT05_L1TP_181036_20040626_20200903_02_T1) (2769),288909,2769
,,0,2024-02-14T11:33:26.369348325Z,2024-03-15T11:33:26.369348325Z,2024-03-14T18:44:34.108983754Z,2681.59,docker_used_memory_mb,NFCORE_RANGELAND:RANGELAND:PREPROCESSING:FORCE_PREPROCESS (LT05_L1TP_181036_20040626_20200903_02_T1) (2769),NFCORE_RANGELAND:RANGELAND:PREPROCESSING:FORCE_PREPROCESS (LT05_L1TP_181036_20040626_20200903_02_T1) (2769),288909,2769
,,0,2024-02-14T11:33:26.369348325Z,2024-03-15T11:33:26.369348325Z,2024-03-14T18:44:36.108493981Z,2681.59,docker_used_memory_mb,NFCORE_RANGELAND:RANGELAND:PREPROCESSING:FORCE_PREPROCESS (LT05_L1TP_181036_20040626_20200903_02_T1) (2769),NFCORE_RANGELAND:RANGELAND:PREPROCESSING:FORCE_PREPROCESS (LT05_L1TP_181036_20040626_20200903_02_T1) (2769),288909,2769
,,0,2024-02-14T11:33:26.369348325Z,2024-03-15T11:33:26.369348325Z,2024-03-14T18:44:38.109058883Z,2681.77,docker_used_memory_mb,NFCORE_RANGELAND:RANGELAND:PREPROCESSING:FORCE_PREPROCESS (LT05_L1TP_181036_20040626_20200903_02_T1) (2769),NFCORE_RANGELAND:RANGELAND:PREPROCESSING:FORCE_PREPROCESS (LT05_L1TP_181036_20040626_20200903_02_T1) (2769),288909,2769
,,0,2024-02-14T11:33:26.369348325Z,2024-03-15T11:33:26.369348325Z,2024-03-14T18:44:40.108434416Z,2681.66,docker_used_memory_mb,NFCORE_RANGELAND:RANGELAND:PREPROCESSING:FORCE_PREPROCESS (LT05_L1TP_181036_20040626_20200903_02_T1) (2769),NFCORE_RANGELAND:RANGELAND:PREPROCESSING:FORCE_PREPROCESS (LT05_L1TP_181036_20040626_20200903_02_T1) (2769),288909,2769
,,0,2024-02-14T11:33:26.369348325Z,2024-03-15T11:33:26.369348325Z,2024-03-14T18:44:42.109095441Z,2681.66,docker_used_memory_mb,NFCORE_RANGELAND:RANGELAND:PREPROCESSING:FORCE_PREPROCESS (LT05_L1TP_181036_20040626_20200903_02_T1) (2769),NFCORE_RANGELAND:RANGELAND:PREPROCESSING:FORCE_PREPROCESS (LT05_L1TP_181036_20040626_20200903_02_T1) (2769),288909,2769
,,0,2024-02-14T11:33:26.369348325Z,2024-03-15T11:33:26.369348325Z,2024-03-14T18:44:44.108536946Z,2681.63,docker_used_memory_mb,NFCORE_RANGELAND:RANGELAND:PREPROCESSING:FORCE_PREPROCESS (LT05_L1TP_181036_20040626_20200903_02_T1) (2769),NFCORE_RANGELAND:RANGELAND:PREPROCESSING:FORCE_PREPROCESS (LT05_L1TP_181036_20040626_20200903_02_T1) (2769),288909,2769
,,0,2024-02-14T11:33:26.369348325Z,2024-03-15T11:33:26.369348325Z,2024-03-14T18:44:46.109064176Z,2681.63,docker_used_memory_mb,NFCORE_RANGELAND:RANGELAND:PREPROCESSING:FORCE_PREPROCESS (LT05_L1TP_181036_20040626_20200903_02_T1) (2769),NFCORE_RANGELAND:RANGELAND:PREPROCESSING:FORCE_PREPROCESS (LT05_L1TP_181036_20040626_20200903_02_T1) (2769),288909,2769
,,0,2024-02-14T11:33:26.369348325Z,2024-03-15T11:33:26.369348325Z,2024-03-14T18:44:48.108563103Z,2681.86,docker_used_memory_mb,NFCORE_RANGELAND:RANGELAND:PREPROCESSING:FORCE_PREPROCESS (LT05_L1TP_181036_20040626_20200903_02_T1) (2769),NFCORE_RANGELAND:RANGELAND:PREPROCESSING:FORCE_PREPROCESS (LT05_L1TP_181036_20040626_20200903_02_T1) (2769),288909,2769
,,0,2024-02-14T11:33:26.369348325Z,2024-03-15T11:33:26.369348325Z,2024-03-14T18:44:50.108170673Z,2681.71,docker_used_memory_mb,NFCORE_RANGELAND:RANGELAND:PREPROCESSING:FORCE_PREPROCESS (LT05_L1TP_181036_20040626_20200903_02_T1) (2769),NFCORE_RANGELAND:RANGELAND:PREPROCESSING:FORCE_PREPROCESS (LT05_L1TP_181036_20040626_20200903_02_T1) (2769),288909,2769
,,0,2024-02-14T11:33:26.369348325Z,2024-03-15T11:33:26.369348325Z,2024-03-14T18:44:52.108784006Z,2681.71,docker_used_memory_mb,NFCORE_RANGELAND:RANGELAND:PREPROCESSING:FORCE_PREPROCESS (LT05_L1TP_181036_20040626_20200903_02_T1) (2769),NFCORE_RANGELAND:RANGELAND:PREPROCESSING:FORCE_PREPROCESS (LT05_L1TP_181036_20040626_20200903_02_T1) (2769),288909,2769
,,0,2024-02-14T11:33:26.369348325Z,2024-03-15T11:33:26.369348325Z,2024-03-14T18:44:54.108379086Z,2681.79,docker_used_memory_mb,NFCORE_RANGELAND:RANGELAND:PREPROCESSING:FORCE_PREPROCESS (LT05_L1TP_181036_20040626_20200903_02_T1) (2769),NFCORE_RANGELAND:RANGELAND:PREPROCESSING:FORCE_PREPROCESS (LT05_L1TP_181036_20040626_20200903_02_T1) (2769),288909,2769
,,0,2024-02-14T11:33:26.369348325Z,2024-03-15T11:33:26.369348325Z,2024-03-14T18:44:56.10871034Z,1849.54,docker_used_memory_mb,NFCORE_RANGELAND:RANGELAND:PREPROCESSING:FORCE_PREPROCESS (LT05_L1TP_181036_20040626_20200903_02_T1) (2769),NFCORE_RANGELAND:RANGELAND:PREPROCESSING:FORCE_PREPROCESS (LT05_L1TP_181036_20040626_20200903_02_T1) (2769),288909,2769
