#datatype,string,long,dateTime:RFC3339,dateTime:RFC3339,dateTime:RFC3339,double,string,string,string,string,string
#group,false,false,true,true,false,false,true,true,true,true,true
#default,_result,,,,,,,,,,
,result,table,_start,_stop,_time,_value,_field,_measurement,name,pid,tid
,,0,2024-02-15T15:34:48.805062984Z,2024-03-16T15:34:48.805062984Z,2024-03-16T01:44:00.182103499Z,105.1069,docker_cpu_usage_pct,NFCORE_RANGELAND:RANGELAND:PREPROCESSING:FORCE_PREPROCESS (LT05_L1TP_180036_19911209_20200914_02_T1) (3713),NFCORE_RANGELAND:RANGELAND:PREPROCESSING:FORCE_PREPROCESS (LT05_L1TP_180036_19911209_20200914_02_T1) (3713),1065002,3713
,,0,2024-02-15T15:34:48.805062984Z,2024-03-16T15:34:48.805062984Z,2024-03-16T01:44:02.182615292Z,126.7112,docker_cpu_usage_pct,NFCORE_RANGELAND:RANGELAND:PREPROCESSING:FORCE_PREPROCESS (LT05_L1TP_180036_19911209_20200914_02_T1) (3713),NFCORE_RANGELAND:RANGELAND:PREPROCESSING:FORCE_PREPROCESS (LT05_L1TP_180036_19911209_20200914_02_T1) (3713),1065002,3713
,,0,2024-02-15T15:34:48.805062984Z,2024-03-16T15:34:48.805062984Z,2024-03-16T01:44:04.182489255Z,104.663,docker_cpu_usage_pct,NFCORE_RANGELAND:RANGELAND:PREPROCESSING:FORCE_PREPROCESS (LT05_L1TP_180036_19911209_20200914_02_T1) (3713),NFCORE_RANGELAND:RANGELAND:PREPROCESSING:FORCE_PREPROCESS (LT05_L1TP_180036_19911209_20200914_02_T1) (3713),1065002,3713
,,0,2024-02-15T15:34:48.805062984Z,2024-03-16T15:34:48.805062984Z,2024-03-16T01:44:06.182854954Z,104.7439,docker_cpu_usage_pct,NFCORE_RANGELAND:RANGELAND:PREPROCESSING:FORCE_PREPROCESS (LT05_L1TP_180036_19911209_20200914_02_T1) (3713),NFCORE_RANGELAND:RANGELAND:PREPROCESSING:FORCE_PREPROCESS (LT05_L1TP_180036_19911209_20200914_02_T1) (3713),1065002,3713
,,0,2024-02-15T15:34:48.805062984Z,2024-03-16T15:34:48.805062984Z,2024-03-16T01:44:08.182577901Z,202.1479,docker_cpu_usage_pct,NFCORE_RANGELAND:RANGELAND:PREPROCESSING:FORCE_PREPROCESS (LT05_L1TP_180036_19911209_20200914_02_T1) (3713),NFCORE_RANGELAND:RANGELAND:PREPROCESSING:FORCE_PREPROCESS (LT05_L1TP_180036_19911209_20200914_02_T1) (3713),1065002,3713
,,0,2024-02-15T15:34:48.805062984Z,2024-03-16T15:34:48.805062984Z,2024-03-16T01:44:10.182900959Z,177.013,docker_cpu_usage_pct,NFCORE_RANGELAND:RANGELAND:PREPROCESSING:FORCE_PREPROCESS (LT05_L1TP_180036_19911209_20200914_02_T1) (3713),NFCORE_RANGELAND:RANGELAND:PREPROCESSING:FORCE_PREPROCESS (LT05_L1TP_180036_19911209_20200914_02_T1) (3713),1065002,3713
,,0,2024-02-15T15:34:48.805062984Z,2024-03-16T15:34:48.805062984Z,2024-03-16T01:44:12.182604847Z,200.0468,docker_cpu_usage_pct,NFCORE_RANGELAND:RANGELAND:PREPROCESSING:FORCE_PREPROCESS (LT05_L1TP_180036_19911209_20200914_02_T1) (3713),NFCORE_RANGELAND:RANGELAND:PREPROCESSING:FORCE_PREPROCESS (LT05_L1TP_180036_19911209_20200914_02_T1) (3713),1065002,3713
,,0,2024-02-15T15:34:48.805062984Z,2024-03-16T15:34:48.805062984Z,2024-03-16T01:44:14.182178421Z,199.7567,docker_cpu_usage_pct,NFCORE_RANGELAND:RANGELAND:PREPROCESSING:FORCE_PREPROCESS (LT05_L1TP_180036_19911209_20200914_02_T1) (3713),NFCORE_RANGELAND:RANGELAND:PREPROCESSING:FORCE_PREPROCESS (LT05_L1TP_180036_19911209_20200914_02_T1) (3713),1065002,3713
,,0,2024-02-15T15:34:48.805062984Z,2024-03-16T15:34:48.805062984Z,2024-03-16T01:44:16.182643714Z,198.4723,docker_cpu_usage_pct,NFCORE_RANGELAND:RANGELAND:PREPROCESSING:FORCE_PREPROCESS (LT05_L1TP_180036_19911209_20200914_02_T1) (3713),NFCORE_RANGELAND:RANGELAND:PREPROCESSING:FORCE_PREPROCESS (LT05_L1TP_180036_19911209_20200914_02_T1) (3713),1065002,3713
,,0,2024-02-15T15:34:48.805062984Z,2024-03-16T15:34:48.805062984Z,2024-03-16T01:44:18.182419605Z,199.3902,docker_cpu_usage_pct,NFCORE_RANGELAND:RANGELAND:PREPROCESSING:FORCE_PREPROCESS (LT05_L1TP_180036_19911209_20200914_02_T1) (3713),NFCORE_RANGELAND:RANGELAND:PREPROCESSING:FORCE_PREPROCESS (LT05_L1TP_180036_19911209_20200914_02_T1) (3713),1065002,3713
,,0,2024-02-15T15:34:48.805062984Z,2024-03-16T15:34:48.805062984Z,2024-03-16T01:44:20.182842517Z,205.0736,docker_cpu_usage_pct,NFCORE_RANGELAND:RANGELAND:PREPROCESSING:FORCE_PREPROCESS (LT05_L1TP_180036_19911209_20200914_02_T1) (3713),NFCORE_RANGELAND:RANGELAND:PREPROCESSING:FORCE_PREPROCESS (LT05_L1TP_180036_19911209_20200914_02_T1) (3713),1065002,3713
,,0,2024-02-15T15:34:48.805062984Z,2024-03-16T15:34:48.805062984Z,2024-03-16T01:44:22.182487494Z,199.2074,docker_cpu_usage_pct,NFCORE_RANGELAND:RANGELAND:PREPROCESSING:FORCE_PREPROCESS (LT05_L1TP_180036_19911209_20200914_02_T1) (3713),NFCORE_RANGELAND:RANGELAND:PREPROCESSING:FORCE_PREPROCESS (LT05_L1TP_180036_19911209_20200914_02_T1) (3713),1065002,3713
,,0,2024-02-15T15:34:48.805062984Z,2024-03-16T15:34:48.805062984Z,2024-03-16T01:44:24.183093203Z,199.7091,docker_cpu_usage_pct,NFCORE_RANGELAND:RANGELAND:PREPROCESSING:FORCE_PREPROCESS (LT05_L1TP_180036_19911209_20200914_02_T1) (3713),NFCORE_RANGELAND:RANGELAND:PREPROCESSING:FORCE_PREPROCESS (LT05_L1TP_180036_19911209_20200914_02_T1) (3713),1065002,3713
,,0,2024-02-15T15:34:48.805062984Z,2024-03-16T15:34:48.805062984Z,2024-03-16T01:44:26.182560375Z,200.1559,docker_cpu_usage_pct,NFCORE_RANGELAND:RANGELAND:PREPROCESSING:FORCE_PREPROCESS (LT05_L1TP_180036_19911209_20200914_02_T1) (3713),NFCORE_RANGELAND:RANGELAND:PREPROCESSING:FORCE_PREPROCESS (LT05_L1TP_180036_19911209_20200914_02_T1) (3713),1065002,3713
,,0,2024-02-15T15:34:48.805062984Z,2024-03-16T15:34:48.805062984Z,2024-03-16T01:44:28.182975218Z,199.9686,docker_cpu_usage_pct,NFCORE_RANGELAND:RANGELAND:PREPROCESSING:FORCE_PREPROCESS (LT05_L1TP_180036_19911209_20200914_02_T1) (3713),NFCORE_RANGELAND:RANGELAND:PREPROCESSING:FORCE_PREPROCESS (LT05_L1TP_180036_19911209_20200914_02_T1) (3713),1065002,3713
,,0,2024-02-15T15:34:48.805062984Z,2024-03-16T15:34:48.805062984Z,2024-03-16T01:44:30.182554393Z,198.3743,docker_cpu_usage_pct,NFCORE_RANGELAND:RANGELAND:PREPROCESSING:FORCE_PREPROCESS (LT05_L1TP_180036_19911209_20200914_02_T1) (3713),NFCORE_RANGELAND:RANGELAND:PREPROCESSING:FORCE_PREPROCESS (LT05_L1TP_180036_19911209_20200914_02_T1) (3713),1065002,3713
,,0,2024-02-15T15:34:48.805062984Z,2024-03-16T15:34:48.805062984Z,2024-03-16T01:44:32.182231732Z,186.2463,docker_cpu_usage_pct,NFCORE_RANGELAND:RANGELAND:PREPROCESSING:FORCE_PREPROCESS (LT05_L1TP_180036_19911209_20200914_02_T1) (3713),NFCORE_RANGELAND:RANGELAND:PREPROCESSING:FORCE_PREPROCESS (LT05_L1TP_180036_19911209_20200914_02_T1) (3713),1065002,3713
,,0,2024-02-15T15:34:48.805062984Z,2024-03-16T15:34:48.805062984Z,2024-03-16T01:44:35.183094161Z,199.8675,docker_cpu_usage_pct,NFCORE_RANGELAND:RANGELAND:PREPROCESSING:FORCE_PREPROCESS (LT05_L1TP_180036_19911209_20200914_02_T1) (3713),NFCORE_RANGELAND:RANGELAND:PREPROCESSING:FORCE_PREPROCESS (LT05_L1TP_180036_19911209_20200914_02_T1) (3713),1065002,3713
,,0,2024-02-15T15:34:48.805062984Z,2024-03-16T15:34:48.805062984Z,2024-03-16T01:44:37.182783921Z,201.112,docker_cpu_usage_pct,NFCORE_RANGELAND:RANGELAND:PREPROCESSING:FORCE_PREPROCESS (LT05_L1TP_180036_19911209_20200914_02_T1) (3713),NFCORE_RANGELAND:RANGELAND:PREPROCESSING:FORCE_PREPROCESS (LT05_L1TP_180036_19911209_20200914_02_T1) (3713),1065002,3713
,,0,2024-02-15T15:34:48.805062984Z,2024-03-16T15:34:48.805062984Z,2024-03-16T01:44:39.182334446Z,129.5018,docker_cpu_usage_pct,NFCORE_RANGELAND:RANGELAND:PREPROCESSING:FORCE_PREPROCESS (LT05_L1TP_180036_19911209_20200914_02_T1) (3713),NFCORE_RANGELAND:RANGELAND:PREPROCESSING:FORCE_PREPROCESS (LT05_L1TP_180036_19911209_20200914_02_T1) (3713),1065002,3713
,,0,2024-02-15T15:34:48.805062984Z,2024-03-16T15:34:48.805062984Z,2024-03-16T01:44:41.182673778Z,103.8255,docker_cpu_usage_pct,NFCORE_RANGELAND:RANGELAND:PREPROCESSING:FORCE_PREPROCESS (LT05_L1TP_180036_19911209_20200914_02_T1) (3713),NFCORE_RANGELAND:RANGELAND:PREPROCESSING:FORCE_PREPROCESS (LT05_L1TP_180036_19911209_20200914_02_T1) (3713),1065002,3713
,,0,2024-02-15T15:34:48.805062984Z,2024-03-16T15:34:48.805062984Z,2024-03-16T01:44:43.182320577Z,200.5119,docker_cpu_usage_pct,NFCORE_RANGELAND:RANGELAND:PREPROCESSING:FORCE_PREPROCESS (LT05_L1TP_180036_19911209_20200914_02_T1) (3713),NFCORE_RANGELAND:RANGELAND:PREPROCESSING:FORCE_PREPROCESS (LT05_L1TP_180036_19911209_20200914_02_T1) (3713),1065002,3713
,,0,2024-02-15T15:34:48.805062984Z,2024-03-16T15:34:48.805062984Z,2024-03-16T01:44:45.182828015Z,204.7111,docker_cpu_usage_pct,NFCORE_RANGELAND:RANGELAND:PREPROCESSING:FORCE_PREPROCESS (LT05_L1TP_180036_19911209_20200914_02_T1) (3713),NFCORE_RANGELAND:RANGELAND:PREPROCESSING:FORCE_PREPROCESS (LT05_L1TP_180036_19911209_20200914_02_T1) (3713),1065002,3713
,,0,2024-02-15T15:34:48.805062984Z,2024-03-16T15:34:48.805062984Z,2024-03-16T01:44:47.182283708Z,201.0866,docker_cpu_usage_pct,NFCORE_RANGELAND:RANGELAND:PREPROCESSING:FORCE_PREPROCESS (LT05_L1TP_180036_19911209_20200914_02_T1) (3713),NFCORE_RANGELAND:RANGELAND:PREPROCESSING:FORCE_PREPROCESS (LT05_L1TP_180036_19911209_20200914_02_T1) (3713),1065002,3713
,,0,2024-02-15T15:34:48.805062984Z,2024-03-16T15:34:48.805062984Z,2024-03-16T01:44:49.182780496Z,199.2955,docker_cpu_usage_pct,NFCORE_RANGELAND:RANGELAND:PREPROCESSING:FORCE_PREPROCESS (LT05_L1TP_180036_19911209_20200914_02_T1) (3713),NFCORE_RANGELAND:RANGELAND:PREPROCESSING:FORCE_PREPROCESS (LT05_L1TP_180036_19911209_20200914_02_T1) (3713),1065002,3713
,,0,2024-02-15T15:34:48.805062984Z,2024-03-16T15:34:48.805062984Z,2024-03-16T01:44:51.182343743Z,200.3514,docker_cpu_usage_pct,NFCORE_RANGELAND:RANGELAND:PREPROCESSING:FORCE_PREPROCESS (LT05_L1TP_180036_19911209_20200914_02_T1) (3713),NFCORE_RANGELAND:RANGELAND:PREPROCESSING:FORCE_PREPROCESS (LT05_L1TP_180036_19911209_20200914_02_T1) (3713),1065002,3713
,,0,2024-02-15T15:34:48.805062984Z,2024-03-16T15:34:48.805062984Z,2024-03-16T01:44:53.182920524Z,200.0062,docker_cpu_usage_pct,NFCORE_RANGELAND:RANGELAND:PREPROCESSING:FORCE_PREPROCESS (LT05_L1TP_180036_19911209_20200914_02_T1) (3713),NFCORE_RANGELAND:RANGELAND:PREPROCESSING:FORCE_PREPROCESS (LT05_L1TP_180036_19911209_20200914_02_T1) (3713),1065002,3713
,,0,2024-02-15T15:34:48.805062984Z,2024-03-16T15:34:48.805062984Z,2024-03-16T01:44:55.182382608Z,203.8856,docker_cpu_usage_pct,NFCORE_RANGELAND:RANGELAND:PREPROCESSING:FORCE_PREPROCESS (LT05_L1TP_180036_19911209_20200914_02_T1) (3713),NFCORE_RANGELAND:RANGELAND:PREPROCESSING:FORCE_PREPROCESS (LT05_L1TP_180036_19911209_20200914_02_T1) (3713),1065002,3713
,,0,2024-02-15T15:34:48.805062984Z,2024-03-16T15:34:48.805062984Z,2024-03-16T01:44:57.182814504Z,199.2445,docker_cpu_usage_pct,NFCORE_RANGELAND:RANGELAND:PREPROCESSING:FORCE_PREPROCESS (LT05_L1TP_180036_19911209_20200914_02_T1) (3713),NFCORE_RANGELAND:RANGELAND:PREPROCESSING:FORCE_PREPROCESS (LT05_L1TP_180036_19911209_20200914_02_T1) (3713),1065002,3713
,,0,2024-02-15T15:34:48.805062984Z,2024-03-16T15:34:48.805062984Z,2024-03-16T01:44:59.182357742Z,199.9515,docker_cpu_usage_pct,NFCORE_RANGELAND:RANGELAND:PREPROCESSING:FORCE_PREPROCESS (LT05_L1TP_180036_19911209_20200914_02_T1) (3713),NFCORE_RANGELAND:RANGELAND:PREPROCESSING:FORCE_PREPROCESS (LT05_L1TP_180036_19911209_20200914_02_T1) (3713),1065002,3713
,,0,2024-02-15T15:34:48.805062984Z,2024-03-16T15:34:48.805062984Z,2024-03-16T01:45:01.182875841Z,199.5067,docker_cpu_usage_pct,NFCORE_RANGELAND:RANGELAND:PREPROCESSING:FORCE_PREPROCESS (LT05_L1TP_180036_19911209_20200914_02_T1) (3713),NFCORE_RANGELAND:RANGELAND:PREPROCESSING:FORCE_PREPROCESS (LT05_L1TP_180036_19911209_20200914_02_T1) (3713),1065002,3713
,,0,2024-02-15T15:34:48.805062984Z,2024-03-16T15:34:48.805062984Z,2024-03-16T01:45:03.182380128Z,200.3995,docker_cpu_usage_pct,NFCORE_RANGELAND:RANGELAND:PREPROCESSING:FORCE_PREPROCESS (LT05_L1TP_180036_19911209_20200914_02_T1) (3713),NFCORE_RANGELAND:RANGELAND:PREPROCESSING:FORCE_PREPROCESS (LT05_L1TP_180036_19911209_20200914_02_T1) (3713),1065002,3713
,,0,2024-02-15T15:34:48.805062984Z,2024-03-16T15:34:48.805062984Z,2024-03-16T01:45:05.183106115Z,205.7317,docker_cpu_usage_pct,NFCORE_RANGELAND:RANGELAND:PREPROCESSING:FORCE_PREPROCESS (LT05_L1TP_180036_19911209_20200914_02_T1) (3713),NFCORE_RANGELAND:RANGELAND:PREPROCESSING:FORCE_PREPROCESS (LT05_L1TP_180036_19911209_20200914_02_T1) (3713),1065002,3713
,,0,2024-02-15T15:34:48.805062984Z,2024-03-16T15:34:48.805062984Z,2024-03-16T01:45:07.182419226Z,199.0451,docker_cpu_usage_pct,NFCORE_RANGELAND:RANGELAND:PREPROCESSING:FORCE_PREPROCESS (LT05_L1TP_180036_19911209_20200914_02_T1) (3713),NFCORE_RANGELAND:RANGELAND:PREPROCESSING:FORCE_PREPROCESS (LT05_L1TP_180036_19911209_20200914_02_T1) (3713),1065002,3713
,,0,2024-02-15T15:34:48.805062984Z,2024-03-16T15:34:48.805062984Z,2024-03-16T01:45:09.182865504Z,200.2345,docker_cpu_usage_pct,NFCORE_RANGELAND:RANGELAND:PREPROCESSING:FORCE_PREPROCESS (LT05_L1TP_180036_19911209_20200914_02_T1) (3713),NFCORE_RANGELAND:RANGELAND:PREPROCESSING:FORCE_PREPROCESS (LT05_L1TP_180036_19911209_20200914_02_T1) (3713),1065002,3713
,,0,2024-02-15T15:34:48.805062984Z,2024-03-16T15:34:48.805062984Z,2024-03-16T01:45:11.182458964Z,200.9379,docker_cpu_usage_pct,NFCORE_RANGELAND:RANGELAND:PREPROCESSING:FORCE_PREPROCESS (LT05_L1TP_180036_19911209_20200914_02_T1) (3713),NFCORE_RANGELAND:RANGELAND:PREPROCESSING:FORCE_PREPROCESS (LT05_L1TP_180036_19911209_20200914_02_T1) (3713),1065002,3713
,,0,2024-02-15T15:34:48.805062984Z,2024-03-16T15:34:48.805062984Z,2024-03-16T01:45:13.182874201Z,199.9289,docker_cpu_usage_pct,NFCORE_RANGELAND:RANGELAND:PREPROCESSING:FORCE_PREPROCESS (LT05_L1TP_180036_19911209_20200914_02_T1) (3713),NFCORE_RANGELAND:RANGELAND:PREPROCESSING:FORCE_PREPROCESS (LT05_L1TP_180036_19911209_20200914_02_T1) (3713),1065002,3713
,,0,2024-02-15T15:34:48.805062984Z,2024-03-16T15:34:48.805062984Z,2024-03-16T01:45:15.18271916Z,205.5222,docker_cpu_usage_pct,NFCORE_RANGELAND:RANGELAND:PREPROCESSING:FORCE_PREPROCESS (LT05_L1TP_180036_19911209_20200914_02_T1) (3713),NFCORE_RANGELAND:RANGELAND:PREPROCESSING:FORCE_PREPROCESS (LT05_L1TP_180036_19911209_20200914_02_T1) (3713),1065002,3713
,,0,2024-02-15T15:34:48.805062984Z,2024-03-16T15:34:48.805062984Z,2024-03-16T01:45:17.182919121Z,199.6707,docker_cpu_usage_pct,NFCORE_RANGELAND:RANGELAND:PREPROCESSING:FORCE_PREPROCESS (LT05_L1TP_180036_19911209_20200914_02_T1) (3713),NFCORE_RANGELAND:RANGELAND:PREPROCESSING:FORCE_PREPROCESS (LT05_L1TP_180036_19911209_20200914_02_T1) (3713),1065002,3713
,,0,2024-02-15T15:34:48.805062984Z,2024-03-16T15:34:48.805062984Z,2024-03-16T01:45:19.18243869Z,199.2392,docker_cpu_usage_pct,NFCORE_RANGELAND:RANGELAND:PREPROCESSING:FORCE_PREPROCESS (LT05_L1TP_180036_19911209_20200914_02_T1) (3713),NFCORE_RANGELAND:RANGELAND:PREPROCESSING:FORCE_PREPROCESS (LT05_L1TP_180036_19911209_20200914_02_T1) (3713),1065002,3713
,,0,2024-02-15T15:34:48.805062984Z,2024-03-16T15:34:48.805062984Z,2024-03-16T01:45:21.183168068Z,200.3118,docker_cpu_usage_pct,NFCORE_RANGELAND:RANGELAND:PREPROCESSING:FORCE_PREPROCESS (LT05_L1TP_180036_19911209_20200914_02_T1) (3713),NFCORE_RANGELAND:RANGELAND:PREPROCESSING:FORCE_PREPROCESS (LT05_L1TP_180036_19911209_20200914_02_T1) (3713),1065002,3713
,,0,2024-02-15T15:34:48.805062984Z,2024-03-16T15:34:48.805062984Z,2024-03-16T01:45:23.182507581Z,200.2595,docker_cpu_usage_pct,NFCORE_RANGELAND:RANGELAND:PREPROCESSING:FORCE_PREPROCESS (LT05_L1TP_180036_19911209_20200914_02_T1) (3713),NFCORE_RANGELAND:RANGELAND:PREPROCESSING:FORCE_PREPROCESS (LT05_L1TP_180036_19911209_20200914_02_T1) (3713),1065002,3713
,,0,2024-02-15T15:34:48.805062984Z,2024-03-16T15:34:48.805062984Z,2024-03-16T01:45:25.183112896Z,205.1314,docker_cpu_usage_pct,NFCORE_RANGELAND:RANGELAND:PREPROCESSING:FORCE_PREPROCESS (LT05_L1TP_180036_19911209_20200914_02_T1) (3713),NFCORE_RANGELAND:RANGELAND:PREPROCESSING:FORCE_PREPROCESS (LT05_L1TP_180036_19911209_20200914_02_T1) (3713),1065002,3713
,,0,2024-02-15T15:34:48.805062984Z,2024-03-16T15:34:48.805062984Z,2024-03-16T01:45:27.18246152Z,200.1919,docker_cpu_usage_pct,NFCORE_RANGELAND:RANGELAND:PREPROCESSING:FORCE_PREPROCESS (LT05_L1TP_180036_19911209_20200914_02_T1) (3713),NFCORE_RANGELAND:RANGELAND:PREPROCESSING:FORCE_PREPROCESS (LT05_L1TP_180036_19911209_20200914_02_T1) (3713),1065002,3713
,,0,2024-02-15T15:34:48.805062984Z,2024-03-16T15:34:48.805062984Z,2024-03-16T01:45:29.182851298Z,200.436,docker_cpu_usage_pct,NFCORE_RANGELAND:RANGELAND:PREPROCESSING:FORCE_PREPROCESS (LT05_L1TP_180036_19911209_20200914_02_T1) (3713),NFCORE_RANGELAND:RANGELAND:PREPROCESSING:FORCE_PREPROCESS (LT05_L1TP_180036_19911209_20200914_02_T1) (3713),1065002,3713
,,0,2024-02-15T15:34:48.805062984Z,2024-03-16T15:34:48.805062984Z,2024-03-16T01:45:31.182365458Z,200.4658,docker_cpu_usage_pct,NFCORE_RANGELAND:RANGELAND:PREPROCESSING:FORCE_PREPROCESS (LT05_L1TP_180036_19911209_20200914_02_T1) (3713),NFCORE_RANGELAND:RANGELAND:PREPROCESSING:FORCE_PREPROCESS (LT05_L1TP_180036_19911209_20200914_02_T1) (3713),1065002,3713
,,0,2024-02-15T15:34:48.805062984Z,2024-03-16T15:34:48.805062984Z,2024-03-16T01:45:33.182912201Z,200.089,docker_cpu_usage_pct,NFCORE_RANGELAND:RANGELAND:PREPROCESSING:FORCE_PREPROCESS (LT05_L1TP_180036_19911209_20200914_02_T1) (3713),NFCORE_RANGELAND:RANGELAND:PREPROCESSING:FORCE_PREPROCESS (LT05_L1TP_180036_19911209_20200914_02_T1) (3713),1065002,3713
,,0,2024-02-15T15:34:48.805062984Z,2024-03-16T15:34:48.805062984Z,2024-03-16T01:45:35.18238994Z,204.8501,docker_cpu_usage_pct,NFCORE_RANGELAND:RANGELAND:PREPROCESSING:FORCE_PREPROCESS (LT05_L1TP_180036_19911209_20200914_02_T1) (3713),NFCORE_RANGELAND:RANGELAND:PREPROCESSING:FORCE_PREPROCESS (LT05_L1TP_180036_19911209_20200914_02_T1) (3713),1065002,3713
,,0,2024-02-15T15:34:48.805062984Z,2024-03-16T15:34:48.805062984Z,2024-03-16T01:45:37.18280892Z,200.3319,docker_cpu_usage_pct,NFCORE_RANGELAND:RANGELAND:PREPROCESSING:FORCE_PREPROCESS (LT05_L1TP_180036_19911209_20200914_02_T1) (3713),NFCORE_RANGELAND:RANGELAND:PREPROCESSING:FORCE_PREPROCESS (LT05_L1TP_180036_19911209_20200914_02_T1) (3713),1065002,3713
,,0,2024-02-15T15:34:48.805062984Z,2024-03-16T15:34:48.805062984Z,2024-03-16T01:45:39.182434954Z,200.8453,docker_cpu_usage_pct,NFCORE_RANGELAND:RANGELAND:PREPROCESSING:FORCE_PREPROCESS (LT05_L1TP_180036_19911209_20200914_02_T1) (3713),NFCORE_RANGELAND:RANGELAND:PREPROCESSING:FORCE_PREPROCESS (LT05_L1TP_180036_19911209_20200914_02_T1) (3713),1065002,3713
,,0,2024-02-15T15:34:48.805062984Z,2024-03-16T15:34:48.805062984Z,2024-03-16T01:45:41.182916986Z,201.4205,docker_cpu_usage_pct,NFCORE_RANGELAND:RANGELAND:PREPROCESSING:FORCE_PREPROCESS (LT05_L1TP_180036_19911209_20200914_02_T1) (3713),NFCORE_RANGELAND:RANGELAND:PREPROCESSING:FORCE_PREPROCESS (LT05_L1TP_180036_19911209_20200914_02_T1) (3713),1065002,3713
,,0,2024-02-15T15:34:48.805062984Z,2024-03-16T15:34:48.805062984Z,2024-03-16T01:45:43.182497369Z,199.3186,docker_cpu_usage_pct,NFCORE_RANGELAND:RANGELAND:PREPROCESSING:FORCE_PREPROCESS (LT05_L1TP_180036_19911209_20200914_02_T1) (3713),NFCORE_RANGELAND:RANGELAND:PREPROCESSING:FORCE_PREPROCESS (LT05_L1TP_180036_19911209_20200914_02_T1) (3713),1065002,3713
,,0,2024-02-15T15:34:48.805062984Z,2024-03-16T15:34:48.805062984Z,2024-03-16T01:45:45.182921639Z,204.8109,docker_cpu_usage_pct,NFCORE_RANGELAND:RANGELAND:PREPROCESSING:FORCE_PREPROCESS (LT05_L1TP_180036_19911209_20200914_02_T1) (3713),NFCORE_RANGELAND:RANGELAND:PREPROCESSING:FORCE_PREPROCESS (LT05_L1TP_180036_19911209_20200914_02_T1) (3713),1065002,3713
,,0,2024-02-15T15:34:48.805062984Z,2024-03-16T15:34:48.805062984Z,2024-03-16T01:45:47.182446251Z,200.2432,docker_cpu_usage_pct,NFCORE_RANGELAND:RANGELAND:PREPROCESSING:FORCE_PREPROCESS (LT05_L1TP_180036_19911209_20200914_02_T1) (3713),NFCORE_RANGELAND:RANGELAND:PREPROCESSING:FORCE_PREPROCESS (LT05_L1TP_180036_19911209_20200914_02_T1) (3713),1065002,3713
,,0,2024-02-15T15:34:48.805062984Z,2024-03-16T15:34:48.805062984Z,2024-03-16T01:45:49.182626094Z,199.8306,docker_cpu_usage_pct,NFCORE_RANGELAND:RANGELAND:PREPROCESSING:FORCE_PREPROCESS (LT05_L1TP_180036_19911209_20200914_02_T1) (3713),NFCORE_RANGELAND:RANGELAND:PREPROCESSING:FORCE_PREPROCESS (LT05_L1TP_180036_19911209_20200914_02_T1) (3713),1065002,3713
,,0,2024-02-15T15:34:48.805062984Z,2024-03-16T15:34:48.805062984Z,2024-03-16T01:45:51.182386863Z,200.1871,docker_cpu_usage_pct,NFCORE_RANGELAND:RANGELAND:PREPROCESSING:FORCE_PREPROCESS (LT05_L1TP_180036_19911209_20200914_02_T1) (3713),NFCORE_RANGELAND:RANGELAND:PREPROCESSING:FORCE_PREPROCESS (LT05_L1TP_180036_19911209_20200914_02_T1) (3713),1065002,3713
,,0,2024-02-15T15:34:48.805062984Z,2024-03-16T15:34:48.805062984Z,2024-03-16T01:45:53.183132375Z,200.1647,docker_cpu_usage_pct,NFCORE_RANGELAND:RANGELAND:PREPROCESSING:FORCE_PREPROCESS (LT05_L1TP_180036_19911209_20200914_02_T1) (3713),NFCORE_RANGELAND:RANGELAND:PREPROCESSING:FORCE_PREPROCESS (LT05_L1TP_180036_19911209_20200914_02_T1) (3713),1065002,3713
,,0,2024-02-15T15:34:48.805062984Z,2024-03-16T15:34:48.805062984Z,2024-03-16T01:45:55.182664558Z,205.8256,docker_cpu_usage_pct,NFCORE_RANGELAND:RANGELAND:PREPROCESSING:FORCE_PREPROCESS (LT05_L1TP_180036_19911209_20200914_02_T1) (3713),NFCORE_RANGELAND:RANGELAND:PREPROCESSING:FORCE_PREPROCESS (LT05_L1TP_180036_19911209_20200914_02_T1) (3713),1065002,3713
,,0,2024-02-15T15:34:48.805062984Z,2024-03-16T15:34:48.805062984Z,2024-03-16T01:45:57.183071259Z,200.2054,docker_cpu_usage_pct,NFCORE_RANGELAND:RANGELAND:PREPROCESSING:FORCE_PREPROCESS (LT05_L1TP_180036_19911209_20200914_02_T1) (3713),NFCORE_RANGELAND:RANGELAND:PREPROCESSING:FORCE_PREPROCESS (LT05_L1TP_180036_19911209_20200914_02_T1) (3713),1065002,3713
,,0,2024-02-15T15:34:48.805062984Z,2024-03-16T15:34:48.805062984Z,2024-03-16T01:45:59.18224372Z,199.3103,docker_cpu_usage_pct,NFCORE_RANGELAND:RANGELAND:PREPROCESSING:FORCE_PREPROCESS (LT05_L1TP_180036_19911209_20200914_02_T1) (3713),NFCORE_RANGELAND:RANGELAND:PREPROCESSING:FORCE_PREPROCESS (LT05_L1TP_180036_19911209_20200914_02_T1) (3713),1065002,3713
,,0,2024-02-15T15:34:48.805062984Z,2024-03-16T15:34:48.805062984Z,2024-03-16T01:46:02.182865892Z,199.1249,docker_cpu_usage_pct,NFCORE_RANGELAND:RANGELAND:PREPROCESSING:FORCE_PREPROCESS (LT05_L1TP_180036_19911209_20200914_02_T1) (3713),NFCORE_RANGELAND:RANGELAND:PREPROCESSING:FORCE_PREPROCESS (LT05_L1TP_180036_19911209_20200914_02_T1) (3713),1065002,3713
,,0,2024-02-15T15:34:48.805062984Z,2024-03-16T15:34:48.805062984Z,2024-03-16T01:46:04.182383435Z,200.6975,docker_cpu_usage_pct,NFCORE_RANGELAND:RANGELAND:PREPROCESSING:FORCE_PREPROCESS (LT05_L1TP_180036_19911209_20200914_02_T1) (3713),NFCORE_RANGELAND:RANGELAND:PREPROCESSING:FORCE_PREPROCESS (LT05_L1TP_180036_19911209_20200914_02_T1) (3713),1065002,3713
,,0,2024-02-15T15:34:48.805062984Z,2024-03-16T15:34:48.805062984Z,2024-03-16T01:46:06.182723595Z,205.4295,docker_cpu_usage_pct,NFCORE_RANGELAND:RANGELAND:PREPROCESSING:FORCE_PREPROCESS (LT05_L1TP_180036_19911209_20200914_02_T1) (3713),NFCORE_RANGELAND:RANGELAND:PREPROCESSING:FORCE_PREPROCESS (LT05_L1TP_180036_19911209_20200914_02_T1) (3713),1065002,3713
,,0,2024-02-15T15:34:48.805062984Z,2024-03-16T15:34:48.805062984Z,2024-03-16T01:46:08.182145525Z,200.4622,docker_cpu_usage_pct,NFCORE_RANGELAND:RANGELAND:PREPROCESSING:FORCE_PREPROCESS (LT05_L1TP_180036_19911209_20200914_02_T1) (3713),NFCORE_RANGELAND:RANGELAND:PREPROCESSING:FORCE_PREPROCESS (LT05_L1TP_180036_19911209_20200914_02_T1) (3713),1065002,3713
,,0,2024-02-15T15:34:48.805062984Z,2024-03-16T15:34:48.805062984Z,2024-03-16T01:46:10.18265895Z,199.3955,docker_cpu_usage_pct,NFCORE_RANGELAND:RANGELAND:PREPROCESSING:FORCE_PREPROCESS (LT05_L1TP_180036_19911209_20200914_02_T1) (3713),NFCORE_RANGELAND:RANGELAND:PREPROCESSING:FORCE_PREPROCESS (LT05_L1TP_180036_19911209_20200914_02_T1) (3713),1065002,3713
,,0,2024-02-15T15:34:48.805062984Z,2024-03-16T15:34:48.805062984Z,2024-03-16T01:46:12.182332939Z,200.2643,docker_cpu_usage_pct,NFCORE_RANGELAND:RANGELAND:PREPROCESSING:FORCE_PREPROCESS (LT05_L1TP_180036_19911209_20200914_02_T1) (3713),NFCORE_RANGELAND:RANGELAND:PREPROCESSING:FORCE_PREPROCESS (LT05_L1TP_180036_19911209_20200914_02_T1) (3713),1065002,3713
,,0,2024-02-15T15:34:48.805062984Z,2024-03-16T15:34:48.805062984Z,2024-03-16T01:46:14.182820375Z,199.9871,docker_cpu_usage_pct,NFCORE_RANGELAND:RANGELAND:PREPROCESSING:FORCE_PREPROCESS (LT05_L1TP_180036_19911209_20200914_02_T1) (3713),NFCORE_RANGELAND:RANGELAND:PREPROCESSING:FORCE_PREPROCESS (LT05_L1TP_180036_19911209_20200914_02_T1) (3713),1065002,3713
,,0,2024-02-15T15:34:48.805062984Z,2024-03-16T15:34:48.805062984Z,2024-03-16T01:46:16.182496233Z,205.0545,docker_cpu_usage_pct,NFCORE_RANGELAND:RANGELAND:PREPROCESSING:FORCE_PREPROCESS (LT05_L1TP_180036_19911209_20200914_02_T1) (3713),NFCORE_RANGELAND:RANGELAND:PREPROCESSING:FORCE_PREPROCESS (LT05_L1TP_180036_19911209_20200914_02_T1) (3713),1065002,3713
,,0,2024-02-15T15:34:48.805062984Z,2024-03-16T15:34:48.805062984Z,2024-03-16T01:46:18.182863605Z,200.3715,docker_cpu_usage_pct,NFCORE_RANGELAND:RANGELAND:PREPROCESSING:FORCE_PREPROCESS (LT05_L1TP_180036_19911209_20200914_02_T1) (3713),NFCORE_RANGELAND:RANGELAND:PREPROCESSING:FORCE_PREPROCESS (LT05_L1TP_180036_19911209_20200914_02_T1) (3713),1065002,3713
,,0,2024-02-15T15:34:48.805062984Z,2024-03-16T15:34:48.805062984Z,2024-03-16T01:46:20.182327357Z,200.0867,docker_cpu_usage_pct,NFCORE_RANGELAND:RANGELAND:PREPROCESSING:FORCE_PREPROCESS (LT05_L1TP_180036_19911209_20200914_02_T1) (3713),NFCORE_RANGELAND:RANGELAND:PREPROCESSING:FORCE_PREPROCESS (LT05_L1TP_180036_19911209_20200914_02_T1) (3713),1065002,3713
,,0,2024-02-15T15:34:48.805062984Z,2024-03-16T15:34:48.805062984Z,2024-03-16T01:46:22.182726551Z,200.1857,docker_cpu_usage_pct,NFCORE_RANGELAND:RANGELAND:PREPROCESSING:FORCE_PREPROCESS (LT05_L1TP_180036_19911209_20200914_02_T1) (3713),NFCORE_RANGELAND:RANGELAND:PREPROCESSING:FORCE_PREPROCESS (LT05_L1TP_180036_19911209_20200914_02_T1) (3713),1065002,3713
,,0,2024-02-15T15:34:48.805062984Z,2024-03-16T15:34:48.805062984Z,2024-03-16T01:46:24.182492153Z,200.0075,docker_cpu_usage_pct,NFCORE_RANGELAND:RANGELAND:PREPROCESSING:FORCE_PREPROCESS (LT05_L1TP_180036_19911209_20200914_02_T1) (3713),NFCORE_RANGELAND:RANGELAND:PREPROCESSING:FORCE_PREPROCESS (LT05_L1TP_180036_19911209_20200914_02_T1) (3713),1065002,3713
,,0,2024-02-15T15:34:48.805062984Z,2024-03-16T15:34:48.805062984Z,2024-03-16T01:46:26.182898066Z,206.8239,docker_cpu_usage_pct,NFCORE_RANGELAND:RANGELAND:PREPROCESSING:FORCE_PREPROCESS (LT05_L1TP_180036_19911209_20200914_02_T1) (3713),NFCORE_RANGELAND:RANGELAND:PREPROCESSING:FORCE_PREPROCESS (LT05_L1TP_180036_19911209_20200914_02_T1) (3713),1065002,3713
,,0,2024-02-15T15:34:48.805062984Z,2024-03-16T15:34:48.805062984Z,2024-03-16T01:46:28.182838175Z,195.3947,docker_cpu_usage_pct,NFCORE_RANGELAND:RANGELAND:PREPROCESSING:FORCE_PREPROCESS (LT05_L1TP_180036_19911209_20200914_02_T1) (3713),NFCORE_RANGELAND:RANGELAND:PREPROCESSING:FORCE_PREPROCESS (LT05_L1TP_180036_19911209_20200914_02_T1) (3713),1065002,3713
,,0,2024-02-15T15:34:48.805062984Z,2024-03-16T15:34:48.805062984Z,2024-03-16T01:46:30.182908138Z,200.2025,docker_cpu_usage_pct,NFCORE_RANGELAND:RANGELAND:PREPROCESSING:FORCE_PREPROCESS (LT05_L1TP_180036_19911209_20200914_02_T1) (3713),NFCORE_RANGELAND:RANGELAND:PREPROCESSING:FORCE_PREPROCESS (LT05_L1TP_180036_19911209_20200914_02_T1) (3713),1065002,3713
,,0,2024-02-15T15:34:48.805062984Z,2024-03-16T15:34:48.805062984Z,2024-03-16T01:46:32.182490065Z,210.2783,docker_cpu_usage_pct,NFCORE_RANGELAND:RANGELAND:PREPROCESSING:FORCE_PREPROCESS (LT05_L1TP_180036_19911209_20200914_02_T1) (3713),NFCORE_RANGELAND:RANGELAND:PREPROCESSING:FORCE_PREPROCESS (LT05_L1TP_180036_19911209_20200914_02_T1) (3713),1065002,3713
,,0,2024-02-15T15:34:48.805062984Z,2024-03-16T15:34:48.805062984Z,2024-03-16T01:46:34.182941701Z,199.8162,docker_cpu_usage_pct,NFCORE_RANGELAND:RANGELAND:PREPROCESSING:FORCE_PREPROCESS (LT05_L1TP_180036_19911209_20200914_02_T1) (3713),NFCORE_RANGELAND:RANGELAND:PREPROCESSING:FORCE_PREPROCESS (LT05_L1TP_180036_19911209_20200914_02_T1) (3713),1065002,3713
,,0,2024-02-15T15:34:48.805062984Z,2024-03-16T15:34:48.805062984Z,2024-03-16T01:46:36.18257636Z,204.6387,docker_cpu_usage_pct,NFCORE_RANGELAND:RANGELAND:PREPROCESSING:FORCE_PREPROCESS (LT05_L1TP_180036_19911209_20200914_02_T1) (3713),NFCORE_RANGELAND:RANGELAND:PREPROCESSING:FORCE_PREPROCESS (LT05_L1TP_180036_19911209_20200914_02_T1) (3713),1065002,3713
,,0,2024-02-15T15:34:48.805062984Z,2024-03-16T15:34:48.805062984Z,2024-03-16T01:46:38.182116186Z,199.5617,docker_cpu_usage_pct,NFCORE_RANGELAND:RANGELAND:PREPROCESSING:FORCE_PREPROCESS (LT05_L1TP_180036_19911209_20200914_02_T1) (3713),NFCORE_RANGELAND:RANGELAND:PREPROCESSING:FORCE_PREPROCESS (LT05_L1TP_180036_19911209_20200914_02_T1) (3713),1065002,3713
,,0,2024-02-15T15:34:48.805062984Z,2024-03-16T15:34:48.805062984Z,2024-03-16T01:46:40.182610304Z,200.0813,docker_cpu_usage_pct,NFCORE_RANGELAND:RANGELAND:PREPROCESSING:FORCE_PREPROCESS (LT05_L1TP_180036_19911209_20200914_02_T1) (3713),NFCORE_RANGELAND:RANGELAND:PREPROCESSING:FORCE_PREPROCESS (LT05_L1TP_180036_19911209_20200914_02_T1) (3713),1065002,3713
,,0,2024-02-15T15:34:48.805062984Z,2024-03-16T15:34:48.805062984Z,2024-03-16T01:46:42.182063578Z,200.1517,docker_cpu_usage_pct,NFCORE_RANGELAND:RANGELAND:PREPROCESSING:FORCE_PREPROCESS (LT05_L1TP_180036_19911209_20200914_02_T1) (3713),NFCORE_RANGELAND:RANGELAND:PREPROCESSING:FORCE_PREPROCESS (LT05_L1TP_180036_19911209_20200914_02_T1) (3713),1065002,3713
,,0,2024-02-15T15:34:48.805062984Z,2024-03-16T15:34:48.805062984Z,2024-03-16T01:46:44.182977359Z,200.0252,docker_cpu_usage_pct,NFCORE_RANGELAND:RANGELAND:PREPROCESSING:FORCE_PREPROCESS (LT05_L1TP_180036_19911209_20200914_02_T1) (3713),NFCORE_RANGELAND:RANGELAND:PREPROCESSING:FORCE_PREPROCESS (LT05_L1TP_180036_19911209_20200914_02_T1) (3713),1065002,3713
,,0,2024-02-15T15:34:48.805062984Z,2024-03-16T15:34:48.805062984Z,2024-03-16T01:46:46.182241187Z,204.0061,docker_cpu_usage_pct,NFCORE_RANGELAND:RANGELAND:PREPROCESSING:FORCE_PREPROCESS (LT05_L1TP_180036_19911209_20200914_02_T1) (3713),NFCORE_RANGELAND:RANGELAND:PREPROCESSING:FORCE_PREPROCESS (LT05_L1TP_180036_19911209_20200914_02_T1) (3713),1065002,3713
,,0,2024-02-15T15:34:48.805062984Z,2024-03-16T15:34:48.805062984Z,2024-03-16T01:46:48.182716805Z,200.0507,docker_cpu_usage_pct,NFCORE_RANGELAND:RANGELAND:PREPROCESSING:FORCE_PREPROCESS (LT05_L1TP_180036_19911209_20200914_02_T1) (3713),NFCORE_RANGELAND:RANGELAND:PREPROCESSING:FORCE_PREPROCESS (LT05_L1TP_180036_19911209_20200914_02_T1) (3713),1065002,3713
,,0,2024-02-15T15:34:48.805062984Z,2024-03-16T15:34:48.805062984Z,2024-03-16T01:46:50.182507971Z,199.654,docker_cpu_usage_pct,NFCORE_RANGELAND:RANGELAND:PREPROCESSING:FORCE_PREPROCESS (LT05_L1TP_180036_19911209_20200914_02_T1) (3713),NFCORE_RANGELAND:RANGELAND:PREPROCESSING:FORCE_PREPROCESS (LT05_L1TP_180036_19911209_20200914_02_T1) (3713),1065002,3713
,,0,2024-02-15T15:34:48.805062984Z,2024-03-16T15:34:48.805062984Z,2024-03-16T01:46:52.183194695Z,117.4597,docker_cpu_usage_pct,NFCORE_RANGELAND:RANGELAND:PREPROCESSING:FORCE_PREPROCESS (LT05_L1TP_180036_19911209_20200914_02_T1) (3713),NFCORE_RANGELAND:RANGELAND:PREPROCESSING:FORCE_PREPROCESS (LT05_L1TP_180036_19911209_20200914_02_T1) (3713),1065002,3713
,,0,2024-02-15T15:34:48.805062984Z,2024-03-16T15:34:48.805062984Z,2024-03-16T01:46:54.182424203Z,100.1349,docker_cpu_usage_pct,NFCORE_RANGELAND:RANGELAND:PREPROCESSING:FORCE_PREPROCESS (LT05_L1TP_180036_19911209_20200914_02_T1) (3713),NFCORE_RANGELAND:RANGELAND:PREPROCESSING:FORCE_PREPROCESS (LT05_L1TP_180036_19911209_20200914_02_T1) (3713),1065002,3713
,,0,2024-02-15T15:34:48.805062984Z,2024-03-16T15:34:48.805062984Z,2024-03-16T01:46:56.183211291Z,105.3224,docker_cpu_usage_pct,NFCORE_RANGELAND:RANGELAND:PREPROCESSING:FORCE_PREPROCESS (LT05_L1TP_180036_19911209_20200914_02_T1) (3713),NFCORE_RANGELAND:RANGELAND:PREPROCESSING:FORCE_PREPROCESS (LT05_L1TP_180036_19911209_20200914_02_T1) (3713),1065002,3713
,,0,2024-02-15T15:34:48.805062984Z,2024-03-16T15:34:48.805062984Z,2024-03-16T01:46:58.182617195Z,100.2991,docker_cpu_usage_pct,NFCORE_RANGELAND:RANGELAND:PREPROCESSING:FORCE_PREPROCESS (LT05_L1TP_180036_19911209_20200914_02_T1) (3713),NFCORE_RANGELAND:RANGELAND:PREPROCESSING:FORCE_PREPROCESS (LT05_L1TP_180036_19911209_20200914_02_T1) (3713),1065002,3713
,,0,2024-02-15T15:34:48.805062984Z,2024-03-16T15:34:48.805062984Z,2024-03-16T01:47:00.18237464Z,99.9741,docker_cpu_usage_pct,NFCORE_RANGELAND:RANGELAND:PREPROCESSING:FORCE_PREPROCESS (LT05_L1TP_180036_19911209_20200914_02_T1) (3713),NFCORE_RANGELAND:RANGELAND:PREPROCESSING:FORCE_PREPROCESS (LT05_L1TP_180036_19911209_20200914_02_T1) (3713),1065002,3713
,,0,2024-02-15T15:34:48.805062984Z,2024-03-16T15:34:48.805062984Z,2024-03-16T01:47:02.182825368Z,100.0531,docker_cpu_usage_pct,NFCORE_RANGELAND:RANGELAND:PREPROCESSING:FORCE_PREPROCESS (LT05_L1TP_180036_19911209_20200914_02_T1) (3713),NFCORE_RANGELAND:RANGELAND:PREPROCESSING:FORCE_PREPROCESS (LT05_L1TP_180036_19911209_20200914_02_T1) (3713),1065002,3713
,,0,2024-02-15T15:34:48.805062984Z,2024-03-16T15:34:48.805062984Z,2024-03-16T01:47:04.182344985Z,100.1974,docker_cpu_usage_pct,NFCORE_RANGELAND:RANGELAND:PREPROCESSING:FORCE_PREPROCESS (LT05_L1TP_180036_19911209_20200914_02_T1) (3713),NFCORE_RANGELAND:RANGELAND:PREPROCESSING:FORCE_PREPROCESS (LT05_L1TP_180036_19911209_20200914_02_T1) (3713),1065002,3713
,,0,2024-02-15T15:34:48.805062984Z,2024-03-16T15:34:48.805062984Z,2024-03-16T01:47:06.182937309Z,104.3917,docker_cpu_usage_pct,NFCORE_RANGELAND:RANGELAND:PREPROCESSING:FORCE_PREPROCESS (LT05_L1TP_180036_19911209_20200914_02_T1) (3713),NFCORE_RANGELAND:RANGELAND:PREPROCESSING:FORCE_PREPROCESS (LT05_L1TP_180036_19911209_20200914_02_T1) (3713),1065002,3713
,,0,2024-02-15T15:34:48.805062984Z,2024-03-16T15:34:48.805062984Z,2024-03-16T01:47:08.182614102Z,100.3478,docker_cpu_usage_pct,NFCORE_RANGELAND:RANGELAND:PREPROCESSING:FORCE_PREPROCESS (LT05_L1TP_180036_19911209_20200914_02_T1) (3713),NFCORE_RANGELAND:RANGELAND:PREPROCESSING:FORCE_PREPROCESS (LT05_L1TP_180036_19911209_20200914_02_T1) (3713),1065002,3713
,,0,2024-02-15T15:34:48.805062984Z,2024-03-16T15:34:48.805062984Z,2024-03-16T01:47:10.182921256Z,99.8465,docker_cpu_usage_pct,NFCORE_RANGELAND:RANGELAND:PREPROCESSING:FORCE_PREPROCESS (LT05_L1TP_180036_19911209_20200914_02_T1) (3713),NFCORE_RANGELAND:RANGELAND:PREPROCESSING:FORCE_PREPROCESS (LT05_L1TP_180036_19911209_20200914_02_T1) (3713),1065002,3713
,,0,2024-02-15T15:34:48.805062984Z,2024-03-16T15:34:48.805062984Z,2024-03-16T01:47:12.182465355Z,100.4145,docker_cpu_usage_pct,NFCORE_RANGELAND:RANGELAND:PREPROCESSING:FORCE_PREPROCESS (LT05_L1TP_180036_19911209_20200914_02_T1) (3713),NFCORE_RANGELAND:RANGELAND:PREPROCESSING:FORCE_PREPROCESS (LT05_L1TP_180036_19911209_20200914_02_T1) (3713),1065002,3713
,,0,2024-02-15T15:34:48.805062984Z,2024-03-16T15:34:48.805062984Z,2024-03-16T01:47:14.183155212Z,99.6911,docker_cpu_usage_pct,NFCORE_RANGELAND:RANGELAND:PREPROCESSING:FORCE_PREPROCESS (LT05_L1TP_180036_19911209_20200914_02_T1) (3713),NFCORE_RANGELAND:RANGELAND:PREPROCESSING:FORCE_PREPROCESS (LT05_L1TP_180036_19911209_20200914_02_T1) (3713),1065002,3713
,,0,2024-02-15T15:34:48.805062984Z,2024-03-16T15:34:48.805062984Z,2024-03-16T01:47:16.182470163Z,105.0717,docker_cpu_usage_pct,NFCORE_RANGELAND:RANGELAND:PREPROCESSING:FORCE_PREPROCESS (LT05_L1TP_180036_19911209_20200914_02_T1) (3713),NFCORE_RANGELAND:RANGELAND:PREPROCESSING:FORCE_PREPROCESS (LT05_L1TP_180036_19911209_20200914_02_T1) (3713),1065002,3713
,,0,2024-02-15T15:34:48.805062984Z,2024-03-16T15:34:48.805062984Z,2024-03-16T01:47:18.183144841Z,100.1179,docker_cpu_usage_pct,NFCORE_RANGELAND:RANGELAND:PREPROCESSING:FORCE_PREPROCESS (LT05_L1TP_180036_19911209_20200914_02_T1) (3713),NFCORE_RANGELAND:RANGELAND:PREPROCESSING:FORCE_PREPROCESS (LT05_L1TP_180036_19911209_20200914_02_T1) (3713),1065002,3713
,,0,2024-02-15T15:34:48.805062984Z,2024-03-16T15:34:48.805062984Z,2024-03-16T01:47:20.182351559Z,99.8478,docker_cpu_usage_pct,NFCORE_RANGELAND:RANGELAND:PREPROCESSING:FORCE_PREPROCESS (LT05_L1TP_180036_19911209_20200914_02_T1) (3713),NFCORE_RANGELAND:RANGELAND:PREPROCESSING:FORCE_PREPROCESS (LT05_L1TP_180036_19911209_20200914_02_T1) (3713),1065002,3713
,,0,2024-02-15T15:34:48.805062984Z,2024-03-16T15:34:48.805062984Z,2024-03-16T01:47:23.182820677Z,100.151,docker_cpu_usage_pct,NFCORE_RANGELAND:RANGELAND:PREPROCESSING:FORCE_PREPROCESS (LT05_L1TP_180036_19911209_20200914_02_T1) (3713),NFCORE_RANGELAND:RANGELAND:PREPROCESSING:FORCE_PREPROCESS (LT05_L1TP_180036_19911209_20200914_02_T1) (3713),1065002,3713
,,0,2024-02-15T15:34:48.805062984Z,2024-03-16T15:34:48.805062984Z,2024-03-16T01:47:24.182232475Z,99.9242,docker_cpu_usage_pct,NFCORE_RANGELAND:RANGELAND:PREPROCESSING:FORCE_PREPROCESS (LT05_L1TP_180036_19911209_20200914_02_T1) (3713),NFCORE_RANGELAND:RANGELAND:PREPROCESSING:FORCE_PREPROCESS (LT05_L1TP_180036_19911209_20200914_02_T1) (3713),1065002,3713
,,0,2024-02-15T15:34:48.805062984Z,2024-03-16T15:34:48.805062984Z,2024-03-16T01:47:27.182951011Z,104.633,docker_cpu_usage_pct,NFCORE_RANGELAND:RANGELAND:PREPROCESSING:FORCE_PREPROCESS (LT05_L1TP_180036_19911209_20200914_02_T1) (3713),NFCORE_RANGELAND:RANGELAND:PREPROCESSING:FORCE_PREPROCESS (LT05_L1TP_180036_19911209_20200914_02_T1) (3713),1065002,3713
,,0,2024-02-15T15:34:48.805062984Z,2024-03-16T15:34:48.805062984Z,2024-03-16T01:47:29.182287955Z,99.6997,docker_cpu_usage_pct,NFCORE_RANGELAND:RANGELAND:PREPROCESSING:FORCE_PREPROCESS (LT05_L1TP_180036_19911209_20200914_02_T1) (3713),NFCORE_RANGELAND:RANGELAND:PREPROCESSING:FORCE_PREPROCESS (LT05_L1TP_180036_19911209_20200914_02_T1) (3713),1065002,3713
,,0,2024-02-15T15:34:48.805062984Z,2024-03-16T15:34:48.805062984Z,2024-03-16T01:47:31.183090527Z,100.1255,docker_cpu_usage_pct,NFCORE_RANGELAND:RANGELAND:PREPROCESSING:FORCE_PREPROCESS (LT05_L1TP_180036_19911209_20200914_02_T1) (3713),NFCORE_RANGELAND:RANGELAND:PREPROCESSING:FORCE_PREPROCESS (LT05_L1TP_180036_19911209_20200914_02_T1) (3713),1065002,3713
,,0,2024-02-15T15:34:48.805062984Z,2024-03-16T15:34:48.805062984Z,2024-03-16T01:47:33.182455741Z,100.388,docker_cpu_usage_pct,NFCORE_RANGELAND:RANGELAND:PREPROCESSING:FORCE_PREPROCESS (LT05_L1TP_180036_19911209_20200914_02_T1) (3713),NFCORE_RANGELAND:RANGELAND:PREPROCESSING:FORCE_PREPROCESS (LT05_L1TP_180036_19911209_20200914_02_T1) (3713),1065002,3713
,,0,2024-02-15T15:34:48.805062984Z,2024-03-16T15:34:48.805062984Z,2024-03-16T01:47:35.182813469Z,100.2593,docker_cpu_usage_pct,NFCORE_RANGELAND:RANGELAND:PREPROCESSING:FORCE_PREPROCESS (LT05_L1TP_180036_19911209_20200914_02_T1) (3713),NFCORE_RANGELAND:RANGELAND:PREPROCESSING:FORCE_PREPROCESS (LT05_L1TP_180036_19911209_20200914_02_T1) (3713),1065002,3713
,,0,2024-02-15T15:34:48.805062984Z,2024-03-16T15:34:48.805062984Z,2024-03-16T01:47:37.182287527Z,179.8146,docker_cpu_usage_pct,NFCORE_RANGELAND:RANGELAND:PREPROCESSING:FORCE_PREPROCESS (LT05_L1TP_180036_19911209_20200914_02_T1) (3713),NFCORE_RANGELAND:RANGELAND:PREPROCESSING:FORCE_PREPROCESS (LT05_L1TP_180036_19911209_20200914_02_T1) (3713),1065002,3713
,,0,2024-02-15T15:34:48.805062984Z,2024-03-16T15:34:48.805062984Z,2024-03-16T01:47:39.18280644Z,200.9326,docker_cpu_usage_pct,NFCORE_RANGELAND:RANGELAND:PREPROCESSING:FORCE_PREPROCESS (LT05_L1TP_180036_19911209_20200914_02_T1) (3713),NFCORE_RANGELAND:RANGELAND:PREPROCESSING:FORCE_PREPROCESS (LT05_L1TP_180036_19911209_20200914_02_T1) (3713),1065002,3713
,,0,2024-02-15T15:34:48.805062984Z,2024-03-16T15:34:48.805062984Z,2024-03-16T01:47:41.182212397Z,199.8451,docker_cpu_usage_pct,NFCORE_RANGELAND:RANGELAND:PREPROCESSING:FORCE_PREPROCESS (LT05_L1TP_180036_19911209_20200914_02_T1) (3713),NFCORE_RANGELAND:RANGELAND:PREPROCESSING:FORCE_PREPROCESS (LT05_L1TP_180036_19911209_20200914_02_T1) (3713),1065002,3713
,,0,2024-02-15T15:34:48.805062984Z,2024-03-16T15:34:48.805062984Z,2024-03-16T01:47:43.182746131Z,199.8194,docker_cpu_usage_pct,NFCORE_RANGELAND:RANGELAND:PREPROCESSING:FORCE_PREPROCESS (LT05_L1TP_180036_19911209_20200914_02_T1) (3713),NFCORE_RANGELAND:RANGELAND:PREPROCESSING:FORCE_PREPROCESS (LT05_L1TP_180036_19911209_20200914_02_T1) (3713),1065002,3713
,,0,2024-02-15T15:34:48.805062984Z,2024-03-16T15:34:48.805062984Z,2024-03-16T01:47:45.182348384Z,100.0918,docker_cpu_usage_pct,NFCORE_RANGELAND:RANGELAND:PREPROCESSING:FORCE_PREPROCESS (LT05_L1TP_180036_19911209_20200914_02_T1) (3713),NFCORE_RANGELAND:RANGELAND:PREPROCESSING:FORCE_PREPROCESS (LT05_L1TP_180036_19911209_20200914_02_T1) (3713),1065002,3713
,,0,2024-02-15T15:34:48.805062984Z,2024-03-16T15:34:48.805062984Z,2024-03-16T01:47:47.182650741Z,104.3546,docker_cpu_usage_pct,NFCORE_RANGELAND:RANGELAND:PREPROCESSING:FORCE_PREPROCESS (LT05_L1TP_180036_19911209_20200914_02_T1) (3713),NFCORE_RANGELAND:RANGELAND:PREPROCESSING:FORCE_PREPROCESS (LT05_L1TP_180036_19911209_20200914_02_T1) (3713),1065002,3713
,,0,2024-02-15T15:34:48.805062984Z,2024-03-16T15:34:48.805062984Z,2024-03-16T01:47:49.182138571Z,166.1488,docker_cpu_usage_pct,NFCORE_RANGELAND:RANGELAND:PREPROCESSING:FORCE_PREPROCESS (LT05_L1TP_180036_19911209_20200914_02_T1) (3713),NFCORE_RANGELAND:RANGELAND:PREPROCESSING:FORCE_PREPROCESS (LT05_L1TP_180036_19911209_20200914_02_T1) (3713),1065002,3713
,,0,2024-02-15T15:34:48.805062984Z,2024-03-16T15:34:48.805062984Z,2024-03-16T01:47:51.182572342Z,197.5049,docker_cpu_usage_pct,NFCORE_RANGELAND:RANGELAND:PREPROCESSING:FORCE_PREPROCESS (LT05_L1TP_180036_19911209_20200914_02_T1) (3713),NFCORE_RANGELAND:RANGELAND:PREPROCESSING:FORCE_PREPROCESS (LT05_L1TP_180036_19911209_20200914_02_T1) (3713),1065002,3713
,,0,2024-02-15T15:34:48.805062984Z,2024-03-16T15:34:48.805062984Z,2024-03-16T01:47:53.182013751Z,167.8714,docker_cpu_usage_pct,NFCORE_RANGELAND:RANGELAND:PREPROCESSING:FORCE_PREPROCESS (LT05_L1TP_180036_19911209_20200914_02_T1) (3713),NFCORE_RANGELAND:RANGELAND:PREPROCESSING:FORCE_PREPROCESS (LT05_L1TP_180036_19911209_20200914_02_T1) (3713),1065002,3713
,,0,2024-02-15T15:34:48.805062984Z,2024-03-16T15:34:48.805062984Z,2024-03-16T01:47:55.182418021Z,183.5391,docker_cpu_usage_pct,NFCORE_RANGELAND:RANGELAND:PREPROCESSING:FORCE_PREPROCESS (LT05_L1TP_180036_19911209_20200914_02_T1) (3713),NFCORE_RANGELAND:RANGELAND:PREPROCESSING:FORCE_PREPROCESS (LT05_L1TP_180036_19911209_20200914_02_T1) (3713),1065002,3713
,,0,2024-02-15T15:34:48.805062984Z,2024-03-16T15:34:48.805062984Z,2024-03-16T01:47:57.182970187Z,205.1548,docker_cpu_usage_pct,NFCORE_RANGELAND:RANGELAND:PREPROCESSING:FORCE_PREPROCESS (LT05_L1TP_180036_19911209_20200914_02_T1) (3713),NFCORE_RANGELAND:RANGELAND:PREPROCESSING:FORCE_PREPROCESS (LT05_L1TP_180036_19911209_20200914_02_T1) (3713),1065002,3713
,,0,2024-02-15T15:34:48.805062984Z,2024-03-16T15:34:48.805062984Z,2024-03-16T01:47:59.182332733Z,199.0445,docker_cpu_usage_pct,NFCORE_RANGELAND:RANGELAND:PREPROCESSING:FORCE_PREPROCESS (LT05_L1TP_180036_19911209_20200914_02_T1) (3713),NFCORE_RANGELAND:RANGELAND:PREPROCESSING:FORCE_PREPROCESS (LT05_L1TP_180036_19911209_20200914_02_T1) (3713),1065002,3713
,,0,2024-02-15T15:34:48.805062984Z,2024-03-16T15:34:48.805062984Z,2024-03-16T01:48:01.182806346Z,198.9782,docker_cpu_usage_pct,NFCORE_RANGELAND:RANGELAND:PREPROCESSING:FORCE_PREPROCESS (LT05_L1TP_180036_19911209_20200914_02_T1) (3713),NFCORE_RANGELAND:RANGELAND:PREPROCESSING:FORCE_PREPROCESS (LT05_L1TP_180036_19911209_20200914_02_T1) (3713),1065002,3713
,,0,2024-02-15T15:34:48.805062984Z,2024-03-16T15:34:48.805062984Z,2024-03-16T01:48:03.182261976Z,200.9071,docker_cpu_usage_pct,NFCORE_RANGELAND:RANGELAND:PREPROCESSING:FORCE_PREPROCESS (LT05_L1TP_180036_19911209_20200914_02_T1) (3713),NFCORE_RANGELAND:RANGELAND:PREPROCESSING:FORCE_PREPROCESS (LT05_L1TP_180036_19911209_20200914_02_T1) (3713),1065002,3713
,,0,2024-02-15T15:34:48.805062984Z,2024-03-16T15:34:48.805062984Z,2024-03-16T01:48:05.183512955Z,198.2603,docker_cpu_usage_pct,NFCORE_RANGELAND:RANGELAND:PREPROCESSING:FORCE_PREPROCESS (LT05_L1TP_180036_19911209_20200914_02_T1) (3713),NFCORE_RANGELAND:RANGELAND:PREPROCESSING:FORCE_PREPROCESS (LT05_L1TP_180036_19911209_20200914_02_T1) (3713),1065002,3713
,,0,2024-02-15T15:34:48.805062984Z,2024-03-16T15:34:48.805062984Z,2024-03-16T01:48:07.182329984Z,196.2981,docker_cpu_usage_pct,NFCORE_RANGELAND:RANGELAND:PREPROCESSING:FORCE_PREPROCESS (LT05_L1TP_180036_19911209_20200914_02_T1) (3713),NFCORE_RANGELAND:RANGELAND:PREPROCESSING:FORCE_PREPROCESS (LT05_L1TP_180036_19911209_20200914_02_T1) (3713),1065002,3713
,,0,2024-02-15T15:34:48.805062984Z,2024-03-16T15:34:48.805062984Z,2024-03-16T01:48:09.18286326Z,200.3617,docker_cpu_usage_pct,NFCORE_RANGELAND:RANGELAND:PREPROCESSING:FORCE_PREPROCESS (LT05_L1TP_180036_19911209_20200914_02_T1) (3713),NFCORE_RANGELAND:RANGELAND:PREPROCESSING:FORCE_PREPROCESS (LT05_L1TP_180036_19911209_20200914_02_T1) (3713),1065002,3713
,,0,2024-02-15T15:34:48.805062984Z,2024-03-16T15:34:48.805062984Z,2024-03-16T01:48:11.182365971Z,190.485,docker_cpu_usage_pct,NFCORE_RANGELAND:RANGELAND:PREPROCESSING:FORCE_PREPROCESS (LT05_L1TP_180036_19911209_20200914_02_T1) (3713),NFCORE_RANGELAND:RANGELAND:PREPROCESSING:FORCE_PREPROCESS (LT05_L1TP_180036_19911209_20200914_02_T1) (3713),1065002,3713
,,0,2024-02-15T15:34:48.805062984Z,2024-03-16T15:34:48.805062984Z,2024-03-16T01:48:13.182849296Z,192.3088,docker_cpu_usage_pct,NFCORE_RANGELAND:RANGELAND:PREPROCESSING:FORCE_PREPROCESS (LT05_L1TP_180036_19911209_20200914_02_T1) (3713),NFCORE_RANGELAND:RANGELAND:PREPROCESSING:FORCE_PREPROCESS (LT05_L1TP_180036_19911209_20200914_02_T1) (3713),1065002,3713
,,0,2024-02-15T15:34:48.805062984Z,2024-03-16T15:34:48.805062984Z,2024-03-16T01:48:15.182520704Z,196.2058,docker_cpu_usage_pct,NFCORE_RANGELAND:RANGELAND:PREPROCESSING:FORCE_PREPROCESS (LT05_L1TP_180036_19911209_20200914_02_T1) (3713),NFCORE_RANGELAND:RANGELAND:PREPROCESSING:FORCE_PREPROCESS (LT05_L1TP_180036_19911209_20200914_02_T1) (3713),1065002,3713
,,0,2024-02-15T15:34:48.805062984Z,2024-03-16T15:34:48.805062984Z,2024-03-16T01:48:17.182992568Z,194.0407,docker_cpu_usage_pct,NFCORE_RANGELAND:RANGELAND:PREPROCESSING:FORCE_PREPROCESS (LT05_L1TP_180036_19911209_20200914_02_T1) (3713),NFCORE_RANGELAND:RANGELAND:PREPROCESSING:FORCE_PREPROCESS (LT05_L1TP_180036_19911209_20200914_02_T1) (3713),1065002,3713
,,0,2024-02-15T15:34:48.805062984Z,2024-03-16T15:34:48.805062984Z,2024-03-16T01:48:19.182551942Z,198.3161,docker_cpu_usage_pct,NFCORE_RANGELAND:RANGELAND:PREPROCESSING:FORCE_PREPROCESS (LT05_L1TP_180036_19911209_20200914_02_T1) (3713),NFCORE_RANGELAND:RANGELAND:PREPROCESSING:FORCE_PREPROCESS (LT05_L1TP_180036_19911209_20200914_02_T1) (3713),1065002,3713
,,0,2024-02-15T15:34:48.805062984Z,2024-03-16T15:34:48.805062984Z,2024-03-16T01:48:21.183004876Z,204.3236,docker_cpu_usage_pct,NFCORE_RANGELAND:RANGELAND:PREPROCESSING:FORCE_PREPROCESS (LT05_L1TP_180036_19911209_20200914_02_T1) (3713),NFCORE_RANGELAND:RANGELAND:PREPROCESSING:FORCE_PREPROCESS (LT05_L1TP_180036_19911209_20200914_02_T1) (3713),1065002,3713
,,0,2024-02-15T15:34:48.805062984Z,2024-03-16T15:34:48.805062984Z,2024-03-16T01:48:23.182601462Z,197.359,docker_cpu_usage_pct,NFCORE_RANGELAND:RANGELAND:PREPROCESSING:FORCE_PREPROCESS (LT05_L1TP_180036_19911209_20200914_02_T1) (3713),NFCORE_RANGELAND:RANGELAND:PREPROCESSING:FORCE_PREPROCESS (LT05_L1TP_180036_19911209_20200914_02_T1) (3713),1065002,3713
,,0,2024-02-15T15:34:48.805062984Z,2024-03-16T15:34:48.805062984Z,2024-03-16T01:48:25.182996834Z,193.7955,docker_cpu_usage_pct,NFCORE_RANGELAND:RANGELAND:PREPROCESSING:FORCE_PREPROCESS (LT05_L1TP_180036_19911209_20200914_02_T1) (3713),NFCORE_RANGELAND:RANGELAND:PREPROCESSING:FORCE_PREPROCESS (LT05_L1TP_180036_19911209_20200914_02_T1) (3713),1065002,3713
,,0,2024-02-15T15:34:48.805062984Z,2024-03-16T15:34:48.805062984Z,2024-03-16T01:48:27.182653172Z,150.5735,docker_cpu_usage_pct,NFCORE_RANGELAND:RANGELAND:PREPROCESSING:FORCE_PREPROCESS (LT05_L1TP_180036_19911209_20200914_02_T1) (3713),NFCORE_RANGELAND:RANGELAND:PREPROCESSING:FORCE_PREPROCESS (LT05_L1TP_180036_19911209_20200914_02_T1) (3713),1065002,3713
,,0,2024-02-15T15:34:48.805062984Z,2024-03-16T15:34:48.805062984Z,2024-03-16T01:48:29.182880629Z,176.8281,docker_cpu_usage_pct,NFCORE_RANGELAND:RANGELAND:PREPROCESSING:FORCE_PREPROCESS (LT05_L1TP_180036_19911209_20200914_02_T1) (3713),NFCORE_RANGELAND:RANGELAND:PREPROCESSING:FORCE_PREPROCESS (LT05_L1TP_180036_19911209_20200914_02_T1) (3713),1065002,3713
,,0,2024-02-15T15:34:48.805062984Z,2024-03-16T15:34:48.805062984Z,2024-03-16T01:48:31.182405173Z,205.3399,docker_cpu_usage_pct,NFCORE_RANGELAND:RANGELAND:PREPROCESSING:FORCE_PREPROCESS (LT05_L1TP_180036_19911209_20200914_02_T1) (3713),NFCORE_RANGELAND:RANGELAND:PREPROCESSING:FORCE_PREPROCESS (LT05_L1TP_180036_19911209_20200914_02_T1) (3713),1065002,3713
,,0,2024-02-15T15:34:48.805062984Z,2024-03-16T15:34:48.805062984Z,2024-03-16T01:48:33.182777255Z,200.7658,docker_cpu_usage_pct,NFCORE_RANGELAND:RANGELAND:PREPROCESSING:FORCE_PREPROCESS (LT05_L1TP_180036_19911209_20200914_02_T1) (3713),NFCORE_RANGELAND:RANGELAND:PREPROCESSING:FORCE_PREPROCESS (LT05_L1TP_180036_19911209_20200914_02_T1) (3713),1065002,3713
,,0,2024-02-15T15:34:48.805062984Z,2024-03-16T15:34:48.805062984Z,2024-03-16T01:48:35.182310779Z,200.2393,docker_cpu_usage_pct,NFCORE_RANGELAND:RANGELAND:PREPROCESSING:FORCE_PREPROCESS (LT05_L1TP_180036_19911209_20200914_02_T1) (3713),NFCORE_RANGELAND:RANGELAND:PREPROCESSING:FORCE_PREPROCESS (LT05_L1TP_180036_19911209_20200914_02_T1) (3713),1065002,3713
,,0,2024-02-15T15:34:48.805062984Z,2024-03-16T15:34:48.805062984Z,2024-03-16T01:48:37.182829637Z,200.1452,docker_cpu_usage_pct,NFCORE_RANGELAND:RANGELAND:PREPROCESSING:FORCE_PREPROCESS (LT05_L1TP_180036_19911209_20200914_02_T1) (3713),NFCORE_RANGELAND:RANGELAND:PREPROCESSING:FORCE_PREPROCESS (LT05_L1TP_180036_19911209_20200914_02_T1) (3713),1065002,3713
,,0,2024-02-15T15:34:48.805062984Z,2024-03-16T15:34:48.805062984Z,2024-03-16T01:48:39.182240667Z,200.3984,docker_cpu_usage_pct,NFCORE_RANGELAND:RANGELAND:PREPROCESSING:FORCE_PREPROCESS (LT05_L1TP_180036_19911209_20200914_02_T1) (3713),NFCORE_RANGELAND:RANGELAND:PREPROCESSING:FORCE_PREPROCESS (LT05_L1TP_180036_19911209_20200914_02_T1) (3713),1065002,3713
,,0,2024-02-15T15:34:48.805062984Z,2024-03-16T15:34:48.805062984Z,2024-03-16T01:48:41.18261484Z,206.0057,docker_cpu_usage_pct,NFCORE_RANGELAND:RANGELAND:PREPROCESSING:FORCE_PREPROCESS (LT05_L1TP_180036_19911209_20200914_02_T1) (3713),NFCORE_RANGELAND:RANGELAND:PREPROCESSING:FORCE_PREPROCESS (LT05_L1TP_180036_19911209_20200914_02_T1) (3713),1065002,3713
,,0,2024-02-15T15:34:48.805062984Z,2024-03-16T15:34:48.805062984Z,2024-03-16T01:48:43.182136235Z,197.8293,docker_cpu_usage_pct,NFCORE_RANGELAND:RANGELAND:PREPROCESSING:FORCE_PREPROCESS (LT05_L1TP_180036_19911209_20200914_02_T1) (3713),NFCORE_RANGELAND:RANGELAND:PREPROCESSING:FORCE_PREPROCESS (LT05_L1TP_180036_19911209_20200914_02_T1) (3713),1065002,3713
,,0,2024-02-15T15:34:48.805062984Z,2024-03-16T15:34:48.805062984Z,2024-03-16T01:48:45.182650562Z,199.5243,docker_cpu_usage_pct,NFCORE_RANGELAND:RANGELAND:PREPROCESSING:FORCE_PREPROCESS (LT05_L1TP_180036_19911209_20200914_02_T1) (3713),NFCORE_RANGELAND:RANGELAND:PREPROCESSING:FORCE_PREPROCESS (LT05_L1TP_180036_19911209_20200914_02_T1) (3713),1065002,3713
,,0,2024-02-15T15:34:48.805062984Z,2024-03-16T15:34:48.805062984Z,2024-03-16T01:48:47.182906521Z,198.968,docker_cpu_usage_pct,NFCORE_RANGELAND:RANGELAND:PREPROCESSING:FORCE_PREPROCESS (LT05_L1TP_180036_19911209_20200914_02_T1) (3713),NFCORE_RANGELAND:RANGELAND:PREPROCESSING:FORCE_PREPROCESS (LT05_L1TP_180036_19911209_20200914_02_T1) (3713),1065002,3713
,,0,2024-02-15T15:34:48.805062984Z,2024-03-16T15:34:48.805062984Z,2024-03-16T01:48:49.182406755Z,199.7756,docker_cpu_usage_pct,NFCORE_RANGELAND:RANGELAND:PREPROCESSING:FORCE_PREPROCESS (LT05_L1TP_180036_19911209_20200914_02_T1) (3713),NFCORE_RANGELAND:RANGELAND:PREPROCESSING:FORCE_PREPROCESS (LT05_L1TP_180036_19911209_20200914_02_T1) (3713),1065002,3713
,,0,2024-02-15T15:34:48.805062984Z,2024-03-16T15:34:48.805062984Z,2024-03-16T01:48:51.182887022Z,204.6893,docker_cpu_usage_pct,NFCORE_RANGELAND:RANGELAND:PREPROCESSING:FORCE_PREPROCESS (LT05_L1TP_180036_19911209_20200914_02_T1) (3713),NFCORE_RANGELAND:RANGELAND:PREPROCESSING:FORCE_PREPROCESS (LT05_L1TP_180036_19911209_20200914_02_T1) (3713),1065002,3713
,,0,2024-02-15T15:34:48.805062984Z,2024-03-16T15:34:48.805062984Z,2024-03-16T01:48:54.18217646Z,200.411,docker_cpu_usage_pct,NFCORE_RANGELAND:RANGELAND:PREPROCESSING:FORCE_PREPROCESS (LT05_L1TP_180036_19911209_20200914_02_T1) (3713),NFCORE_RANGELAND:RANGELAND:PREPROCESSING:FORCE_PREPROCESS (LT05_L1TP_180036_19911209_20200914_02_T1) (3713),1065002,3713
,,0,2024-02-15T15:34:48.805062984Z,2024-03-16T15:34:48.805062984Z,2024-03-16T01:48:56.18273028Z,199.936,docker_cpu_usage_pct,NFCORE_RANGELAND:RANGELAND:PREPROCESSING:FORCE_PREPROCESS (LT05_L1TP_180036_19911209_20200914_02_T1) (3713),NFCORE_RANGELAND:RANGELAND:PREPROCESSING:FORCE_PREPROCESS (LT05_L1TP_180036_19911209_20200914_02_T1) (3713),1065002,3713
,,0,2024-02-15T15:34:48.805062984Z,2024-03-16T15:34:48.805062984Z,2024-03-16T01:48:58.182143232Z,200.0979,docker_cpu_usage_pct,NFCORE_RANGELAND:RANGELAND:PREPROCESSING:FORCE_PREPROCESS (LT05_L1TP_180036_19911209_20200914_02_T1) (3713),NFCORE_RANGELAND:RANGELAND:PREPROCESSING:FORCE_PREPROCESS (LT05_L1TP_180036_19911209_20200914_02_T1) (3713),1065002,3713
,,0,2024-02-15T15:34:48.805062984Z,2024-03-16T15:34:48.805062984Z,2024-03-16T01:49:00.182698482Z,199.1083,docker_cpu_usage_pct,NFCORE_RANGELAND:RANGELAND:PREPROCESSING:FORCE_PREPROCESS (LT05_L1TP_180036_19911209_20200914_02_T1) (3713),NFCORE_RANGELAND:RANGELAND:PREPROCESSING:FORCE_PREPROCESS (LT05_L1TP_180036_19911209_20200914_02_T1) (3713),1065002,3713
,,0,2024-02-15T15:34:48.805062984Z,2024-03-16T15:34:48.805062984Z,2024-03-16T01:49:02.182100103Z,205.0621,docker_cpu_usage_pct,NFCORE_RANGELAND:RANGELAND:PREPROCESSING:FORCE_PREPROCESS (LT05_L1TP_180036_19911209_20200914_02_T1) (3713),NFCORE_RANGELAND:RANGELAND:PREPROCESSING:FORCE_PREPROCESS (LT05_L1TP_180036_19911209_20200914_02_T1) (3713),1065002,3713
,,0,2024-02-15T15:34:48.805062984Z,2024-03-16T15:34:48.805062984Z,2024-03-16T01:49:04.18257367Z,199.7374,docker_cpu_usage_pct,NFCORE_RANGELAND:RANGELAND:PREPROCESSING:FORCE_PREPROCESS (LT05_L1TP_180036_19911209_20200914_02_T1) (3713),NFCORE_RANGELAND:RANGELAND:PREPROCESSING:FORCE_PREPROCESS (LT05_L1TP_180036_19911209_20200914_02_T1) (3713),1065002,3713
,,0,2024-02-15T15:34:48.805062984Z,2024-03-16T15:34:48.805062984Z,2024-03-16T01:49:06.18189658Z,199.4399,docker_cpu_usage_pct,NFCORE_RANGELAND:RANGELAND:PREPROCESSING:FORCE_PREPROCESS (LT05_L1TP_180036_19911209_20200914_02_T1) (3713),NFCORE_RANGELAND:RANGELAND:PREPROCESSING:FORCE_PREPROCESS (LT05_L1TP_180036_19911209_20200914_02_T1) (3713),1065002,3713
,,0,2024-02-15T15:34:48.805062984Z,2024-03-16T15:34:48.805062984Z,2024-03-16T01:49:08.182500042Z,199.1563,docker_cpu_usage_pct,NFCORE_RANGELAND:RANGELAND:PREPROCESSING:FORCE_PREPROCESS (LT05_L1TP_180036_19911209_20200914_02_T1) (3713),NFCORE_RANGELAND:RANGELAND:PREPROCESSING:FORCE_PREPROCESS (LT05_L1TP_180036_19911209_20200914_02_T1) (3713),1065002,3713
,,0,2024-02-15T15:34:48.805062984Z,2024-03-16T15:34:48.805062984Z,2024-03-16T01:49:10.18299269Z,200.1578,docker_cpu_usage_pct,NFCORE_RANGELAND:RANGELAND:PREPROCESSING:FORCE_PREPROCESS (LT05_L1TP_180036_19911209_20200914_02_T1) (3713),NFCORE_RANGELAND:RANGELAND:PREPROCESSING:FORCE_PREPROCESS (LT05_L1TP_180036_19911209_20200914_02_T1) (3713),1065002,3713
,,0,2024-02-15T15:34:48.805062984Z,2024-03-16T15:34:48.805062984Z,2024-03-16T01:49:12.182336831Z,205.8253,docker_cpu_usage_pct,NFCORE_RANGELAND:RANGELAND:PREPROCESSING:FORCE_PREPROCESS (LT05_L1TP_180036_19911209_20200914_02_T1) (3713),NFCORE_RANGELAND:RANGELAND:PREPROCESSING:FORCE_PREPROCESS (LT05_L1TP_180036_19911209_20200914_02_T1) (3713),1065002,3713
,,0,2024-02-15T15:34:48.805062984Z,2024-03-16T15:34:48.805062984Z,2024-03-16T01:49:14.182828249Z,133.6456,docker_cpu_usage_pct,NFCORE_RANGELAND:RANGELAND:PREPROCESSING:FORCE_PREPROCESS (LT05_L1TP_180036_19911209_20200914_02_T1) (3713),NFCORE_RANGELAND:RANGELAND:PREPROCESSING:FORCE_PREPROCESS (LT05_L1TP_180036_19911209_20200914_02_T1) (3713),1065002,3713
,,0,2024-02-15T15:34:48.805062984Z,2024-03-16T15:34:48.805062984Z,2024-03-16T01:49:16.18246769Z,199.6093,docker_cpu_usage_pct,NFCORE_RANGELAND:RANGELAND:PREPROCESSING:FORCE_PREPROCESS (LT05_L1TP_180036_19911209_20200914_02_T1) (3713),NFCORE_RANGELAND:RANGELAND:PREPROCESSING:FORCE_PREPROCESS (LT05_L1TP_180036_19911209_20200914_02_T1) (3713),1065002,3713
,,0,2024-02-15T15:34:48.805062984Z,2024-03-16T15:34:48.805062984Z,2024-03-16T01:49:18.183114184Z,200.1392,docker_cpu_usage_pct,NFCORE_RANGELAND:RANGELAND:PREPROCESSING:FORCE_PREPROCESS (LT05_L1TP_180036_19911209_20200914_02_T1) (3713),NFCORE_RANGELAND:RANGELAND:PREPROCESSING:FORCE_PREPROCESS (LT05_L1TP_180036_19911209_20200914_02_T1) (3713),1065002,3713
,,0,2024-02-15T15:34:48.805062984Z,2024-03-16T15:34:48.805062984Z,2024-03-16T01:49:20.182506566Z,200.1923,docker_cpu_usage_pct,NFCORE_RANGELAND:RANGELAND:PREPROCESSING:FORCE_PREPROCESS (LT05_L1TP_180036_19911209_20200914_02_T1) (3713),NFCORE_RANGELAND:RANGELAND:PREPROCESSING:FORCE_PREPROCESS (LT05_L1TP_180036_19911209_20200914_02_T1) (3713),1065002,3713
,,0,2024-02-15T15:34:48.805062984Z,2024-03-16T15:34:48.805062984Z,2024-03-16T01:49:22.182990295Z,206.1807,docker_cpu_usage_pct,NFCORE_RANGELAND:RANGELAND:PREPROCESSING:FORCE_PREPROCESS (LT05_L1TP_180036_19911209_20200914_02_T1) (3713),NFCORE_RANGELAND:RANGELAND:PREPROCESSING:FORCE_PREPROCESS (LT05_L1TP_180036_19911209_20200914_02_T1) (3713),1065002,3713
,,0,2024-02-15T15:34:48.805062984Z,2024-03-16T15:34:48.805062984Z,2024-03-16T01:49:24.182518362Z,200.3656,docker_cpu_usage_pct,NFCORE_RANGELAND:RANGELAND:PREPROCESSING:FORCE_PREPROCESS (LT05_L1TP_180036_19911209_20200914_02_T1) (3713),NFCORE_RANGELAND:RANGELAND:PREPROCESSING:FORCE_PREPROCESS (LT05_L1TP_180036_19911209_20200914_02_T1) (3713),1065002,3713
,,0,2024-02-15T15:34:48.805062984Z,2024-03-16T15:34:48.805062984Z,2024-03-16T01:49:26.183099915Z,200.3227,docker_cpu_usage_pct,NFCORE_RANGELAND:RANGELAND:PREPROCESSING:FORCE_PREPROCESS (LT05_L1TP_180036_19911209_20200914_02_T1) (3713),NFCORE_RANGELAND:RANGELAND:PREPROCESSING:FORCE_PREPROCESS (LT05_L1TP_180036_19911209_20200914_02_T1) (3713),1065002,3713
,,0,2024-02-15T15:34:48.805062984Z,2024-03-16T15:34:48.805062984Z,2024-03-16T01:49:28.182686234Z,197.7396,docker_cpu_usage_pct,NFCORE_RANGELAND:RANGELAND:PREPROCESSING:FORCE_PREPROCESS (LT05_L1TP_180036_19911209_20200914_02_T1) (3713),NFCORE_RANGELAND:RANGELAND:PREPROCESSING:FORCE_PREPROCESS (LT05_L1TP_180036_19911209_20200914_02_T1) (3713),1065002,3713
,,0,2024-02-15T15:34:48.805062984Z,2024-03-16T15:34:48.805062984Z,2024-03-16T01:49:30.182220862Z,200.8684,docker_cpu_usage_pct,NFCORE_RANGELAND:RANGELAND:PREPROCESSING:FORCE_PREPROCESS (LT05_L1TP_180036_19911209_20200914_02_T1) (3713),NFCORE_RANGELAND:RANGELAND:PREPROCESSING:FORCE_PREPROCESS (LT05_L1TP_180036_19911209_20200914_02_T1) (3713),1065002,3713
,,0,2024-02-15T15:34:48.805062984Z,2024-03-16T15:34:48.805062984Z,2024-03-16T01:49:32.182808625Z,205.5275,docker_cpu_usage_pct,NFCORE_RANGELAND:RANGELAND:PREPROCESSING:FORCE_PREPROCESS (LT05_L1TP_180036_19911209_20200914_02_T1) (3713),NFCORE_RANGELAND:RANGELAND:PREPROCESSING:FORCE_PREPROCESS (LT05_L1TP_180036_19911209_20200914_02_T1) (3713),1065002,3713
,,0,2024-02-15T15:34:48.805062984Z,2024-03-16T15:34:48.805062984Z,2024-03-16T01:49:34.18224458Z,200.1624,docker_cpu_usage_pct,NFCORE_RANGELAND:RANGELAND:PREPROCESSING:FORCE_PREPROCESS (LT05_L1TP_180036_19911209_20200914_02_T1) (3713),NFCORE_RANGELAND:RANGELAND:PREPROCESSING:FORCE_PREPROCESS (LT05_L1TP_180036_19911209_20200914_02_T1) (3713),1065002,3713
,,0,2024-02-15T15:34:48.805062984Z,2024-03-16T15:34:48.805062984Z,2024-03-16T01:49:36.182734679Z,200.202,docker_cpu_usage_pct,NFCORE_RANGELAND:RANGELAND:PREPROCESSING:FORCE_PREPROCESS (LT05_L1TP_180036_19911209_20200914_02_T1) (3713),NFCORE_RANGELAND:RANGELAND:PREPROCESSING:FORCE_PREPROCESS (LT05_L1TP_180036_19911209_20200914_02_T1) (3713),1065002,3713
,,0,2024-02-15T15:34:48.805062984Z,2024-03-16T15:34:48.805062984Z,2024-03-16T01:49:38.182482275Z,200.1868,docker_cpu_usage_pct,NFCORE_RANGELAND:RANGELAND:PREPROCESSING:FORCE_PREPROCESS (LT05_L1TP_180036_19911209_20200914_02_T1) (3713),NFCORE_RANGELAND:RANGELAND:PREPROCESSING:FORCE_PREPROCESS (LT05_L1TP_180036_19911209_20200914_02_T1) (3713),1065002,3713
,,0,2024-02-15T15:34:48.805062984Z,2024-03-16T15:34:48.805062984Z,2024-03-16T01:49:40.183058178Z,200.1494,docker_cpu_usage_pct,NFCORE_RANGELAND:RANGELAND:PREPROCESSING:FORCE_PREPROCESS (LT05_L1TP_180036_19911209_20200914_02_T1) (3713),NFCORE_RANGELAND:RANGELAND:PREPROCESSING:FORCE_PREPROCESS (LT05_L1TP_180036_19911209_20200914_02_T1) (3713),1065002,3713
,,0,2024-02-15T15:34:48.805062984Z,2024-03-16T15:34:48.805062984Z,2024-03-16T01:49:42.182676449Z,205.845,docker_cpu_usage_pct,NFCORE_RANGELAND:RANGELAND:PREPROCESSING:FORCE_PREPROCESS (LT05_L1TP_180036_19911209_20200914_02_T1) (3713),NFCORE_RANGELAND:RANGELAND:PREPROCESSING:FORCE_PREPROCESS (LT05_L1TP_180036_19911209_20200914_02_T1) (3713),1065002,3713
