#datatype,string,long,dateTime:RFC3339,dateTime:RFC3339,dateTime:RFC3339,double,string,string,string,string,string
#group,false,false,true,true,false,false,true,true,true,true,true
#default,_result,,,,,,,,,,
,result,table,_start,_stop,_time,_value,_field,_measurement,name,pid,tid
,,0,2024-02-14T11:32:11.841820662Z,2024-03-15T11:32:11.841820662Z,2024-03-15T00:25:10.895008735Z,104.9304,docker_cpu_usage_pct,NFCORE_RANGELAND:RANGELAND:PREPROCESSING:FORCE_PREPROCESS (LT05_L1TP_180036_19910819_20200915_02_T1) (3644),NFCORE_RANGELAND:RANGELAND:PREPROCESSING:FORCE_PREPROCESS (LT05_L1TP_180036_19910819_20200915_02_T1) (3644),1946445,3644
,,0,2024-02-14T11:32:11.841820662Z,2024-03-15T11:32:11.841820662Z,2024-03-15T00:25:12.894399849Z,105.9333,docker_cpu_usage_pct,NFCORE_RANGELAND:RANGELAND:PREPROCESSING:FORCE_PREPROCESS (LT05_L1TP_180036_19910819_20200915_02_T1) (3644),NFCORE_RANGELAND:RANGELAND:PREPROCESSING:FORCE_PREPROCESS (LT05_L1TP_180036_19910819_20200915_02_T1) (3644),1946445,3644
,,0,2024-02-14T11:32:11.841820662Z,2024-03-15T11:32:11.841820662Z,2024-03-15T00:25:14.894999242Z,106.0684,docker_cpu_usage_pct,NFCORE_RANGELAND:RANGELAND:PREPROCESSING:FORCE_PREPROCESS (LT05_L1TP_180036_19910819_20200915_02_T1) (3644),NFCORE_RANGELAND:RANGELAND:PREPROCESSING:FORCE_PREPROCESS (LT05_L1TP_180036_19910819_20200915_02_T1) (3644),1946445,3644
,,0,2024-02-14T11:32:11.841820662Z,2024-03-15T11:32:11.841820662Z,2024-03-15T00:25:16.894389115Z,105.0243,docker_cpu_usage_pct,NFCORE_RANGELAND:RANGELAND:PREPROCESSING:FORCE_PREPROCESS (LT05_L1TP_180036_19910819_20200915_02_T1) (3644),NFCORE_RANGELAND:RANGELAND:PREPROCESSING:FORCE_PREPROCESS (LT05_L1TP_180036_19910819_20200915_02_T1) (3644),1946445,3644
,,0,2024-02-14T11:32:11.841820662Z,2024-03-15T11:32:11.841820662Z,2024-03-15T00:25:18.894918036Z,203.3421,docker_cpu_usage_pct,NFCORE_RANGELAND:RANGELAND:PREPROCESSING:FORCE_PREPROCESS (LT05_L1TP_180036_19910819_20200915_02_T1) (3644),NFCORE_RANGELAND:RANGELAND:PREPROCESSING:FORCE_PREPROCESS (LT05_L1TP_180036_19910819_20200915_02_T1) (3644),1946445,3644
,,0,2024-02-14T11:32:11.841820662Z,2024-03-15T11:32:11.841820662Z,2024-03-15T00:25:20.894298798Z,202.4086,docker_cpu_usage_pct,NFCORE_RANGELAND:RANGELAND:PREPROCESSING:FORCE_PREPROCESS (LT05_L1TP_180036_19910819_20200915_02_T1) (3644),NFCORE_RANGELAND:RANGELAND:PREPROCESSING:FORCE_PREPROCESS (LT05_L1TP_180036_19910819_20200915_02_T1) (3644),1946445,3644
,,0,2024-02-14T11:32:11.841820662Z,2024-03-15T11:32:11.841820662Z,2024-03-15T00:25:22.894841809Z,199.9214,docker_cpu_usage_pct,NFCORE_RANGELAND:RANGELAND:PREPROCESSING:FORCE_PREPROCESS (LT05_L1TP_180036_19910819_20200915_02_T1) (3644),NFCORE_RANGELAND:RANGELAND:PREPROCESSING:FORCE_PREPROCESS (LT05_L1TP_180036_19910819_20200915_02_T1) (3644),1946445,3644
,,0,2024-02-14T11:32:11.841820662Z,2024-03-15T11:32:11.841820662Z,2024-03-15T00:25:25.894627772Z,204.8736,docker_cpu_usage_pct,NFCORE_RANGELAND:RANGELAND:PREPROCESSING:FORCE_PREPROCESS (LT05_L1TP_180036_19910819_20200915_02_T1) (3644),NFCORE_RANGELAND:RANGELAND:PREPROCESSING:FORCE_PREPROCESS (LT05_L1TP_180036_19910819_20200915_02_T1) (3644),1946445,3644
,,0,2024-02-14T11:32:11.841820662Z,2024-03-15T11:32:11.841820662Z,2024-03-15T00:25:27.895158663Z,200.3712,docker_cpu_usage_pct,NFCORE_RANGELAND:RANGELAND:PREPROCESSING:FORCE_PREPROCESS (LT05_L1TP_180036_19910819_20200915_02_T1) (3644),NFCORE_RANGELAND:RANGELAND:PREPROCESSING:FORCE_PREPROCESS (LT05_L1TP_180036_19910819_20200915_02_T1) (3644),1946445,3644
,,0,2024-02-14T11:32:11.841820662Z,2024-03-15T11:32:11.841820662Z,2024-03-15T00:25:29.894417061Z,199.73,docker_cpu_usage_pct,NFCORE_RANGELAND:RANGELAND:PREPROCESSING:FORCE_PREPROCESS (LT05_L1TP_180036_19910819_20200915_02_T1) (3644),NFCORE_RANGELAND:RANGELAND:PREPROCESSING:FORCE_PREPROCESS (LT05_L1TP_180036_19910819_20200915_02_T1) (3644),1946445,3644
,,0,2024-02-14T11:32:11.841820662Z,2024-03-15T11:32:11.841820662Z,2024-03-15T00:25:31.894921921Z,200.1914,docker_cpu_usage_pct,NFCORE_RANGELAND:RANGELAND:PREPROCESSING:FORCE_PREPROCESS (LT05_L1TP_180036_19910819_20200915_02_T1) (3644),NFCORE_RANGELAND:RANGELAND:PREPROCESSING:FORCE_PREPROCESS (LT05_L1TP_180036_19910819_20200915_02_T1) (3644),1946445,3644
,,0,2024-02-14T11:32:11.841820662Z,2024-03-15T11:32:11.841820662Z,2024-03-15T00:25:33.894565283Z,200.0741,docker_cpu_usage_pct,NFCORE_RANGELAND:RANGELAND:PREPROCESSING:FORCE_PREPROCESS (LT05_L1TP_180036_19910819_20200915_02_T1) (3644),NFCORE_RANGELAND:RANGELAND:PREPROCESSING:FORCE_PREPROCESS (LT05_L1TP_180036_19910819_20200915_02_T1) (3644),1946445,3644
,,0,2024-02-14T11:32:11.841820662Z,2024-03-15T11:32:11.841820662Z,2024-03-15T00:25:35.894936408Z,205.5101,docker_cpu_usage_pct,NFCORE_RANGELAND:RANGELAND:PREPROCESSING:FORCE_PREPROCESS (LT05_L1TP_180036_19910819_20200915_02_T1) (3644),NFCORE_RANGELAND:RANGELAND:PREPROCESSING:FORCE_PREPROCESS (LT05_L1TP_180036_19910819_20200915_02_T1) (3644),1946445,3644
,,0,2024-02-14T11:32:11.841820662Z,2024-03-15T11:32:11.841820662Z,2024-03-15T00:25:37.894413754Z,197.8433,docker_cpu_usage_pct,NFCORE_RANGELAND:RANGELAND:PREPROCESSING:FORCE_PREPROCESS (LT05_L1TP_180036_19910819_20200915_02_T1) (3644),NFCORE_RANGELAND:RANGELAND:PREPROCESSING:FORCE_PREPROCESS (LT05_L1TP_180036_19910819_20200915_02_T1) (3644),1946445,3644
,,0,2024-02-14T11:32:11.841820662Z,2024-03-15T11:32:11.841820662Z,2024-03-15T00:25:39.894949214Z,195.8857,docker_cpu_usage_pct,NFCORE_RANGELAND:RANGELAND:PREPROCESSING:FORCE_PREPROCESS (LT05_L1TP_180036_19910819_20200915_02_T1) (3644),NFCORE_RANGELAND:RANGELAND:PREPROCESSING:FORCE_PREPROCESS (LT05_L1TP_180036_19910819_20200915_02_T1) (3644),1946445,3644
,,0,2024-02-14T11:32:11.841820662Z,2024-03-15T11:32:11.841820662Z,2024-03-15T00:25:41.89442439Z,154.2644,docker_cpu_usage_pct,NFCORE_RANGELAND:RANGELAND:PREPROCESSING:FORCE_PREPROCESS (LT05_L1TP_180036_19910819_20200915_02_T1) (3644),NFCORE_RANGELAND:RANGELAND:PREPROCESSING:FORCE_PREPROCESS (LT05_L1TP_180036_19910819_20200915_02_T1) (3644),1946445,3644
,,0,2024-02-14T11:32:11.841820662Z,2024-03-15T11:32:11.841820662Z,2024-03-15T00:25:43.894842257Z,200.079,docker_cpu_usage_pct,NFCORE_RANGELAND:RANGELAND:PREPROCESSING:FORCE_PREPROCESS (LT05_L1TP_180036_19910819_20200915_02_T1) (3644),NFCORE_RANGELAND:RANGELAND:PREPROCESSING:FORCE_PREPROCESS (LT05_L1TP_180036_19910819_20200915_02_T1) (3644),1946445,3644
,,0,2024-02-14T11:32:11.841820662Z,2024-03-15T11:32:11.841820662Z,2024-03-15T00:25:45.894438396Z,201.227,docker_cpu_usage_pct,NFCORE_RANGELAND:RANGELAND:PREPROCESSING:FORCE_PREPROCESS (LT05_L1TP_180036_19910819_20200915_02_T1) (3644),NFCORE_RANGELAND:RANGELAND:PREPROCESSING:FORCE_PREPROCESS (LT05_L1TP_180036_19910819_20200915_02_T1) (3644),1946445,3644
,,0,2024-02-14T11:32:11.841820662Z,2024-03-15T11:32:11.841820662Z,2024-03-15T00:25:47.894848903Z,159.7904,docker_cpu_usage_pct,NFCORE_RANGELAND:RANGELAND:PREPROCESSING:FORCE_PREPROCESS (LT05_L1TP_180036_19910819_20200915_02_T1) (3644),NFCORE_RANGELAND:RANGELAND:PREPROCESSING:FORCE_PREPROCESS (LT05_L1TP_180036_19910819_20200915_02_T1) (3644),1946445,3644
,,0,2024-02-14T11:32:11.841820662Z,2024-03-15T11:32:11.841820662Z,2024-03-15T00:25:49.894387911Z,190.6992,docker_cpu_usage_pct,NFCORE_RANGELAND:RANGELAND:PREPROCESSING:FORCE_PREPROCESS (LT05_L1TP_180036_19910819_20200915_02_T1) (3644),NFCORE_RANGELAND:RANGELAND:PREPROCESSING:FORCE_PREPROCESS (LT05_L1TP_180036_19910819_20200915_02_T1) (3644),1946445,3644
,,0,2024-02-14T11:32:11.841820662Z,2024-03-15T11:32:11.841820662Z,2024-03-15T00:25:51.894871279Z,182.4184,docker_cpu_usage_pct,NFCORE_RANGELAND:RANGELAND:PREPROCESSING:FORCE_PREPROCESS (LT05_L1TP_180036_19910819_20200915_02_T1) (3644),NFCORE_RANGELAND:RANGELAND:PREPROCESSING:FORCE_PREPROCESS (LT05_L1TP_180036_19910819_20200915_02_T1) (3644),1946445,3644
,,0,2024-02-14T11:32:11.841820662Z,2024-03-15T11:32:11.841820662Z,2024-03-15T00:25:53.894560262Z,198.4655,docker_cpu_usage_pct,NFCORE_RANGELAND:RANGELAND:PREPROCESSING:FORCE_PREPROCESS (LT05_L1TP_180036_19910819_20200915_02_T1) (3644),NFCORE_RANGELAND:RANGELAND:PREPROCESSING:FORCE_PREPROCESS (LT05_L1TP_180036_19910819_20200915_02_T1) (3644),1946445,3644
,,0,2024-02-14T11:32:11.841820662Z,2024-03-15T11:32:11.841820662Z,2024-03-15T00:25:55.894874855Z,205.4731,docker_cpu_usage_pct,NFCORE_RANGELAND:RANGELAND:PREPROCESSING:FORCE_PREPROCESS (LT05_L1TP_180036_19910819_20200915_02_T1) (3644),NFCORE_RANGELAND:RANGELAND:PREPROCESSING:FORCE_PREPROCESS (LT05_L1TP_180036_19910819_20200915_02_T1) (3644),1946445,3644
,,0,2024-02-14T11:32:11.841820662Z,2024-03-15T11:32:11.841820662Z,2024-03-15T00:25:57.894565417Z,199.3621,docker_cpu_usage_pct,NFCORE_RANGELAND:RANGELAND:PREPROCESSING:FORCE_PREPROCESS (LT05_L1TP_180036_19910819_20200915_02_T1) (3644),NFCORE_RANGELAND:RANGELAND:PREPROCESSING:FORCE_PREPROCESS (LT05_L1TP_180036_19910819_20200915_02_T1) (3644),1946445,3644
,,0,2024-02-14T11:32:11.841820662Z,2024-03-15T11:32:11.841820662Z,2024-03-15T00:25:59.894875211Z,199.2844,docker_cpu_usage_pct,NFCORE_RANGELAND:RANGELAND:PREPROCESSING:FORCE_PREPROCESS (LT05_L1TP_180036_19910819_20200915_02_T1) (3644),NFCORE_RANGELAND:RANGELAND:PREPROCESSING:FORCE_PREPROCESS (LT05_L1TP_180036_19910819_20200915_02_T1) (3644),1946445,3644
,,0,2024-02-14T11:32:11.841820662Z,2024-03-15T11:32:11.841820662Z,2024-03-15T00:26:01.894511272Z,195.5212,docker_cpu_usage_pct,NFCORE_RANGELAND:RANGELAND:PREPROCESSING:FORCE_PREPROCESS (LT05_L1TP_180036_19910819_20200915_02_T1) (3644),NFCORE_RANGELAND:RANGELAND:PREPROCESSING:FORCE_PREPROCESS (LT05_L1TP_180036_19910819_20200915_02_T1) (3644),1946445,3644
,,0,2024-02-14T11:32:11.841820662Z,2024-03-15T11:32:11.841820662Z,2024-03-15T00:26:03.894819044Z,197.2773,docker_cpu_usage_pct,NFCORE_RANGELAND:RANGELAND:PREPROCESSING:FORCE_PREPROCESS (LT05_L1TP_180036_19910819_20200915_02_T1) (3644),NFCORE_RANGELAND:RANGELAND:PREPROCESSING:FORCE_PREPROCESS (LT05_L1TP_180036_19910819_20200915_02_T1) (3644),1946445,3644
,,0,2024-02-14T11:32:11.841820662Z,2024-03-15T11:32:11.841820662Z,2024-03-15T00:26:05.894413184Z,189.1451,docker_cpu_usage_pct,NFCORE_RANGELAND:RANGELAND:PREPROCESSING:FORCE_PREPROCESS (LT05_L1TP_180036_19910819_20200915_02_T1) (3644),NFCORE_RANGELAND:RANGELAND:PREPROCESSING:FORCE_PREPROCESS (LT05_L1TP_180036_19910819_20200915_02_T1) (3644),1946445,3644
,,0,2024-02-14T11:32:11.841820662Z,2024-03-15T11:32:11.841820662Z,2024-03-15T00:26:07.894929273Z,187.9387,docker_cpu_usage_pct,NFCORE_RANGELAND:RANGELAND:PREPROCESSING:FORCE_PREPROCESS (LT05_L1TP_180036_19910819_20200915_02_T1) (3644),NFCORE_RANGELAND:RANGELAND:PREPROCESSING:FORCE_PREPROCESS (LT05_L1TP_180036_19910819_20200915_02_T1) (3644),1946445,3644
,,0,2024-02-14T11:32:11.841820662Z,2024-03-15T11:32:11.841820662Z,2024-03-15T00:26:09.894559864Z,201.1191,docker_cpu_usage_pct,NFCORE_RANGELAND:RANGELAND:PREPROCESSING:FORCE_PREPROCESS (LT05_L1TP_180036_19910819_20200915_02_T1) (3644),NFCORE_RANGELAND:RANGELAND:PREPROCESSING:FORCE_PREPROCESS (LT05_L1TP_180036_19910819_20200915_02_T1) (3644),1946445,3644
,,0,2024-02-14T11:32:11.841820662Z,2024-03-15T11:32:11.841820662Z,2024-03-15T00:26:11.894091941Z,200.5602,docker_cpu_usage_pct,NFCORE_RANGELAND:RANGELAND:PREPROCESSING:FORCE_PREPROCESS (LT05_L1TP_180036_19910819_20200915_02_T1) (3644),NFCORE_RANGELAND:RANGELAND:PREPROCESSING:FORCE_PREPROCESS (LT05_L1TP_180036_19910819_20200915_02_T1) (3644),1946445,3644
,,0,2024-02-14T11:32:11.841820662Z,2024-03-15T11:32:11.841820662Z,2024-03-15T00:26:13.894627682Z,200.32,docker_cpu_usage_pct,NFCORE_RANGELAND:RANGELAND:PREPROCESSING:FORCE_PREPROCESS (LT05_L1TP_180036_19910819_20200915_02_T1) (3644),NFCORE_RANGELAND:RANGELAND:PREPROCESSING:FORCE_PREPROCESS (LT05_L1TP_180036_19910819_20200915_02_T1) (3644),1946445,3644
,,0,2024-02-14T11:32:11.841820662Z,2024-03-15T11:32:11.841820662Z,2024-03-15T00:26:15.894259852Z,199.8096,docker_cpu_usage_pct,NFCORE_RANGELAND:RANGELAND:PREPROCESSING:FORCE_PREPROCESS (LT05_L1TP_180036_19910819_20200915_02_T1) (3644),NFCORE_RANGELAND:RANGELAND:PREPROCESSING:FORCE_PREPROCESS (LT05_L1TP_180036_19910819_20200915_02_T1) (3644),1946445,3644
,,0,2024-02-14T11:32:11.841820662Z,2024-03-15T11:32:11.841820662Z,2024-03-15T00:26:17.894856944Z,198.9896,docker_cpu_usage_pct,NFCORE_RANGELAND:RANGELAND:PREPROCESSING:FORCE_PREPROCESS (LT05_L1TP_180036_19910819_20200915_02_T1) (3644),NFCORE_RANGELAND:RANGELAND:PREPROCESSING:FORCE_PREPROCESS (LT05_L1TP_180036_19910819_20200915_02_T1) (3644),1946445,3644
,,0,2024-02-14T11:32:11.841820662Z,2024-03-15T11:32:11.841820662Z,2024-03-15T00:26:19.894574378Z,195.1259,docker_cpu_usage_pct,NFCORE_RANGELAND:RANGELAND:PREPROCESSING:FORCE_PREPROCESS (LT05_L1TP_180036_19910819_20200915_02_T1) (3644),NFCORE_RANGELAND:RANGELAND:PREPROCESSING:FORCE_PREPROCESS (LT05_L1TP_180036_19910819_20200915_02_T1) (3644),1946445,3644
,,0,2024-02-14T11:32:11.841820662Z,2024-03-15T11:32:11.841820662Z,2024-03-15T00:26:21.895005074Z,155.3736,docker_cpu_usage_pct,NFCORE_RANGELAND:RANGELAND:PREPROCESSING:FORCE_PREPROCESS (LT05_L1TP_180036_19910819_20200915_02_T1) (3644),NFCORE_RANGELAND:RANGELAND:PREPROCESSING:FORCE_PREPROCESS (LT05_L1TP_180036_19910819_20200915_02_T1) (3644),1946445,3644
,,0,2024-02-14T11:32:11.841820662Z,2024-03-15T11:32:11.841820662Z,2024-03-15T00:26:23.894726277Z,128.7159,docker_cpu_usage_pct,NFCORE_RANGELAND:RANGELAND:PREPROCESSING:FORCE_PREPROCESS (LT05_L1TP_180036_19910819_20200915_02_T1) (3644),NFCORE_RANGELAND:RANGELAND:PREPROCESSING:FORCE_PREPROCESS (LT05_L1TP_180036_19910819_20200915_02_T1) (3644),1946445,3644
,,0,2024-02-14T11:32:11.841820662Z,2024-03-15T11:32:11.841820662Z,2024-03-15T00:26:25.894233214Z,204.8169,docker_cpu_usage_pct,NFCORE_RANGELAND:RANGELAND:PREPROCESSING:FORCE_PREPROCESS (LT05_L1TP_180036_19910819_20200915_02_T1) (3644),NFCORE_RANGELAND:RANGELAND:PREPROCESSING:FORCE_PREPROCESS (LT05_L1TP_180036_19910819_20200915_02_T1) (3644),1946445,3644
,,0,2024-02-14T11:32:11.841820662Z,2024-03-15T11:32:11.841820662Z,2024-03-15T00:26:27.894786194Z,200.2993,docker_cpu_usage_pct,NFCORE_RANGELAND:RANGELAND:PREPROCESSING:FORCE_PREPROCESS (LT05_L1TP_180036_19910819_20200915_02_T1) (3644),NFCORE_RANGELAND:RANGELAND:PREPROCESSING:FORCE_PREPROCESS (LT05_L1TP_180036_19910819_20200915_02_T1) (3644),1946445,3644
,,0,2024-02-14T11:32:11.841820662Z,2024-03-15T11:32:11.841820662Z,2024-03-15T00:26:29.894376993Z,200.1021,docker_cpu_usage_pct,NFCORE_RANGELAND:RANGELAND:PREPROCESSING:FORCE_PREPROCESS (LT05_L1TP_180036_19910819_20200915_02_T1) (3644),NFCORE_RANGELAND:RANGELAND:PREPROCESSING:FORCE_PREPROCESS (LT05_L1TP_180036_19910819_20200915_02_T1) (3644),1946445,3644
,,0,2024-02-14T11:32:11.841820662Z,2024-03-15T11:32:11.841820662Z,2024-03-15T00:26:31.894747128Z,199.0133,docker_cpu_usage_pct,NFCORE_RANGELAND:RANGELAND:PREPROCESSING:FORCE_PREPROCESS (LT05_L1TP_180036_19910819_20200915_02_T1) (3644),NFCORE_RANGELAND:RANGELAND:PREPROCESSING:FORCE_PREPROCESS (LT05_L1TP_180036_19910819_20200915_02_T1) (3644),1946445,3644
,,0,2024-02-14T11:32:11.841820662Z,2024-03-15T11:32:11.841820662Z,2024-03-15T00:26:33.894346467Z,199.6155,docker_cpu_usage_pct,NFCORE_RANGELAND:RANGELAND:PREPROCESSING:FORCE_PREPROCESS (LT05_L1TP_180036_19910819_20200915_02_T1) (3644),NFCORE_RANGELAND:RANGELAND:PREPROCESSING:FORCE_PREPROCESS (LT05_L1TP_180036_19910819_20200915_02_T1) (3644),1946445,3644
,,0,2024-02-14T11:32:11.841820662Z,2024-03-15T11:32:11.841820662Z,2024-03-15T00:26:35.894876577Z,205.2429,docker_cpu_usage_pct,NFCORE_RANGELAND:RANGELAND:PREPROCESSING:FORCE_PREPROCESS (LT05_L1TP_180036_19910819_20200915_02_T1) (3644),NFCORE_RANGELAND:RANGELAND:PREPROCESSING:FORCE_PREPROCESS (LT05_L1TP_180036_19910819_20200915_02_T1) (3644),1946445,3644
,,0,2024-02-14T11:32:11.841820662Z,2024-03-15T11:32:11.841820662Z,2024-03-15T00:26:37.894440625Z,199.4121,docker_cpu_usage_pct,NFCORE_RANGELAND:RANGELAND:PREPROCESSING:FORCE_PREPROCESS (LT05_L1TP_180036_19910819_20200915_02_T1) (3644),NFCORE_RANGELAND:RANGELAND:PREPROCESSING:FORCE_PREPROCESS (LT05_L1TP_180036_19910819_20200915_02_T1) (3644),1946445,3644
,,0,2024-02-14T11:32:11.841820662Z,2024-03-15T11:32:11.841820662Z,2024-03-15T00:26:39.898454149Z,200.3285,docker_cpu_usage_pct,NFCORE_RANGELAND:RANGELAND:PREPROCESSING:FORCE_PREPROCESS (LT05_L1TP_180036_19910819_20200915_02_T1) (3644),NFCORE_RANGELAND:RANGELAND:PREPROCESSING:FORCE_PREPROCESS (LT05_L1TP_180036_19910819_20200915_02_T1) (3644),1946445,3644
,,0,2024-02-14T11:32:11.841820662Z,2024-03-15T11:32:11.841820662Z,2024-03-15T00:26:41.894659017Z,200.1587,docker_cpu_usage_pct,NFCORE_RANGELAND:RANGELAND:PREPROCESSING:FORCE_PREPROCESS (LT05_L1TP_180036_19910819_20200915_02_T1) (3644),NFCORE_RANGELAND:RANGELAND:PREPROCESSING:FORCE_PREPROCESS (LT05_L1TP_180036_19910819_20200915_02_T1) (3644),1946445,3644
,,0,2024-02-14T11:32:11.841820662Z,2024-03-15T11:32:11.841820662Z,2024-03-15T00:26:43.894134351Z,200.2493,docker_cpu_usage_pct,NFCORE_RANGELAND:RANGELAND:PREPROCESSING:FORCE_PREPROCESS (LT05_L1TP_180036_19910819_20200915_02_T1) (3644),NFCORE_RANGELAND:RANGELAND:PREPROCESSING:FORCE_PREPROCESS (LT05_L1TP_180036_19910819_20200915_02_T1) (3644),1946445,3644
,,0,2024-02-14T11:32:11.841820662Z,2024-03-15T11:32:11.841820662Z,2024-03-15T00:26:45.894691402Z,206.0578,docker_cpu_usage_pct,NFCORE_RANGELAND:RANGELAND:PREPROCESSING:FORCE_PREPROCESS (LT05_L1TP_180036_19910819_20200915_02_T1) (3644),NFCORE_RANGELAND:RANGELAND:PREPROCESSING:FORCE_PREPROCESS (LT05_L1TP_180036_19910819_20200915_02_T1) (3644),1946445,3644
,,0,2024-02-14T11:32:11.841820662Z,2024-03-15T11:32:11.841820662Z,2024-03-15T00:26:47.89423614Z,200.1989,docker_cpu_usage_pct,NFCORE_RANGELAND:RANGELAND:PREPROCESSING:FORCE_PREPROCESS (LT05_L1TP_180036_19910819_20200915_02_T1) (3644),NFCORE_RANGELAND:RANGELAND:PREPROCESSING:FORCE_PREPROCESS (LT05_L1TP_180036_19910819_20200915_02_T1) (3644),1946445,3644
,,0,2024-02-14T11:32:11.841820662Z,2024-03-15T11:32:11.841820662Z,2024-03-15T00:26:49.894715278Z,200.3953,docker_cpu_usage_pct,NFCORE_RANGELAND:RANGELAND:PREPROCESSING:FORCE_PREPROCESS (LT05_L1TP_180036_19910819_20200915_02_T1) (3644),NFCORE_RANGELAND:RANGELAND:PREPROCESSING:FORCE_PREPROCESS (LT05_L1TP_180036_19910819_20200915_02_T1) (3644),1946445,3644
,,0,2024-02-14T11:32:11.841820662Z,2024-03-15T11:32:11.841820662Z,2024-03-15T00:26:51.894146861Z,200.1472,docker_cpu_usage_pct,NFCORE_RANGELAND:RANGELAND:PREPROCESSING:FORCE_PREPROCESS (LT05_L1TP_180036_19910819_20200915_02_T1) (3644),NFCORE_RANGELAND:RANGELAND:PREPROCESSING:FORCE_PREPROCESS (LT05_L1TP_180036_19910819_20200915_02_T1) (3644),1946445,3644
,,0,2024-02-14T11:32:11.841820662Z,2024-03-15T11:32:11.841820662Z,2024-03-15T00:26:54.894704148Z,199.522,docker_cpu_usage_pct,NFCORE_RANGELAND:RANGELAND:PREPROCESSING:FORCE_PREPROCESS (LT05_L1TP_180036_19910819_20200915_02_T1) (3644),NFCORE_RANGELAND:RANGELAND:PREPROCESSING:FORCE_PREPROCESS (LT05_L1TP_180036_19910819_20200915_02_T1) (3644),1946445,3644
,,0,2024-02-14T11:32:11.841820662Z,2024-03-15T11:32:11.841820662Z,2024-03-15T00:26:56.894143321Z,205.7138,docker_cpu_usage_pct,NFCORE_RANGELAND:RANGELAND:PREPROCESSING:FORCE_PREPROCESS (LT05_L1TP_180036_19910819_20200915_02_T1) (3644),NFCORE_RANGELAND:RANGELAND:PREPROCESSING:FORCE_PREPROCESS (LT05_L1TP_180036_19910819_20200915_02_T1) (3644),1946445,3644
,,0,2024-02-14T11:32:11.841820662Z,2024-03-15T11:32:11.841820662Z,2024-03-15T00:26:58.894710982Z,199.6146,docker_cpu_usage_pct,NFCORE_RANGELAND:RANGELAND:PREPROCESSING:FORCE_PREPROCESS (LT05_L1TP_180036_19910819_20200915_02_T1) (3644),NFCORE_RANGELAND:RANGELAND:PREPROCESSING:FORCE_PREPROCESS (LT05_L1TP_180036_19910819_20200915_02_T1) (3644),1946445,3644
,,0,2024-02-14T11:32:11.841820662Z,2024-03-15T11:32:11.841820662Z,2024-03-15T00:27:00.894119695Z,199.2091,docker_cpu_usage_pct,NFCORE_RANGELAND:RANGELAND:PREPROCESSING:FORCE_PREPROCESS (LT05_L1TP_180036_19910819_20200915_02_T1) (3644),NFCORE_RANGELAND:RANGELAND:PREPROCESSING:FORCE_PREPROCESS (LT05_L1TP_180036_19910819_20200915_02_T1) (3644),1946445,3644
,,0,2024-02-14T11:32:11.841820662Z,2024-03-15T11:32:11.841820662Z,2024-03-15T00:27:02.8948249Z,200.1838,docker_cpu_usage_pct,NFCORE_RANGELAND:RANGELAND:PREPROCESSING:FORCE_PREPROCESS (LT05_L1TP_180036_19910819_20200915_02_T1) (3644),NFCORE_RANGELAND:RANGELAND:PREPROCESSING:FORCE_PREPROCESS (LT05_L1TP_180036_19910819_20200915_02_T1) (3644),1946445,3644
,,0,2024-02-14T11:32:11.841820662Z,2024-03-15T11:32:11.841820662Z,2024-03-15T00:27:04.894407618Z,200.0608,docker_cpu_usage_pct,NFCORE_RANGELAND:RANGELAND:PREPROCESSING:FORCE_PREPROCESS (LT05_L1TP_180036_19910819_20200915_02_T1) (3644),NFCORE_RANGELAND:RANGELAND:PREPROCESSING:FORCE_PREPROCESS (LT05_L1TP_180036_19910819_20200915_02_T1) (3644),1946445,3644
,,0,2024-02-14T11:32:11.841820662Z,2024-03-15T11:32:11.841820662Z,2024-03-15T00:27:06.894899347Z,204.9565,docker_cpu_usage_pct,NFCORE_RANGELAND:RANGELAND:PREPROCESSING:FORCE_PREPROCESS (LT05_L1TP_180036_19910819_20200915_02_T1) (3644),NFCORE_RANGELAND:RANGELAND:PREPROCESSING:FORCE_PREPROCESS (LT05_L1TP_180036_19910819_20200915_02_T1) (3644),1946445,3644
,,0,2024-02-14T11:32:11.841820662Z,2024-03-15T11:32:11.841820662Z,2024-03-15T00:27:08.894467045Z,135.8324,docker_cpu_usage_pct,NFCORE_RANGELAND:RANGELAND:PREPROCESSING:FORCE_PREPROCESS (LT05_L1TP_180036_19910819_20200915_02_T1) (3644),NFCORE_RANGELAND:RANGELAND:PREPROCESSING:FORCE_PREPROCESS (LT05_L1TP_180036_19910819_20200915_02_T1) (3644),1946445,3644
,,0,2024-02-14T11:32:11.841820662Z,2024-03-15T11:32:11.841820662Z,2024-03-15T00:27:10.895026165Z,199.394,docker_cpu_usage_pct,NFCORE_RANGELAND:RANGELAND:PREPROCESSING:FORCE_PREPROCESS (LT05_L1TP_180036_19910819_20200915_02_T1) (3644),NFCORE_RANGELAND:RANGELAND:PREPROCESSING:FORCE_PREPROCESS (LT05_L1TP_180036_19910819_20200915_02_T1) (3644),1946445,3644
,,0,2024-02-14T11:32:11.841820662Z,2024-03-15T11:32:11.841820662Z,2024-03-15T00:27:12.894582262Z,200.1703,docker_cpu_usage_pct,NFCORE_RANGELAND:RANGELAND:PREPROCESSING:FORCE_PREPROCESS (LT05_L1TP_180036_19910819_20200915_02_T1) (3644),NFCORE_RANGELAND:RANGELAND:PREPROCESSING:FORCE_PREPROCESS (LT05_L1TP_180036_19910819_20200915_02_T1) (3644),1946445,3644
,,0,2024-02-14T11:32:11.841820662Z,2024-03-15T11:32:11.841820662Z,2024-03-15T00:27:14.895011129Z,200.3289,docker_cpu_usage_pct,NFCORE_RANGELAND:RANGELAND:PREPROCESSING:FORCE_PREPROCESS (LT05_L1TP_180036_19910819_20200915_02_T1) (3644),NFCORE_RANGELAND:RANGELAND:PREPROCESSING:FORCE_PREPROCESS (LT05_L1TP_180036_19910819_20200915_02_T1) (3644),1946445,3644
,,0,2024-02-14T11:32:11.841820662Z,2024-03-15T11:32:11.841820662Z,2024-03-15T00:27:16.894610657Z,205.8148,docker_cpu_usage_pct,NFCORE_RANGELAND:RANGELAND:PREPROCESSING:FORCE_PREPROCESS (LT05_L1TP_180036_19910819_20200915_02_T1) (3644),NFCORE_RANGELAND:RANGELAND:PREPROCESSING:FORCE_PREPROCESS (LT05_L1TP_180036_19910819_20200915_02_T1) (3644),1946445,3644
,,0,2024-02-14T11:32:11.841820662Z,2024-03-15T11:32:11.841820662Z,2024-03-15T00:27:18.894092292Z,200.6623,docker_cpu_usage_pct,NFCORE_RANGELAND:RANGELAND:PREPROCESSING:FORCE_PREPROCESS (LT05_L1TP_180036_19910819_20200915_02_T1) (3644),NFCORE_RANGELAND:RANGELAND:PREPROCESSING:FORCE_PREPROCESS (LT05_L1TP_180036_19910819_20200915_02_T1) (3644),1946445,3644
,,0,2024-02-14T11:32:11.841820662Z,2024-03-15T11:32:11.841820662Z,2024-03-15T00:27:20.894537539Z,200.4294,docker_cpu_usage_pct,NFCORE_RANGELAND:RANGELAND:PREPROCESSING:FORCE_PREPROCESS (LT05_L1TP_180036_19910819_20200915_02_T1) (3644),NFCORE_RANGELAND:RANGELAND:PREPROCESSING:FORCE_PREPROCESS (LT05_L1TP_180036_19910819_20200915_02_T1) (3644),1946445,3644
,,0,2024-02-14T11:32:11.841820662Z,2024-03-15T11:32:11.841820662Z,2024-03-15T00:27:22.894101556Z,200.1269,docker_cpu_usage_pct,NFCORE_RANGELAND:RANGELAND:PREPROCESSING:FORCE_PREPROCESS (LT05_L1TP_180036_19910819_20200915_02_T1) (3644),NFCORE_RANGELAND:RANGELAND:PREPROCESSING:FORCE_PREPROCESS (LT05_L1TP_180036_19910819_20200915_02_T1) (3644),1946445,3644
,,0,2024-02-14T11:32:11.841820662Z,2024-03-15T11:32:11.841820662Z,2024-03-15T00:27:24.894661717Z,200.2725,docker_cpu_usage_pct,NFCORE_RANGELAND:RANGELAND:PREPROCESSING:FORCE_PREPROCESS (LT05_L1TP_180036_19910819_20200915_02_T1) (3644),NFCORE_RANGELAND:RANGELAND:PREPROCESSING:FORCE_PREPROCESS (LT05_L1TP_180036_19910819_20200915_02_T1) (3644),1946445,3644
,,0,2024-02-14T11:32:11.841820662Z,2024-03-15T11:32:11.841820662Z,2024-03-15T00:27:26.894274026Z,205.8616,docker_cpu_usage_pct,NFCORE_RANGELAND:RANGELAND:PREPROCESSING:FORCE_PREPROCESS (LT05_L1TP_180036_19910819_20200915_02_T1) (3644),NFCORE_RANGELAND:RANGELAND:PREPROCESSING:FORCE_PREPROCESS (LT05_L1TP_180036_19910819_20200915_02_T1) (3644),1946445,3644
,,0,2024-02-14T11:32:11.841820662Z,2024-03-15T11:32:11.841820662Z,2024-03-15T00:27:28.894734273Z,200.2653,docker_cpu_usage_pct,NFCORE_RANGELAND:RANGELAND:PREPROCESSING:FORCE_PREPROCESS (LT05_L1TP_180036_19910819_20200915_02_T1) (3644),NFCORE_RANGELAND:RANGELAND:PREPROCESSING:FORCE_PREPROCESS (LT05_L1TP_180036_19910819_20200915_02_T1) (3644),1946445,3644
,,0,2024-02-14T11:32:11.841820662Z,2024-03-15T11:32:11.841820662Z,2024-03-15T00:27:30.894138365Z,199.878,docker_cpu_usage_pct,NFCORE_RANGELAND:RANGELAND:PREPROCESSING:FORCE_PREPROCESS (LT05_L1TP_180036_19910819_20200915_02_T1) (3644),NFCORE_RANGELAND:RANGELAND:PREPROCESSING:FORCE_PREPROCESS (LT05_L1TP_180036_19910819_20200915_02_T1) (3644),1946445,3644
,,0,2024-02-14T11:32:11.841820662Z,2024-03-15T11:32:11.841820662Z,2024-03-15T00:27:32.894659044Z,198.4343,docker_cpu_usage_pct,NFCORE_RANGELAND:RANGELAND:PREPROCESSING:FORCE_PREPROCESS (LT05_L1TP_180036_19910819_20200915_02_T1) (3644),NFCORE_RANGELAND:RANGELAND:PREPROCESSING:FORCE_PREPROCESS (LT05_L1TP_180036_19910819_20200915_02_T1) (3644),1946445,3644
,,0,2024-02-14T11:32:11.841820662Z,2024-03-15T11:32:11.841820662Z,2024-03-15T00:27:34.893828619Z,200.2521,docker_cpu_usage_pct,NFCORE_RANGELAND:RANGELAND:PREPROCESSING:FORCE_PREPROCESS (LT05_L1TP_180036_19910819_20200915_02_T1) (3644),NFCORE_RANGELAND:RANGELAND:PREPROCESSING:FORCE_PREPROCESS (LT05_L1TP_180036_19910819_20200915_02_T1) (3644),1946445,3644
,,0,2024-02-14T11:32:11.841820662Z,2024-03-15T11:32:11.841820662Z,2024-03-15T00:27:36.894328337Z,204.8482,docker_cpu_usage_pct,NFCORE_RANGELAND:RANGELAND:PREPROCESSING:FORCE_PREPROCESS (LT05_L1TP_180036_19910819_20200915_02_T1) (3644),NFCORE_RANGELAND:RANGELAND:PREPROCESSING:FORCE_PREPROCESS (LT05_L1TP_180036_19910819_20200915_02_T1) (3644),1946445,3644
,,0,2024-02-14T11:32:11.841820662Z,2024-03-15T11:32:11.841820662Z,2024-03-15T00:27:38.894777143Z,199.5601,docker_cpu_usage_pct,NFCORE_RANGELAND:RANGELAND:PREPROCESSING:FORCE_PREPROCESS (LT05_L1TP_180036_19910819_20200915_02_T1) (3644),NFCORE_RANGELAND:RANGELAND:PREPROCESSING:FORCE_PREPROCESS (LT05_L1TP_180036_19910819_20200915_02_T1) (3644),1946445,3644
,,0,2024-02-14T11:32:11.841820662Z,2024-03-15T11:32:11.841820662Z,2024-03-15T00:27:40.894403453Z,200.4231,docker_cpu_usage_pct,NFCORE_RANGELAND:RANGELAND:PREPROCESSING:FORCE_PREPROCESS (LT05_L1TP_180036_19910819_20200915_02_T1) (3644),NFCORE_RANGELAND:RANGELAND:PREPROCESSING:FORCE_PREPROCESS (LT05_L1TP_180036_19910819_20200915_02_T1) (3644),1946445,3644
